0 0.2375 0.065625 0.065625 0.0453125
0 0.18125 0.15234375 0.02421875 0.034375
0 0.7328125 0.1234375 0.03125 0.03125
0 0.12265625 0.22265625 0.02734375 0.04140625
0 0.52265625 0.2640625 0.03125 0.03984375
0 0.96484375 0.4125 0.05 0.0640625
0 0.4546875 0.18359375 0.028125 0.02578125
0 0.58125 0.06640625 0.0171875 0.02421875
0 0.4796875 0.44453125 0.0296875 0.028125
0 0.79453125 0.425 0.0328125 0.0453125
0 0.6609375 0.240625 0.01875 0.02421875
0 0.2953125 0.16796875 0.028125 0.01953125
0 0.61796875 0.11328125 0.01953125 0.02265625
0 0.5328125 0.09296875 0.03125 0.0328125
0 0.48828125 0.5546875 0.03984375 0.04140625
0 0.81875 0.2640625 0.02109375 0.03125
0 0.0109375 0.15390625 0.021875 0.0234375
0 0.78359375 0.52421875 0.0328125 0.034375
0 0.8828125 0.13203125 0.02734375 0.028125
0 0.87890625 0.0390625 0.02421875 0.0328125
0 0.73203125 0.16015625 0.04375 0.02265625
0 0.40703125 0.246875 0.0296875 0.02265625