0 0.4390625 0.453125 0.07421875 0.07109375
0 0.49140625 0.26015625 0.09375 0.08203125
0 0.6984375 0.0734375 0.0609375 0.05859375
0 0.65625 0.615625 0.1078125 0.11484375
0 0.34921875 0.55 0.03125 0.04296875
0 0.62890625 0.875 0.03125 0.04296875
0 0.93828125 0.7265625 0.0328125 0.0609375
0 0.88671875 0.57109375 0.04375 0.05390625
0 0.7890625 0.33046875 0.078125 0.08359375
0 0.56875 0.3671875 0.08125 0.08125
0 0.584375 0.43984375 0.0640625 0.06640625
0 0.73046875 0.21640625 0.08359375 0.08671875
0 0.8046875 0.41484375 0.05234375 0.05703125
0 0.9 0.228125 0.05859375 0.06953125
0 0.33359375 0.440625 0.065625 0.05703125
1 0.75234375 0.92578125 0.05234375 0.0765625
0 0.1421875 0.24140625 0.0796875 0.07421875
1 0.865625 0.909375 0.05234375 0.05390625
1 0.80390625 0.909375 0.04296875 0.059375
0 0.33125 0.2296875 0.08828125 0.075
0 0.40390625 0.2328125 0.07265625 0.07421875
0 0.25078125 0.0875 0.0640625 0.0640625
0 0.07734375 0.06640625 0.05 0.07265625
0 0.578125 0.509375 0.03125 0.03828125