0 0.603125 0.04375 0.05703125 0.0484375
0 0.73046875 0.3625 0.06015625 0.0609375
0 0.7828125 0.29140625 0.03359375 0.03671875
0 0.7984375 0.3421875 0.0234375 0.02578125
0 0.834375 0.05078125 0.05078125 0.046875
0 0.8734375 0.1234375 0.03515625 0.03515625
0 0.4140625 0.021875 0.02890625 0.02109375
0 0.93359375 0.59296875 0.0234375 0.021875
0 0.953125 0.74609375 0.0234375 0.03671875
0 0.9453125 0.78203125 0.01796875 0.025
1 0.7078125 0.0984375 0.115625 0.14453125
1 0.86171875 0.290625 0.04140625 0.08984375
1 0.81484375 0.49140625 0.1640625 0.240625
1 0.90625 0.8921875 0.07578125 0.2015625
1 0.94921875 0.53515625 0.0625 0.0625
0 0.84609375 0.19609375 0.01796875 0.025
0 0.865625 0.2015625 0.015625 0.02734375
0 0.8265625 0.23515625 0.0140625 0.0171875
1 0.55078125 0.10625 0.1640625 0.06640625
1 0.728125 0.18671875 0.02734375 0.01953125
1 0.69765625 0.28828125 0.02578125 0.040625
1 0.7140625 0.44296875 0.040625 0.07578125
1 0.67734375 0.3578125 0.01796875 0.01796875
1 0.97578125 0.8984375 0.0484375 0.09140625
1 0.984375 0.778125 0.03125 0.075
0 0.97421875 0.834375 0.01796875 0.01953125