0 0.63671875 0.32265625 0.03671875 0.03984375
0 0.58515625 0.38359375 0.03671875 0.03125
0 0.91640625 0.1609375 0.03671875 0.03828125
0 0.978125 0.07421875 0.04375 0.0484375
0 0.7375 0.0703125 0.02578125 0.02421875
0 0.72578125 0.040625 0.02265625 0.02421875
0 0.64375 0.18359375 0.05390625 0.05546875
0 0.371875 0.1109375 0.0484375 0.05390625
0 0.09921875 0.7609375 0.03671875 0.05234375
0 0.63828125 0.7390625 0.05 0.05234375
0 0.790625 0.6390625 0.06953125 0.05078125
0 0.80234375 0.90078125 0.05703125 0.0453125
0 0.62265625 0.9234375 0.02421875 0.02578125
0 0.53359375 0.44375 0.02421875 0.02734375
0 0.48203125 0.29140625 0.0296875 0.034375
0 0.43359375 0.2765625 0.0171875 0.03515625
0 0.44921875 0.209375 0.01953125 0.02109375
0 0.88046875 0.340625 0.02578125 0.03984375
0 0.015625 0.68984375 0.03125 0.0640625
0 0.61328125 0.23515625 0.02578125 0.0296875
0 0.575 0.19375 0.028125 0.0328125
0 0.7359375 0.72578125 0.034375 0.02578125
0 0.36171875 0.8875 0.0609375 0.059375
0 0.24921875 0.55546875 0.05 0.0625
0 0.22265625 0.46171875 0.0953125 0.09375