0 0.43984375 0.5515625 0.078125 0.07421875
0 0.5625 0.61875 0.07265625 0.08828125
0 0.61953125 0.58671875 0.0390625 0.0375
0 0.69375 0.5140625 0.06015625 0.04921875
0 0.55625 0.73671875 0.06484375 0.07578125
0 0.70078125 0.71484375 0.0390625 0.03671875
0 0.65 0.7796875 0.06640625 0.0640625
0 0.56484375 0.775 0.04453125 0.0390625
0 0.6109375 0.71796875 0.040625 0.03515625
0 0.52578125 0.5 0.02890625 0.03125
0 0.5375 0.44375 0.0375 0.04296875
0 0.459375 0.40078125 0.04140625 0.04453125
0 0.3484375 0.35546875 0.04296875 0.0390625
0 0.3484375 0.228125 0.0609375 0.0640625
0 0.25546875 0.1390625 0.05703125 0.06640625
0 0.3125 0.134375 0.046875 0.0453125
0 0.45078125 0.071875 0.0625 0.05625
1 0.45703125 0.06640625 0.01796875 0.01015625
0 0.44140625 0.2484375 0.03125 0.02890625
0 0.52109375 0.215625 0.03671875 0.0296875
0 0.5390625 0.36875 0.03125 0.0328125
0 0.678125 0.92421875 0.0390625 0.02890625
0 0.6578125 0.85859375 0.02734375 0.040625
0 0.753125 0.896875 0.03515625 0.03125
0 0.63359375 0.36328125 0.0609375 0.05703125
0 0.675 0.59140625 0.025 0.03125
0 0.72734375 0.671875 0.06640625 0.05703125
1 0.73046875 0.67421875 0.01328125 0.015625
1 0.709375 0.67734375 0.0140625 0.01328125
0 0.8125 0.8546875 0.03359375 0.025
0 0.44921875 0.16796875 0.05234375 0.046875
0 0.746875 0.97578125 0.071875 0.0484375
0 0.875 0.9265625 0.03359375 0.0375
0 0.85703125 0.8046875 0.06015625 0.06484375
0 0.7890625 0.765625 0.02890625 0.03125
0 0.81015625 0.7546875 0.03671875 0.05078125
0 0.846875 0.66484375 0.021875 0.040625
0 0.88125 0.68359375 0.02890625 0.03125
0 0.94609375 0.690625 0.0328125 0.03515625
0 0.79296875 0.4109375 0.03359375 0.0453125
0 0.66484375 0.3078125 0.0640625 0.0609375
0 0.60234375 0.3015625 0.0171875 0.025
0 0.73515625 0.24765625 0.0484375 0.05234375
1 0.7296875 0.24609375 0.0171875 0.0234375