0 0.7703125 0.72265625 0.0921875 0.08671875
0 0.678125 0.721875 0.08359375 0.10234375
0 0.58046875 0.75390625 0.0921875 0.0765625
0 0.8875 0.846875 0.034375 0.0453125
0 0.80703125 0.840625 0.028125 0.02578125
0 0.89453125 0.7453125 0.03515625 0.03828125
0 0.846875 0.76875 0.028125 0.03671875
0 0.79375 0.91640625 0.06796875 0.05390625
0 0.81796875 0.8140625 0.0453125 0.02265625
0 0.48046875 0.8203125 0.0796875 0.0609375
0 0.28359375 0.89453125 0.06953125 0.046875
0 0.0515625 0.90234375 0.05859375 0.05546875
0 0.975 0.67109375 0.0328125 0.03515625
1 0.9578125 0.765625 0.01875 0.028125
1 0.66796875 0.89296875 0.02578125 0.03828125
1 0.1171875 0.96171875 0.03515625 0.03125
1 0.95390625 0.91015625 0.0609375 0.03515625