0 0.3515625 0.07265625 0.04140625 0.03125
0 0.31640625 0.21953125 0.05546875 0.04375
0 0.2140625 0.24453125 0.04375 0.034375
0 0.10859375 0.190625 0.05 0.03984375
0 0.12109375 0.34765625 0.03515625 0.0328125
0 0.11640625 0.2734375 0.03671875 0.046875
0 0.26640625 0.46953125 0.0609375 0.05859375
0 0.4234375 0.65859375 0.03671875 0.0296875
0 0.525 0.6078125 0.04140625 0.03125
0 0.7921875 0.90703125 0.03515625 0.04375
0 0.59296875 0.94921875 0.0640625 0.03828125
0 0.35390625 0.9265625 0.06796875 0.05546875
0 0.309375 0.28515625 0.03125 0.03671875
0 0.42109375 0.26015625 0.04375 0.03125
0 0.68359375 0.77734375 0.03125 0.028125
0 0.565625 0.80546875 0.0484375 0.03125
0 0.6984375 0.959375 0.02421875 0.02421875
0 0.2125 0.36171875 0.02421875 0.03515625
0 0.12734375 0.39375 0.04140625 0.03125
0 0.08203125 0.41328125 0.034375 0.02578125
0 0.18671875 0.18203125 0.03515625 0.04296875
0 0.1671875 0.12890625 0.046875 0.03125
0 0.103125 0.1328125 0.05 0.03515625
0 0.32578125 0.62578125 0.0640625 0.05234375
0 0.4984375 0.703125 0.07421875 0.059375
0 0.35703125 0.33125 0.0328125 0.03984375
0 0.3671875 0.16015625 0.03515625 0.0328125
0 0.28984375 0.1625 0.0453125 0.03515625
0 0.23046875 0.20546875 0.02109375 0.046875
0 0.26484375 0.20859375 0.03828125 0.03671875
0 0.21484375 0.10234375 0.03671875 0.028125
0 0.4875 0.86640625 0.03125 0.028125
0 0.446875 0.81640625 0.0296875 0.03515625
0 0.575 0.85859375 0.01953125 0.02421875
0 0.140625 0.553125 0.05078125 0.06640625
0 0.584375 0.55078125 0.05234375 0.03515625
0 0.19375 0.29375 0.03515625 0.02578125
0 0.2390625 0.58359375 0.03828125 0.05390625
0 0.31640625 0.55625 0.03515625 0.03515625
0 0.6203125 0.88515625 0.02109375 0.03125
0 0.6796875 0.8421875 0.02734375 0.02265625
1 0.37734375 0.59453125 0.02734375 0.0296875
1 0.49609375 0.57421875 0.0328125 0.04375
1 0.2890625 0.36796875 0.04375 0.03671875
1 0.41875 0.7546875 0.028125 0.02421875
1 0.61328125 0.73359375 0.02109375 0.02421875
1 0.5828125 0.7375 0.02734375 0.02265625
1 0.54765625 0.71015625 0.03515625 0.05703125
1 0.684375 0.70703125 0.03671875 0.0296875
1 0.6421875 0.7265625 0.028125 0.04140625
1 0.65625 0.646875 0.03671875 0.05546875
1 0.58671875 0.64765625 0.03125 0.034375