0 0.20390625 0.85859375 0.16875 0.19765625
0 0.53984375 0.828125 0.05390625 0.05703125
0 0.8921875 0.72421875 0.05390625 0.04296875
0 0.41328125 0.95 0.065625 0.05390625
0 0.03125 0.40703125 0.0625 0.0921875
0 0.36328125 0.45078125 0.0296875 0.03828125
0 0.61328125 0.47265625 0.04375 0.0453125
0 0.81015625 0.11328125 0.02734375 0.03515625
0 0.6734375 0.22578125 0.028125 0.03125
0 0.79375 0.25859375 0.028125 0.028125
1 0.525 0.23515625 0.0328125 0.05234375
1 0.5484375 0.1265625 0.03984375 0.07421875
1 0.3671875 0.2765625 0.05 0.05859375
1 0.86328125 0.60546875 0.03515625 0.07421875
1 0.259375 0.62890625 0.04375 0.05
1 0.0875 0.21796875 0.06953125 0.046875
1 0.23671875 0.12265625 0.04140625 0.05
1 0.2796875 0.25390625 0.028125 0.12109375
1 0.3515625 0.66796875 0.05859375 0.04375
1 0.671875 0.309375 0.04296875 0.04296875
1 0.72265625 0.38203125 0.04375 0.04296875
1 0.5953125 0.19453125 0.04296875 0.034375
1 0.57421875 0.23984375 0.046875 0.059375
0 0.8140625 0.93515625 0.03671875 0.03515625
1 0.77265625 0.80859375 0.03671875 0.04375
0 0.91953125 0.90234375 0.05 0.03828125
0 0.54140625 0.36328125 0.065625 0.065625
0 0.1890625 0.66484375 0.02265625 0.02265625
1 0.33828125 0.3234375 0.02578125 0.03515625
1 0.359375 0.89453125 0.028125 0.03125
1 0.559375 0.89453125 0.04296875 0.04375
1 0.71875 0.4828125 0.06796875 0.07109375
0 0.6640625 0.26015625 0.015625 0.0171875
0 0.17265625 0.26171875 0.02421875 0.034375
0 0.7515625 0.6703125 0.02265625 0.03125
0 0.1421875 0.20625 0.034375 0.05078125