0 0.14375 0.87109375 0.034375 0.03125
0 0.20234375 0.809375 0.02890625 0.03125
0 0.13671875 0.728125 0.028125 0.03203125
0 0.16875 0.715625 0.03046875 0.03671875
0 0.13125 0.4 0.02421875 0.02734375
0 0.4140625 0.87265625 0.03671875 0.03359375
0 0.07734375 0.415625 0.03359375 0.03984375
0 0.1015625 0.38359375 0.034375 0.0375
0 0.3375 0.9390625 0.028125 0.0265625
0 0.37578125 0.64921875 0.03203125 0.03203125
0 0.1140625 0.44609375 0.021875 0.02421875
0 0.140625 0.27578125 0.02890625 0.0328125
0 0.0625 0.37578125 0.03125 0.03515625
0 0.7109375 0.76875 0.034375 0.03515625
0 0.53203125 0.87265625 0.021875 0.02109375
0 0.36171875 0.7125 0.02578125 0.02578125
0 0.3046875 0.89609375 0.03359375 0.0328125
0 0.05546875 0.340625 0.02265625 0.028125
0 0.61796875 0.9453125 0.02265625 0.0203125
0 0.3328125 0.753125 0.03359375 0.03515625
0 0.45625 0.9703125 0.02734375 0.0265625
0 0.14765625 0.565625 0.02890625 0.03359375
0 0.59453125 0.87734375 0.0328125 0.03359375
0 0.02890625 0.48203125 0.0421875 0.053125
0 0.465625 0.690625 0.03515625 0.03359375
0 0.69921875 0.815625 0.0296875 0.028125
0 0.09140625 0.4453125 0.0203125 0.02265625
0 0.05390625 0.8609375 0.0546875 0.0578125
0 0.565625 0.796875 0.02734375 0.028125
0 0.790625 0.6921875 0.0390625 0.0390625
0 0.2875 0.959375 0.0203125 0.01875
0 0.684375 0.68984375 0.025 0.025
0 0.090625 0.546875 0.034375 0.040625
0 0.5328125 0.696875 0.02265625 0.0234375
0 0.2359375 0.271875 0.02734375 0.028125
0 0.27421875 0.7390625 0.02734375 0.02734375
0 0.34375 0.4296875 0.02734375 0.0265625
0 0.73359375 0.70234375 0.0328125 0.03203125
0 0.253125 0.7046875 0.025 0.0265625
0 0.72421875 0.975 0.05703125 0.040625
0 0.5671875 0.93671875 0.034375 0.028125
0 0.36484375 0.61796875 0.034375 0.0375
0 0.0109375 0.40078125 0.02109375 0.03515625
0 0.41171875 0.9203125 0.02109375 0.01796875
0 0.21796875 0.37265625 0.02109375 0.0234375
0 0.1421875 0.975 0.03984375 0.03671875
0 0.7984375 0.80390625 0.028125 0.02734375
0 0.27890625 0.20390625 0.040625 0.0390625
0 0.28203125 0.47421875 0.021875 0.02265625
0 0.3546875 0.44296875 0.02265625 0.021875
0 0.04765625 0.58984375 0.04453125 0.05703125
0 0.63125 0.846875 0.02421875 0.02265625
0 0.15390625 0.2390625 0.03515625 0.0390625
0 0.34375 0.1265625 0.0375 0.03359375
0 0.43203125 0.9140625 0.02265625 0.01953125
0 0.096875 0.228125 0.03359375 0.0421875
0 0.17421875 0.1953125 0.02734375 0.0265625
0 0.84296875 0.790625 0.0375 0.03671875
0 0.6140625 0.55390625 0.03828125 0.03984375
0 0.8109375 0.7140625 0.0359375 0.034375
0 0.375 0.175 0.03125 0.028125
0 0.5328125 0.49375 0.0421875 0.0421875
0 0.190625 0.94609375 0.02421875 0.02109375
0 0.421875 0.5609375 0.040625 0.03984375
0 0.271875 0.5265625 0.034375 0.0359375
0 0.17265625 0.55 0.02421875 0.02734375
0 0.875 0.82421875 0.025 0.02421875
0 0.67109375 0.63515625 0.0203125 0.0203125
0 0.5453125 0.640625 0.03359375 0.03203125
0 0.9109375 0.53046875 0.03828125 0.040625
0 0.36796875 0.2453125 0.0328125 0.03203125
0 0.7796875 0.6390625 0.04921875 0.0484375
0 0.409375 0.46640625 0.0375 0.0390625
0 0.76015625 0.9671875 0.053125 0.04140625
0 0.5828125 0.2984375 0.0328125 0.03046875
0 0.475 0.0421875 0.03515625 0.0296875
0 0.78046875 0.509375 0.02578125 0.025
0 0.83515625 0.3125 0.02734375 0.0265625
0 0.40546875 0.41171875 0.025 0.02578125
0 0.334375 0.0703125 0.05078125 0.04765625
0 0.53203125 0.984375 0.02421875 0.021875
0 0.4515625 0.19921875 0.040625 0.0375
0 0.15859375 0.10546875 0.03984375 0.0390625
0 0.765625 0.8546875 0.02109375 0.01953125
0 0.2640625 0.44453125 0.0171875 0.01796875
0 0.33671875 0.2296875 0.0296875 0.03125
0 0.6640625 0.46328125 0.0203125 0.0203125
0 0.6328125 0.24921875 0.0234375 0.02265625
0 0.33984375 0.38125 0.04453125 0.04453125
0 0.51484375 0.5484375 0.01953125 0.0203125
0 0.7265625 0.371875 0.01953125 0.0203125
0 0.259375 0.97734375 0.0265625 0.03203125
0 0.253125 0.1203125 0.0375 0.0328125
0 0.57578125 0.55546875 0.0171875 0.01640625
0 0.915625 0.375 0.040625 0.04453125
0 0.49296875 0.7140625 0.01796875 0.01796875
0 0.09453125 0.68671875 0.03125 0.03984375
0 0.353125 0.80703125 0.025 0.0265625
0 0.028125 0.803125 0.05546875 0.07421875
0 0.459375 0.4578125 0.03828125 0.03828125
0 0.35 0.02890625 0.0328125 0.025
0 0.1921875 0.39375 0.0140625 0.015625
0 0.503125 0.5671875 0.01640625 0.01953125
0 0.6578125 0.96640625 0.08046875 0.05078125
0 0.47578125 0.38359375 0.02265625 0.0234375
0 0.896875 0.2640625 0.0625 0.0546875
0 0.5265625 0.03203125 0.025 0.0203125
0 0.46015625 0.30859375 0.07109375 0.0609375
0 0.62265625 0.37578125 0.06875 0.065625
0 0.4953125 0.17421875 0.0484375 0.03984375
0 0.6109375 0.08671875 0.05625 0.05
0 0.23125 0.60390625 0.05546875 0.0609375
0 0.6890625 0.075 0.075 0.06328125
0 0.8015625 0.0796875 0.07578125 0.06640625
0 0.21640625 0.03125 0.0375 0.0328125
0 0.553125 0.0546875 0.03515625 0.028125
0 0.5453125 0.35546875 0.0546875 0.053125
0 0.3359375 0.8203125 0.04609375 0.0484375
0 0.58203125 0.6453125 0.0828125 0.1015625