0 0.921875 0.615625 0.02109375 0.0296875
0 0.88828125 0.5953125 0.01796875 0.015625
0 0.73515625 0.85234375 0.03515625 0.0375
0 0.64921875 0.92890625 0.05859375 0.040625
0 0.63515625 0.9625 0.0546875 0.03125
0 0.94453125 0.56015625 0.040625 0.0625
0 0.77109375 0.775 0.04140625 0.0296875
0 0.796875 0.80703125 0.03125 0.03359375
0 0.91015625 0.36015625 0.03359375 0.0375
0 0.84609375 0.34296875 0.02109375 0.02734375
0 0.91484375 0.2453125 0.0296875 0.0375
0 0.97578125 0.43125 0.0375 0.1109375
0 0.884375 0.4625 0.021875 0.0328125
0 0.853125 0.5875 0.0171875 0.02578125