0 0.6859375 0.8265625 0.059375 0.0484375
0 0.68671875 0.90546875 0.03671875 0.03515625
0 0.89375 0.75625 0.03125 0.03671875
0 0.89296875 0.2828125 0.03984375 0.04375
0 0.7625 0.5890625 0.0265625 0.028125
0 0.93359375 0.71796875 0.03515625 0.04375
0 0.9578125 0.1703125 0.05625 0.06953125
0 0.725 0.521875 0.04375 0.04453125
0 0.74140625 0.30625 0.03828125 0.0421875
0 0.7546875 0.08515625 0.07578125 0.0734375
0 0.78359375 0.321875 0.03046875 0.03203125
0 0.8546875 0.95234375 0.04296875 0.03671875
0 0.84296875 0.37578125 0.0234375 0.028125
0 0.528125 0.85703125 0.02109375 0.025
0 0.63359375 0.6359375 0.02421875 0.02734375
0 0.90625 0.22421875 0.03671875 0.040625
0 0.95703125 0.5578125 0.05390625 0.07265625
0 0.93203125 0.425 0.028125 0.04296875
0 0.89765625 0.37421875 0.03125 0.046875
0 0.86484375 0.48984375 0.02734375 0.03359375
0 0.84453125 0.25859375 0.028125 0.03125
0 0.803125 0.43828125 0.021875 0.02265625
0 0.72734375 0.478125 0.02734375 0.02890625
0 0.771875 0.434375 0.0265625 0.0265625
0 0.82890625 0.59453125 0.021875 0.02578125
0 0.959375 0.2890625 0.02578125 0.03125
0 0.92890625 0.48359375 0.01484375 0.01875
0 0.82109375 0.2390625 0.0359375 0.03828125
0 0.7140625 0.42421875 0.02734375 0.028125
0 0.90078125 0.678125 0.015625 0.01796875
0 0.77109375 0.2453125 0.03671875 0.0359375
0 0.971875 0.503125 0.01328125 0.0171875
0 0.846875 0.4421875 0.01484375 0.0171875
0 0.69453125 0.615625 0.03203125 0.0359375
0 0.65703125 0.53671875 0.03125 0.03125
0 0.80625 0.84453125 0.02109375 0.02109375
0 0.97421875 0.76328125 0.0171875 0.02109375
0 0.8953125 0.428125 0.03984375 0.04140625
0 0.7984375 0.46328125 0.0140625 0.015625
0 0.83828125 0.471875 0.0140625 0.01640625
0 0.83203125 0.85625 0.02421875 0.0234375
0 0.84921875 0.51640625 0.015625 0.0171875
0 0.63359375 0.6875 0.0234375 0.02265625
0 0.821875 0.33046875 0.04375 0.04765625
0 0.86875 0.8609375 0.0125 0.0140625
0 0.70625 0.7328125 0.015625 0.015625
0 0.78125 0.62734375 0.05390625 0.05546875
0 0.64765625 0.6984375 0.0171875 0.01796875
0 0.97578125 0.678125 0.02421875 0.03203125
0 0.67109375 0.50859375 0.0328125 0.0328125
0 0.81953125 0.784375 0.0109375 0.01171875
0 0.8125 0.5984375 0.01171875 0.01328125
0 0.70390625 0.2921875 0.0203125 0.021875
0 0.77265625 0.51328125 0.0125 0.01328125
0 0.7296875 0.16875 0.02890625 0.028125
0 0.6671875 0.48125 0.034375 0.03125
0 0.8828125 0.171875 0.0171875 0.021875
0 0.61484375 0.78203125 0.02421875 0.02109375
0 0.68671875 0.36953125 0.03828125 0.0421875
0 0.8625 0.9171875 0.0125 0.0125
0 0.7328125 0.64765625 0.0109375 0.01015625
0 0.76171875 0.6765625 0.0109375 0.01171875
0 0.615625 0.86640625 0.021875 0.01953125
0 0.9953125 0.76171875 0.00859375 0.02421875
0 0.759375 0.1953125 0.01875 0.0203125
0 0.73828125 0.2140625 0.0328125 0.034375
0 0.96796875 0.34453125 0.0625 0.11953125
0 0.715625 0.696875 0.0109375 0.01171875
0 0.7140625 0.67265625 0.009375 0.01015625
0 0.9875 0.50234375 0.01328125 0.01953125
0 0.8890625 0.53046875 0.009375 0.0109375
0 0.6109375 0.64921875 0.015625 0.0171875
0 0.840625 0.45546875 0.015625 0.0171875
0 0.8265625 0.14375 0.034375 0.0328125
0 0.6546875 0.6390625 0.02734375 0.02734375
0 0.78515625 0.8578125 0.06171875 0.065625
0 0.84375 0.79453125 0.00859375 0.009375
0 0.6046875 0.82734375 0.01640625 0.01328125
0 0.6984375 0.17734375 0.03671875 0.04140625
0 0.7234375 0.8734375 0.01015625 0.0109375
0 0.8296875 0.08125 0.0171875 0.0203125
0 0.88125 0.5375 0.05 0.06328125
0 0.90546875 0.815625 0.009375 0.01328125
0 0.6484375 0.6109375 0.0328125 0.03203125
0 0.865625 0.83125 0.009375 0.01171875
0 0.71015625 0.22109375 0.03203125 0.03671875
0 0.75078125 0.6109375 0.0109375 0.01171875
0 0.93671875 0.84453125 0.01015625 0.0125
0 0.89453125 0.7 0.00859375 0.009375
0 0.6609375 0.4046875 0.05 0.05078125
0 0.7953125 0.5046875 0.01484375 0.01796875
0 0.6671875 0.7515625 0.0125 0.0125
0 0.55703125 0.9734375 0.02890625 0.01953125
0 0.7796875 0.06484375 0.02265625 0.01953125
0 0.82890625 0.953125 0.009375 0.01015625
0 0.6328125 0.74453125 0.02109375 0.01796875
0 0.7375 0.62265625 0.04765625 0.05390625
0 0.55546875 0.85625 0.03203125 0.02421875
0 0.7140625 0.3421875 0.03828125 0.04375
0 0.57421875 0.9671875 0.04140625 0.02578125
0 0.69453125 0.57578125 0.0234375 0.02890625
0 0.709375 0.08984375 0.02578125 0.03046875
0 0.64609375 0.896875 0.03203125 0.02578125