0 0.2953125 0.4234375 0.0390625 0.0484375
0 0.2265625 0.60078125 0.0390625 0.0453125
0 0.659375 0.2984375 0.02734375 0.03125
0 0.7171875 0.309375 0.046875 0.05078125
0 0.80078125 0.18359375 0.046875 0.05234375
0 0.66015625 0.22109375 0.04453125 0.05234375
0 0.50859375 0.30078125 0.0375 0.0390625
0 0.303125 0.68515625 0.0328125 0.03125
0 0.4234375 0.68984375 0.0375 0.03359375
0 0.12578125 0.8703125 0.0375 0.0484375
0 0.78671875 0.3140625 0.03671875 0.0375
0 0.81171875 0.3453125 0.0140625 0.021875
0 0.821875 0.23203125 0.05703125 0.05703125
1 0.8234375 0.23125 0.01953125 0.021875
1 0.1671875 0.946875 0.03515625 0.07421875