1 0.809375 0.021875 0.028125 0.02734375
1 0.79765625 0.05 0.03359375 0.02109375
1 0.8296875 0.0328125 0.0421875 0.03125
1 0.8 0.0140625 0.03984375 0.02265625
1 0.93359375 0.04453125 0.03203125 0.02734375
1 0.91328125 0.05625 0.04453125 0.03671875
1 0.67421875 0.02265625 0.0375 0.02734375
1 0.77421875 0.0421875 0.034375 0.0234375
1 0.84375 0.0125 0.04140625 0.02109375
1 0.89765625 0.03515625 0.02578125 0.02265625
1 0.98125 0.10234375 0.03359375 0.0375
1 0.9359375 0.034375 0.021875 0.0171875
1 0.921875 0.0953125 0.05703125 0.046875
1 0.93828125 0.0796875 0.02578125 0.01953125
1 0.31875 0.0234375 0.05 0.03828125
1 0.50078125 0.0171875 0.0171875 0.01640625
1 0.32734375 0.00546875 0.015625 0.01015625
1 0.484375 0.009375 0.03515625 0.0171875
1 0.2828125 0.03203125 0.02265625 0.02421875
1 0.97265625 0.06171875 0.02578125 0.03046875
1 0.87734375 0.09765625 0.0125 0.01171875
1 0.0265625 0.11875 0.01640625 0.01875
1 0.21328125 0.04765625 0.0390625 0.02890625
1 0.36640625 0.02265625 0.01953125 0.01328125
1 0.45546875 0.01171875 0.02421875 0.0140625
1 0.1984375 0.0671875 0.0171875 0.01328125
1 0.8765625 0.04921875 0.05390625 0.03828125
1 0.09296875 0.1046875 0.01796875 0.01328125
1 0.16484375 0.06328125 0.0296875 0.02421875