0 0.40546875 0.778125 0.0921875 0.0921875
0 0.20703125 0.846875 0.04453125 0.0453125
0 0.30546875 0.7171875 0.0484375 0.03671875
0 0.39375 0.5875 0.12109375 0.10390625
0 0.54375 0.64921875 0.0609375 0.05078125
0 0.51875 0.7078125 0.06640625 0.05859375
0 0.44296875 0.68984375 0.04453125 0.04140625
0 0.63046875 0.6140625 0.09140625 0.071875
0 0.5625 0.58125 0.046875 0.0453125
0 0.51875 0.61015625 0.0296875 0.02734375
0 0.7015625 0.5296875 0.08203125 0.08046875
0 0.7828125 0.48203125 0.06640625 0.05703125
0 0.70703125 0.4421875 0.04921875 0.0375
0 0.71640625 0.37421875 0.0703125 0.071875
0 0.659375 0.328125 0.0484375 0.0546875
0 0.23046875 0.92421875 0.0625 0.07578125
0 0.2953125 0.859375 0.0484375 0.03671875
1 0.31171875 0.7171875 0.01953125 0.0140625
1 0.7078125 0.43359375 0.0140625 0.01328125
0 0.88515625 0.34609375 0.03359375 0.04140625
0 0.9 0.44453125 0.03671875 0.0375
0 0.9140625 0.27109375 0.03125 0.02890625
0 0.93125 0.23203125 0.03671875 0.03359375
0 0.96953125 0.2453125 0.0484375 0.0640625
0 0.140625 0.5296875 0.03125 0.03125
0 0.42421875 0.4765625 0.03125 0.02890625
0 0.46015625 0.4625 0.0171875 0.01953125
0 0.56796875 0.4125 0.03359375 0.0234375
0 0.5734375 0.3859375 0.0328125 0.0171875
0 0.56484375 0.3265625 0.03671875 0.0296875
0 0.503125 0.3234375 0.0328125 0.025
0 0.57890625 0.2734375 0.0171875 0.0234375
1 0.5015625 0.3234375 0.0140625 0.0140625
1 0.56171875 0.32734375 0.01171875 0.0140625
1 0.39921875 0.7640625 0.021875 0.02734375
0 0.7734375 0.0625 0.07578125 0.05703125
1 0.775 0.065625 0.0140625 0.0140625
1 0.759375 0.0515625 0.01328125 0.01171875