0 0.0609375 0.2984375 0.0265625 0.028125
0 0.38984375 0.08203125 0.0296875 0.02109375
0 0.8375 0.0734375 0.04453125 0.03984375
0 0.04765625 0.171875 0.0171875 0.01875
0 0.23046875 0.159375 0.0359375 0.03125
0 0.5734375 0.12265625 0.01875 0.01796875
0 0.6203125 0.14453125 0.03984375 0.03671875
0 0.24140625 0.03828125 0.034375 0.02890625
0 0.25703125 0.0671875 0.02578125 0.0234375
0 0.18359375 0.10234375 0.04140625 0.03984375
0 0.33359375 0.27578125 0.01796875 0.01953125
0 0.48203125 0.1828125 0.0203125 0.01953125
0 0.44296875 0.08515625 0.01953125 0.015625
0 0.21875 0.24140625 0.02421875 0.0203125
0 0.4875 0.15 0.025 0.02265625
0 0.15703125 0.25390625 0.02109375 0.01953125
0 0.8859375 0.01328125 0.03671875 0.02265625
0 0.090625 0.14765625 0.0203125 0.01875
0 0.0734375 0.209375 0.046875 0.04609375
0 0.69609375 0.059375 0.04921875 0.040625
0 0.96015625 0.140625 0.034375 0.0375
0 0.38828125 0.19921875 0.0171875 0.015625
0 0.9484375 0.27890625 0.0203125 0.0234375
0 0.6640625 0.25625 0.0296875 0.02734375
0 0.209375 0.0578125 0.01875 0.01640625
0 0.28359375 0.08671875 0.02109375 0.01953125
0 0.5609375 0.1046875 0.02109375 0.01796875
0 0.45 0.29453125 0.01953125 0.01875
0 0.4078125 0.00859375 0.04140625 0.015625
0 0.7484375 0.1265625 0.053125 0.04609375
0 0.3046875 0.03671875 0.0515625 0.03828125
0 0.73828125 0.1671875 0.02578125 0.025
0 0.0984375 0.278125 0.0421875 0.03671875
0 0.75 0.34453125 0.04140625 0.0421875
0 0.23515625 0.2703125 0.025 0.0234375
0 0.59765625 0.16796875 0.01953125 0.01796875
0 0.928125 0.33046875 0.0234375 0.025
0 0.92265625 0.14921875 0.0609375 0.0625
0 0.66484375 0.36015625 0.03984375 0.03828125
0 0.36953125 0.146875 0.021875 0.01875
0 0.61640625 0.19921875 0.02421875 0.02109375
0 0.678125 0.10078125 0.0171875 0.01484375
0 0.4046875 0.3203125 0.01640625 0.01640625
0 0.8484375 0.1796875 0.05703125 0.059375
0 0.34609375 0.10078125 0.01953125 0.01640625
0 0.1859375 0.25390625 0.02109375 0.0203125
0 0.04296875 0.25546875 0.0171875 0.01796875
0 0.94453125 0.31796875 0.02109375 0.02265625
0 0.1984375 0.021875 0.06328125 0.03671875
0 0.36171875 0.34375 0.01640625 0.01484375
0 0.91171875 0.2953125 0.028125 0.02890625
0 0.42890625 0.3640625 0.03515625 0.0328125
0 0.93828125 0.26015625 0.01640625 0.0171875
0 0.2859375 0.1796875 0.0203125 0.0171875
0 0.79765625 0.31953125 0.05390625 0.0515625
0 0.73515625 0.18515625 0.04140625 0.03671875
0 0.553125 0.1859375 0.01796875 0.0171875
0 0.15234375 0.3796875 0.02734375 0.0265625
0 0.278125 0.13125 0.03203125 0.028125
0 0.14140625 0.1234375 0.02578125 0.01953125
0 0.9953125 0.1359375 0.009375 0.015625
0 0.72578125 0.11171875 0.02421875 0.02109375
0 0.94609375 0.05546875 0.0375 0.05078125
0 0.78125 0.24765625 0.025 0.01953125
0 0.68671875 0.2921875 0.0265625 0.0234375
0 0.6078125 0.04609375 0.0453125 0.0296875
0 0.8015625 0.13671875 0.03203125 0.025
0 0.28125 0.1609375 0.02734375 0.028125
0 0.4015625 0.4109375 0.03671875 0.0359375
0 0.14609375 0.14140625 0.05625 0.0546875
0 0.784375 0.36875 0.02421875 0.02109375
0 0.50625 0.0546875 0.0234375 0.01640625
0 0.84375 0.0671875 0.01640625 0.01328125
0 0.8703125 0.08671875 0.0234375 0.01640625
0 0.940625 0.0375 0.0234375 0.01796875
0 0.9640625 0.20234375 0.0421875 0.04140625
0 0.7890625 0.0328125 0.0140625 0.0125
0 0.878125 0.23203125 0.01875 0.01953125
0 0.85625 0.0453125 0.0140625 0.0125
0 0.98515625 0.015625 0.01953125 0.0140625
0 0.25234375 0.1140625 0.025 0.0203125
0 0.99453125 0.3125 0.0109375 0.0375
0 0.1265625 0.28203125 0.0328125 0.034375
0 0.01875 0.16640625 0.0265625 0.0203125
0 0.01171875 0.075 0.0234375 0.02421875
0 0.0171875 0.3078125 0.034375 0.0546875
0 0.39765625 0.05078125 0.01171875 0.0109375
0 0.76640625 0.11640625 0.02265625 0.01796875
0 0.4203125 0.0640625 0.01484375 0.0125
0 0.184375 0.36171875 0.05859375 0.0515625
0 0.13671875 0.33359375 0.03828125 0.04140625
0 0.15078125 0.18203125 0.07734375 0.059375
0 0.44921875 0.2578125 0.0171875 0.01640625
0 0.08515625 0.40390625 0.0359375 0.03671875
0 0.4984375 0.14765625 0.05625 0.0421875
0 0.31953125 0.0078125 0.02421875 0.0140625
0 0.09140625 0.009375 0.02265625 0.0140625
0 0.821875 0.228125 0.059375 0.053125
0 0.56640625 0.0375 0.02109375 0.01640625
0 0.346875 0.0265625 0.01875 0.01484375
0 0.571875 0.20234375 0.0375 0.0328125
0 0.77265625 0.1875 0.034375 0.025
0 0.01484375 0.2546875 0.01015625 0.009375
0 0.10078125 0.25390625 0.05390625 0.04296875
0 0.803125 0.346875 0.08671875 0.08203125
0 0.2671875 0.009375 0.03046875 0.01640625
0 0.22421875 0.384375 0.0625 0.0546875
0 0.38125 0.271875 0.028125 0.02265625
0 0.64140625 0.26796875 0.05 0.03984375
0 0.465625 0.3375 0.07890625 0.07265625
0 0.4015625 0.2953125 0.0171875 0.0140625
0 0.37421875 0.325 0.01328125 0.0140625
0 0.5453125 0.2125 0.05234375 0.0375
0 0.559375 0.23359375 0.0859375 0.0453125
0 0.50234375 0.24140625 0.0359375 0.02734375
0 0.35234375 0.271875 0.0109375 0.01015625
0 0.6453125 0.31796875 0.059375 0.04609375
1 0.58203125 0.35078125 0.02265625 0.01953125
1 0.76953125 0.3953125 0.0203125 0.01875
1 0.359375 0.45 0.0125 0.01328125
1 0.3609375 0.29140625 0.009375 0.01015625
1 0.9953125 0.1359375 0.009375 0.015625
1 0.84296875 0.42890625 0.0203125 0.01796875
1 0.99453125 0.3125 0.0109375 0.0375
1 0.38125 0.3296875 0.01484375 0.02265625
1 0.96328125 0.40625 0.03359375 0.01875
1 0.35625 0.2953125 0.0109375 0.01328125
1 0.6296875 0.3875 0.05625 0.03828125
1 0.3140625 0.3125 0.0140625 0.0171875
1 0.81953125 0.075 0.01953125 0.0203125
1 0.16875 0.26484375 0.0734375 0.0390625
1 0.3390625 0.35546875 0.04921875 0.0390625
1 0.31484375 0.328125 0.01640625 0.04453125