0 0.64140625 0.58359375 0.03359375 0.03671875
0 0.4109375 0.39609375 0.0265625 0.02578125
0 0.50859375 0.40234375 0.0234375 0.0234375
0 0.8140625 0.49296875 0.02421875 0.02578125
0 0.55390625 0.54921875 0.02109375 0.021875
0 0.6703125 0.5015625 0.02265625 0.025
0 0.76328125 0.5578125 0.03125 0.03359375
0 0.81484375 0.6921875 0.02890625 0.0296875
0 0.7203125 0.68984375 0.02734375 0.02734375
0 0.60703125 0.68203125 0.03125 0.0328125
0 0.63984375 0.32734375 0.06171875 0.06328125
0 0.45703125 0.5 0.03125 0.034375
0 0.81171875 0.3234375 0.025 0.02421875
0 0.565625 0.4609375 0.04375 0.0484375
0 0.6234375 0.13828125 0.03125 0.02421875
0 0.61328125 0.08125 0.021875 0.01796875
0 0.42265625 0.4421875 0.0296875 0.0296875
0 0.709375 0.625 0.04296875 0.04609375
0 0.896875 0.53203125 0.02421875 0.028125
0 0.75390625 0.28515625 0.0375 0.03671875
0 0.75625 0.62109375 0.0265625 0.028125
0 0.9046875 0.63515625 0.03046875 0.034375
0 0.4140625 0.4796875 0.03203125 0.03359375
0 0.59609375 0.51875 0.04140625 0.04453125
0 0.8765625 0.70625 0.02890625 0.02890625
0 0.503125 0.09140625 0.01953125 0.015625
0 0.459375 0.553125 0.03359375 0.03515625
0 0.68125 0.684375 0.02578125 0.0265625
0 0.721875 0.5875 0.03671875 0.03828125
0 0.371875 0.33984375 0.0234375 0.021875
0 0.54375 0.20078125 0.03671875 0.03828125
0 0.76796875 0.5015625 0.03828125 0.040625
0 0.79375 0.5765625 0.02578125 0.02890625
0 0.5515625 0.596875 0.0484375 0.04921875
0 0.47265625 0.4328125 0.02265625 0.02265625
0 0.8875 0.465625 0.0421875 0.04375
0 0.7640625 0.7078125 0.04296875 0.040625
0 0.53359375 0.57578125 0.01796875 0.01796875
0 0.446875 0.6625 0.02265625 0.02265625
0 0.44921875 0.196875 0.02109375 0.02109375
0 0.55625 0.709375 0.03046875 0.03125
0 0.68046875 0.47109375 0.01640625 0.01640625
0 0.70234375 0.67265625 0.0234375 0.02578125
0 0.86015625 0.42265625 0.03125 0.03203125
0 0.42734375 0.30078125 0.01796875 0.01796875
0 0.43515625 0.5578125 0.0234375 0.0296875
0 0.3671875 0.4390625 0.0203125 0.02265625
0 0.9015625 0.7046875 0.03203125 0.0328125
0 0.78203125 0.61796875 0.01953125 0.02265625
0 0.6765625 0.04609375 0.02734375 0.01875
0 0.6359375 0.09609375 0.0171875 0.015625
0 0.47578125 0.14453125 0.0140625 0.0140625
0 0.68671875 0.71015625 0.03359375 0.03671875
0 0.61640625 0.3640625 0.015625 0.01640625
0 0.40390625 0.34921875 0.01328125 0.015625
0 0.6625 0.76796875 0.0390625 0.03984375
0 0.52890625 0.3328125 0.01875 0.0203125
0 0.56875 0.11953125 0.0140625 0.01328125
0 0.45703125 0.4625 0.05 0.04453125
0 0.38359375 0.21015625 0.015625 0.015625
0 0.9078125 0.7546875 0.02109375 0.025
0 0.92265625 0.665625 0.02109375 0.02578125
0 0.565625 0.3328125 0.01171875 0.0125
0 0.43515625 0.1578125 0.0125 0.0125
0 0.76875 0.85546875 0.025 0.0265625
0 0.42734375 0.1765625 0.0171875 0.01640625
0 0.38359375 0.05390625 0.02265625 0.0171875
0 0.75078125 0.8265625 0.0453125 0.0421875
0 0.6625 0.25234375 0.0515625 0.04765625
0 0.7640625 0.14453125 0.0421875 0.0328125
0 0.8890625 0.55390625 0.0125 0.015625
0 0.934375 0.59765625 0.01875 0.02578125
0 0.45546875 0.1265625 0.01171875 0.01171875
0 0.6234375 0.25625 0.01640625 0.01640625
0 0.68125 0.14453125 0.02265625 0.01953125
0 0.58984375 0.303125 0.0125 0.01328125
0 0.83125 0.58359375 0.01953125 0.02109375
0 0.534375 0.40078125 0.02265625 0.02421875
0 0.73828125 0.54609375 0.0140625 0.01484375
0 0.65703125 0.384375 0.0140625 0.01796875
0 0.49140625 0.6578125 0.01953125 0.021875
0 0.60625 0.14609375 0.0328125 0.03125
0 0.72265625 0.79765625 0.0421875 0.04296875
0 0.48046875 0.68203125 0.0234375 0.02578125
0 0.428125 0.31875 0.0140625 0.0140625
0 0.4 0.53359375 0.03671875 0.04296875
0 0.559375 0.3078125 0.0140625 0.01484375
0 0.371875 0.0375 0.03515625 0.021875
0 0.53359375 0.44609375 0.015625 0.01640625
0 0.84765625 0.8484375 0.0375 0.0359375
0 0.54453125 0.7296875 0.0265625 0.0296875
0 0.40625 0.3 0.01328125 0.0140625
0 0.80390625 0.7796875 0.03125 0.0328125
0 0.64375 0.9265625 0.0328125 0.02578125
0 0.52890625 0.228125 0.05234375 0.0453125
0 0.6390625 0.6390625 0.04609375 0.05390625
0 0.7640625 0.378125 0.06953125 0.0703125
0 0.715625 0.18671875 0.0125 0.01484375
0 0.82265625 0.5421875 0.02578125 0.028125
0 0.425 0.2375 0.01171875 0.0109375
0 0.83125 0.29375 0.06640625 0.06796875
0 0.6484375 0.853125 0.03984375 0.03671875
0 0.38671875 0.425 0.053125 0.05390625
0 0.653125 0.8109375 0.04296875 0.040625
0 0.9625 0.6921875 0.01171875 0.015625
0 0.4796875 0.58515625 0.028125 0.03359375
0 0.334375 0.3421875 0.034375 0.034375
0 0.47421875 0.0078125 0.04375 0.0140625
0 0.32578125 0.2078125 0.01796875 0.015625
0 0.48125 0.33515625 0.05546875 0.0703125
0 0.6515625 0.06171875 0.01171875 0.009375
0 0.3890625 0.39296875 0.0359375 0.03515625
0 0.675 0.58125 0.0171875 0.0234375
0 0.70546875 0.93671875 0.01328125 0.0125
0 0.5765625 0.93046875 0.025 0.021875
0 0.53203125 0.634375 0.04609375 0.04609375
0 0.7921875 0.89140625 0.01171875 0.01328125
0 0.97578125 0.64921875 0.0375 0.0546875
0 0.8359375 0.884375 0.0203125 0.0171875