0 0.453125 0.6671875 0.025 0.02421875
0 0.9796875 0.8765625 0.0296875 0.03671875
0 0.17890625 0.86015625 0.05078125 0.0484375
0 0.23828125 0.08984375 0.03359375 0.03046875
0 0.8171875 0.79609375 0.040625 0.03984375
0 0.06484375 0.8109375 0.03515625 0.03828125
0 0.7015625 0.52265625 0.025 0.0234375
0 0.70625 0.7796875 0.02734375 0.0265625
0 0.584375 0.15546875 0.01796875 0.01796875
0 0.7859375 0.2578125 0.028125 0.02890625
0 0.1953125 0.12578125 0.0421875 0.040625
0 0.6625 0.7515625 0.0203125 0.01640625
0 0.9140625 0.43671875 0.04453125 0.04453125
0 0.4796875 0.54375 0.03125 0.03515625