0 0.92890625 0.18828125 0.04375 0.040625
0 0.090625 0.0296875 0.03984375 0.03671875
0 0.85078125 0.503125 0.021875 0.021875
0 0.9203125 0.44453125 0.0171875 0.01953125
0 0.84609375 0.5140625 0.06484375 0.065625
0 0.08984375 0.49375 0.0265625 0.028125
0 0.971875 0.51875 0.03515625 0.0484375
0 0.9015625 0.621875 0.03046875 0.03125
0 0.896875 0.09609375 0.01640625 0.015625
0 0.9 0.40390625 0.01484375 0.01484375
0 0.63046875 0.47265625 0.01796875 0.01875
0 0.3125 0.2984375 0.01640625 0.01640625
0 0.3 0.065625 0.01640625 0.01484375
0 0.82109375 0.09296875 0.0125 0.0125
0 0.03046875 0.7234375 0.01328125 0.0140625
0 0.34375 0.18671875 0.01328125 0.0140625
0 0.15234375 0.50859375 0.0234375 0.02421875
0 0.128125 0.1296875 0.0171875 0.0171875
0 0.56796875 0.5734375 0.01640625 0.015625
0 0.07890625 0.2421875 0.0140625 0.01328125
0 0.82734375 0.93828125 0.01796875 0.021875
0 0.81953125 0.47421875 0.01328125 0.01328125
0 0.81953125 0.1828125 0.0125 0.01328125
0 0.77890625 0.75625 0.06640625 0.06484375
0 0.321875 0.06640625 0.01875 0.01640625
0 0.02109375 0.359375 0.01171875 0.0125
0 0.98828125 0.44140625 0.021875 0.02734375
0 0.87421875 0.13359375 0.0125 0.0125
0 0.84296875 0.90625 0.0203125 0.0203125
0 0.25546875 0.790625 0.0125 0.01328125
0 0.1625 0.0671875 0.0125 0.0125
0 0.82890625 0.5234375 0.01328125 0.0140625
0 0.33671875 0.12265625 0.0125 0.01328125
0 0.5484375 0.9703125 0.01484375 0.01484375
0 0.375 0.55390625 0.01328125 0.01328125
0 0.61640625 0.290625 0.015625 0.01328125
0 0.12109375 0.5921875 0.0140625 0.0140625
0 0.2125 0.1046875 0.01171875 0.01171875
0 0.43671875 0.434375 0.0125 0.01328125
0 0.1796875 0.2171875 0.0140625 0.01640625
0 0.940625 0.734375 0.0125 0.0140625
0 0.1984375 0.3234375 0.01015625 0.0109375
0 0.79140625 0.8625 0.04765625 0.046875
0 0.6265625 0.9109375 0.10390625 0.0953125
0 0.07578125 0.2671875 0.02890625 0.0265625
0 0.25546875 0.44453125 0.01015625 0.0109375
0 0.30703125 0.18125 0.01171875 0.01171875
0 0.6984375 0.8421875 0.01171875 0.0125
0 0.4703125 0.1234375 0.12109375 0.1140625