1 0.5265625 0.12109375 0.021875 0.021875
1 0.22265625 0.91796875 0.0140625 0.0125
1 0.359375 0.78671875 0.0234375 0.0203125
0 0.1265625 0.63125 0.025 0.02578125
1 0.44609375 0.87109375 0.025 0.02265625
1 0.8625 0.82890625 0.02109375 0.01953125
0 0.85703125 0.065625 0.0390625 0.0359375
1 0.39296875 0.09296875 0.01875 0.0171875
0 0.34296875 0.32109375 0.03671875 0.034375
0 0.3578125 0.496875 0.0234375 0.02421875
0 0.37578125 0.265625 0.02109375 0.02109375
0 0.015625 0.4078125 0.03046875 0.0328125
0 0.16015625 0.30234375 0.034375 0.0328125
0 0.0546875 0.63984375 0.0265625 0.028125
0 0.340625 0.19453125 0.0328125 0.028125
0 0.23671875 0.5109375 0.0359375 0.03125
0 0.1921875 0.478125 0.02578125 0.025
1 0.13984375 0.76328125 0.015625 0.0140625
0 0.446875 0.07890625 0.02578125 0.021875
0 0.434375 0.290625 0.01640625 0.01796875
0 0.18359375 0.63828125 0.0359375 0.03515625
0 0.63046875 0.33359375 0.04453125 0.03984375
0 0.1125 0.66953125 0.0296875 0.03125
0 0.8296875 0.0171875 0.03203125 0.02890625
0 0.17890625 0.5796875 0.0234375 0.02421875
0 0.18203125 0.13203125 0.0296875 0.028125
1 0.96796875 0.53203125 0.0140625 0.01484375
0 0.525 0.23125 0.0421875 0.0375
0 0.1140625 0.53515625 0.025 0.028125
0 0.8296875 0.86015625 0.02578125 0.02421875
0 0.525 0.15234375 0.021875 0.02109375
0 0.4109375 0.82734375 0.02734375 0.02578125
1 0.30546875 0.10078125 0.0234375 0.021875
0 0.26015625 0.28515625 0.0203125 0.01953125
0 0.29375 0.571875 0.03671875 0.03828125
0 0.046875 0.82109375 0.02578125 0.025
1 0.5171875 0.04609375 0.0140625 0.015625
1 0.5640625 0.59375 0.0234375 0.02109375
0 0.10625 0.2640625 0.034375 0.03359375
0 0.284375 0.31328125 0.0453125 0.03984375
0 0.4734375 0.40625 0.04140625 0.0421875
0 0.4921875 0.5609375 0.02734375 0.02734375
1 0.2359375 0.04453125 0.021875 0.021875
1 0.015625 0.7171875 0.01640625 0.0171875
0 0.0875 0.725 0.03359375 0.03203125
0 0.86171875 0.2984375 0.0390625 0.03828125
0 0.0109375 0.240625 0.02109375 0.0375
0 0.7015625 0.08671875 0.03046875 0.02890625
0 0.52421875 0.31953125 0.06171875 0.06171875
0 0.084375 0.84609375 0.01875 0.01953125
0 0.00859375 0.11953125 0.0171875 0.0203125
0 0.03359375 0.22265625 0.03359375 0.03828125
1 0.10859375 0.07109375 0.01171875 0.01171875
1 0.528125 0.07421875 0.0203125 0.01875
0 0.3234375 0.01796875 0.02265625 0.0234375
0 0.4625 0.646875 0.02890625 0.02890625
1 0.971875 0.57734375 0.0140625 0.01484375
0 0.15 0.0203125 0.02578125 0.028125
0 0.74453125 0.0125 0.01796875 0.01796875
1 0.40390625 0.29375 0.01328125 0.01484375
0 0.778125 0.3984375 0.02421875 0.02578125
1 0.534375 0.04296875 0.01484375 0.0140625
0 0.94453125 0.83046875 0.03046875 0.028125
1 0.909375 0.13671875 0.01875 0.0171875
0 0.3765625 0.6765625 0.05625 0.053125
0 0.41796875 0.0421875 0.03828125 0.0328125
0 0.7453125 0.2046875 0.03125 0.0296875
0 0.7421875 0.321875 0.02109375 0.0171875
0 0.9953125 0.353125 0.009375 0.01953125
0 0.5484375 0.1609375 0.02109375 0.01875
1 0.859375 0.01171875 0.0125 0.0140625
1 0.36953125 0.9875 0.040625 0.02421875
1 0.76015625 0.82578125 0.028125 0.0171875
0 0.62578125 0.39296875 0.0453125 0.0453125
0 0.5859375 0.65390625 0.046875 0.040625
0 0.10625 0.08359375 0.0859375 0.08515625
0 0.2453125 0.70625 0.05 0.05
0 0.2296875 0.05625 0.03671875 0.0328125
0 0.65234375 0.9 0.040625 0.03984375
0 0.78828125 0.01640625 0.0203125 0.01953125
1 0.3921875 0.6125 0.03828125 0.02734375
0 0.7890625 0.11875 0.015625 0.0140625
0 0.45234375 0.4265625 0.06875 0.0734375
0 0.9953125 0.18359375 0.00859375 0.01953125
0 0.3015625 0.615625 0.05078125 0.046875
0 0.68046875 0.6703125 0.059375 0.0546875
0 0.23828125 0.3671875 0.09453125 0.09296875
0 0.03046875 0.5453125 0.06015625 0.08359375
1 0.1078125 0.4375 0.02578125 0.0203125
0 0.85546875 0.20859375 0.0171875 0.0171875
1 0.9546875 0.2734375 0.0109375 0.01171875
0 0.35703125 0.51875 0.08984375 0.0765625
0 0.828125 0.559375 0.16796875 0.153125
0 0.8171875 0.384375 0.12890625 0.11875
0 0.9421875 0.94921875 0.09609375 0.1
0 0.09453125 0.17890625 0.08671875 0.08359375
0 0.74921875 0.69921875 0.10703125 0.09375
0 0.96328125 0.67890625 0.06640625 0.075
0 0.6234375 0.7609375 0.1375 0.125
0 0.9765625 0.7609375 0.04609375 0.08046875
0 0.97734375 0.4828125 0.04453125 0.1296875
0 0.95234375 0.4234375 0.06953125 0.07109375
0 0.88125 0.903125 0.0578125 0.053125
0 0.25 0.0296875 0.05703125 0.05546875
0 0.4375 0.96328125 0.07890625 0.07265625