0 0.771875 0.41875 0.03359375 0.03515625
0 0.73125 0.5484375 0.03125 0.0328125
0 0.0609375 0.68828125 0.0484375 0.053125
0 0.20546875 0.8796875 0.0453125 0.0390625
0 0.04765625 0.20625 0.04609375 0.046875
0 0.87421875 0.60234375 0.04140625 0.03984375
0 0.89765625 0.69609375 0.04609375 0.04765625
0 0.36484375 0.71796875 0.0234375 0.0234375
0 0.12421875 0.5515625 0.05 0.046875
0 0.39765625 0.7921875 0.0359375 0.02734375
0 0.340625 0.50390625 0.03671875 0.034375
0 0.9390625 0.940625 0.0359375 0.0328125
0 0.553125 0.71171875 0.04921875 0.04453125
0 0.2234375 0.278125 0.0515625 0.04609375
0 0.26328125 0.7171875 0.021875 0.021875
0 0.6328125 0.8203125 0.0640625 0.05234375
0 0.9578125 0.059375 0.02265625 0.02421875
0 0.9734375 0.9546875 0.025 0.0265625
0 0.48828125 0.95625 0.0359375 0.0296875
0 0.121875 0.6671875 0.02578125 0.0234375
0 0.1328125 0.62421875 0.03828125 0.04296875
0 0.50703125 0.61015625 0.04296875 0.0375
0 0.91953125 0.0671875 0.028125 0.03125
0 0.59296875 0.9109375 0.0578125 0.05078125
0 0.2828125 0.375 0.07421875 0.0609375
1 0.81328125 0.99453125 0.0234375 0.0109375
0 0.5765625 0.565625 0.0703125 0.06796875
0 0.3265625 0.2734375 0.0546875 0.04765625
0 0.18515625 0.846875 0.03671875 0.0296875
0 0.7078125 0.43515625 0.02890625 0.02578125
0 0.77421875 0.6234375 0.07109375 0.06640625
0 0.878125 0.85625 0.05078125 0.04921875
0 0.40078125 0.85546875 0.0625 0.0546875
0 0.26328125 0.76484375 0.03125 0.02734375
0 0.9890625 0.2359375 0.0203125 0.0234375
0 0.371875 0.94765625 0.06875 0.059375
0 0.34375 0.85234375 0.0328125 0.0328125
1 0.43671875 0.31484375 0.03046875 0.02265625
0 0.15 0.76640625 0.0390625 0.0375
0 0.44765625 0.7796875 0.0328125 0.02734375
0 0.43671875 0.45078125 0.028125 0.025
0 0.71171875 0.16171875 0.04765625 0.046875
0 0.5515625 0.4828125 0.0734375 0.06171875
1 0.7453125 0.9640625 0.03359375 0.03359375
0 0.2671875 0.61640625 0.07265625 0.0671875
0 0.6078125 0.803125 0.04609375 0.0375
0 0.87578125 0.22109375 0.0296875 0.034375
0 0.7828125 0.73203125 0.07109375 0.07109375
0 0.97890625 0.5984375 0.034375 0.04296875
0 0.45 0.725 0.028125 0.02421875
0 0.0296875 0.35234375 0.0296875 0.03671875
0 0.0421875 0.4859375 0.040625 0.046875
0 0.534375 0.4046875 0.03671875 0.0265625
0 0.79765625 0.7796875 0.04140625 0.0390625
1 0.72265625 0.84453125 0.0296875 0.02578125
0 0.4625 0.57890625 0.02421875 0.021875
1 0.2671875 0.96796875 0.02578125 0.0234375
0 0.06953125 0.37734375 0.08828125 0.1078125
0 0.52890625 0.7671875 0.04140625 0.0359375
0 0.55078125 0.3203125 0.04765625 0.040625
0 0.9640625 0.24140625 0.028125 0.02578125
1 0.81328125 0.9875 0.021875 0.01796875
0 0.79609375 0.34609375 0.07421875 0.08125
0 0.8359375 0.06171875 0.046875 0.0515625
0 0.13671875 0.78671875 0.03828125 0.0375
1 0.7484375 0.16875 0.025 0.0171875
0 0.1140625 0.7625 0.03046875 0.03671875
0 0.25390625 0.47734375 0.0203125 0.02109375
0 0.25078125 0.9328125 0.028125 0.025
0 0.99453125 0.2375 0.0109375 0.021875
1 0.371875 0.93125 0.01875 0.01796875
0 0.4984375 0.7125 0.0421875 0.03828125
0 0.50703125 0.76015625 0.03828125 0.0296875
0 0.28828125 0.71796875 0.0734375 0.05703125