0 0.5609375 0.803125 0.075 0.071875
0 0.41953125 0.6046875 0.03046875 0.03125
0 0.55703125 0.39375 0.03046875 0.03125
0 0.57421875 0.6421875 0.02890625 0.0296875
0 0.86640625 0.5453125 0.05859375 0.0703125
0 0.3640625 0.65859375 0.02734375 0.028125
0 0.8015625 0.80625 0.071875 0.06328125
0 0.6421875 0.378125 0.03671875 0.03515625
0 0.32109375 0.3828125 0.0296875 0.034375
0 0.65 0.46640625 0.03125 0.03125
0 0.59140625 0.68984375 0.0265625 0.02890625
0 0.60546875 0.478125 0.02734375 0.0265625
0 0.6515625 0.346875 0.03515625 0.03515625
0 0.60078125 0.6234375 0.034375 0.03671875
0 0.38125 0.61875 0.034375 0.0375
0 0.57890625 0.43984375 0.028125 0.0265625
0 0.30625 0.51640625 0.021875 0.021875
0 0.8390625 0.48359375 0.02890625 0.03125
0 0.45859375 0.7015625 0.025 0.0234375
0 0.33515625 0.32265625 0.0421875 0.040625
0 0.2625 0.5375 0.02734375 0.0296875
0 0.7125 0.615625 0.0328125 0.0328125
0 0.67578125 0.6828125 0.03828125 0.03828125
0 0.565625 0.23515625 0.02421875 0.0265625
0 0.46953125 0.2046875 0.02890625 0.0265625
0 0.56171875 0.28203125 0.0265625 0.02578125
0 0.50703125 0.74921875 0.0328125 0.03359375
0 0.4796875 0.6140625 0.02109375 0.02109375
0 0.51640625 0.4875 0.03203125 0.03125
0 0.7546875 0.70859375 0.040625 0.0390625
0 0.65 0.5796875 0.0546875 0.05546875
0 0.4421875 0.3625 0.021875 0.02109375
0 0.759375 0.121875 0.02734375 0.02578125
0 0.5671875 0.33203125 0.04140625 0.04140625
0 0.6796875 0.16484375 0.0265625 0.0296875
0 0.5390625 0.14296875 0.0296875 0.028125
0 0.5265625 0.61015625 0.04921875 0.05
0 0.26640625 0.603125 0.0328125 0.0328125
0 0.56171875 0.534375 0.0484375 0.04765625
0 0.36015625 0.5140625 0.03984375 0.0421875
0 0.41953125 0.44375 0.02109375 0.0203125
0 0.54921875 0.18203125 0.02109375 0.01875
0 0.48203125 0.103125 0.0359375 0.03203125
0 0.50625 0.44609375 0.03203125 0.0328125
0 0.7953125 0.6375 0.02421875 0.025
0 0.2796875 0.4203125 0.03125 0.03515625
0 0.525 0.69765625 0.03515625 0.040625
0 0.87109375 0.39609375 0.0171875 0.01875
0 0.55859375 0.67109375 0.021875 0.02265625
0 0.34296875 0.5734375 0.01953125 0.01875
0 0.665625 0.68203125 0.01953125 0.0203125
0 0.396875 0.6609375 0.0234375 0.02421875
0 0.4296875 0.640625 0.03984375 0.0375
0 0.6609375 0.21015625 0.02890625 0.02578125
0 0.7234375 0.4203125 0.0390625 0.0375
0 0.66015625 0.721875 0.01953125 0.0203125
0 0.7453125 0.60078125 0.021875 0.0234375
0 0.7078125 0.7796875 0.03359375 0.0328125
0 0.315625 0.56015625 0.01796875 0.01796875
0 0.48828125 0.12578125 0.02421875 0.0234375
0 0.71484375 0.33515625 0.04609375 0.0515625
0 0.36953125 0.446875 0.01875 0.01796875
0 0.403125 0.528125 0.03671875 0.034375
0 0.534375 0.1859375 0.01953125 0.0171875
0 0.825 0.175 0.02421875 0.02421875
0 0.7796875 0.2921875 0.03984375 0.04140625
0 0.325 0.66015625 0.028125 0.03046875
0 0.30625 0.1765625 0.02890625 0.028125
0 0.4859375 0.07109375 0.0375 0.03125
0 0.45625 0.73984375 0.04453125 0.0484375
0 0.47734375 0.52265625 0.0265625 0.02734375
0 0.925 0.446875 0.01640625 0.01796875
0 0.465625 0.821875 0.02890625 0.02734375
0 0.79375 0.07890625 0.0375 0.03359375
0 0.4875 0.2796875 0.0265625 0.025
0 0.88359375 0.81328125 0.0390625 0.03984375
0 0.81640625 0.3078125 0.04375 0.05078125
0 0.9515625 0.59453125 0.0171875 0.02265625
0 0.28046875 0.14296875 0.03359375 0.03125
0 0.39296875 0.73359375 0.04921875 0.0578125
0 0.3265625 0.07890625 0.025 0.02109375
0 0.6328125 0.1515625 0.01953125 0.0171875
0 0.5265625 0.26171875 0.01640625 0.015625
0 0.353125 0.2484375 0.0875 0.08359375
0 0.396875 0.12421875 0.01875 0.0171875
0 0.2671875 0.3390625 0.02734375 0.028125
0 0.44296875 0.41875 0.01328125 0.0140625
0 0.70625 0.15078125 0.02109375 0.0203125
0 0.3609375 0.06328125 0.0234375 0.0203125
0 0.42109375 0.23046875 0.0171875 0.01875
0 0.37109375 0.11640625 0.02421875 0.0234375
0 0.68359375 0.87421875 0.02578125 0.0265625
0 0.39609375 0.33359375 0.0203125 0.01796875
0 0.45703125 0.290625 0.01328125 0.0125
0 0.51171875 0.0421875 0.01796875 0.015625
0 0.73671875 0.075 0.01953125 0.01796875
0 0.38671875 0.78359375 0.021875 0.02265625
0 0.66484375 0.0421875 0.0453125 0.03828125
0 0.73046875 0.24375 0.0140625 0.01328125
0 0.5671875 0.89296875 0.02890625 0.03046875
0 0.29765625 0.65703125 0.0203125 0.0203125
0 0.81953125 0.7 0.0140625 0.015625
0 0.6296875 0.259375 0.0171875 0.01796875
0 0.69765625 0.66328125 0.02109375 0.02578125
0 0.3296875 0.59609375 0.01875 0.01875
0 0.7046875 0.428125 0.0296875 0.03359375
0 0.3265625 0.546875 0.01484375 0.0171875
0 0.56171875 0.58359375 0.01484375 0.015625
0 0.26796875 0.3015625 0.0453125 0.04921875
0 0.3140625 0.76328125 0.0375 0.0390625
0 0.51484375 0.0078125 0.021875 0.01484375
0 0.8859375 0.2234375 0.01484375 0.01640625
0 0.45 0.06328125 0.01796875 0.0171875
0 0.628125 0.90703125 0.06953125 0.05546875
0 0.88515625 0.3734375 0.065625 0.07890625
0 0.378125 0.85703125 0.02265625 0.02265625
0 0.7859375 0.8953125 0.09609375 0.078125
0 0.925 0.65234375 0.03125 0.0359375
0 0.51484375 0.37265625 0.01328125 0.0140625
0 0.26875 0.45703125 0.0390625 0.046875
0 0.70390625 0.94375 0.04609375 0.03359375
0 0.50859375 0.2796875 0.015625 0.0171875
0 0.34765625 0.665625 0.0328125 0.03828125
0 0.88359375 0.63515625 0.0125 0.0140625
0 0.27578125 0.1859375 0.05625 0.0703125
0 0.8953125 0.709375 0.01171875 0.015625
0 0.55390625 0.90625 0.021875 0.02265625
0 0.6515625 0.08046875 0.0734375 0.06328125
0 0.4546875 0.49375 0.009375 0.01015625
0 0.5671875 0.77109375 0.0140625 0.0140625
0 0.84140625 0.11171875 0.0703125 0.06484375
0 0.784375 0.5 0.06328125 0.08359375
0 0.3421875 0.7234375 0.040625 0.05625
0 0.415625 0.00859375 0.0296875 0.01484375
0 0.4875 0.53828125 0.03671875 0.03828125
0 0.77578125 0.91015625 0.01484375 0.01640625