0 0.9125 0.28203125 0.02265625 0.01953125
0 0.8484375 0.228125 0.0171875 0.01796875
0 0.89140625 0.2265625 0.028125 0.02734375
0 0.6203125 0.2375 0.1421875 0.14609375
0 0.9078125 0.18828125 0.01796875 0.01875
0 0.95 0.13359375 0.05546875 0.05625
0 0.9125 0.4390625 0.04453125 0.0421875
0 0.15234375 0.29765625 0.0265625 0.02421875
0 0.7609375 0.4140625 0.046875 0.03984375
0 0.03515625 0.37265625 0.01015625 0.01171875
0 0.9046875 0.3578125 0.08828125 0.0671875
0 0.69609375 0.01953125 0.01953125 0.01640625
0 0.62421875 0.03046875 0.0203125 0.01875
0 0.6453125 0.12578125 0.06171875 0.05859375
0 0.009375 0.23203125 0.015625 0.01796875
0 0.70859375 0.0484375 0.034375 0.0296875
0 0.315625 0.11484375 0.15703125 0.15859375
0 0.8484375 0.21171875 0.02578125 0.025
0 0.84140625 0.10625 0.03984375 0.03515625
0 0.0421875 0.11953125 0.08359375 0.115625
0 0.98828125 0.86796875 0.0203125 0.01640625
0 0.0421875 0.36484375 0.06640625 0.07109375
0 0.9578125 0.5453125 0.01328125 0.0140625
0 0.29609375 0.2625 0.0484375 0.05
0 0.97421875 0.21171875 0.0390625 0.0296875
0 0.834375 0.603125 0.0234375 0.02578125
0 0.02265625 0.28671875 0.015625 0.015625
0 0.021875 0.55625 0.009375 0.01015625
0 0.1578125 0.4546875 0.01328125 0.0140625
0 0.74296875 0.30390625 0.040625 0.03828125
0 0.79609375 0.07578125 0.03203125 0.03046875
0 0.92265625 0.0484375 0.0359375 0.0328125
0 0.3421875 0.47109375 0.01796875 0.01796875
0 0.8578125 0.5296875 0.0109375 0.01171875
0 0.97734375 0.31328125 0.0453125 0.05078125
0 0.0625 0.44609375 0.0125 0.01171875
0 0.9859375 0.0671875 0.028125 0.06640625
0 0.471875 0.23203125 0.02109375 0.02109375
0 0.821875 0.0203125 0.025 0.02109375
0 0.9359375 0.11015625 0.02734375 0.02109375
0 0.56328125 0.12578125 0.03359375 0.0359375
0 0.0140625 0.665625 0.0109375 0.0125
0 0.58984375 0.01484375 0.02265625 0.021875
0 0.74609375 0.71015625 0.0140625 0.01328125
0 0.99375 0.59921875 0.01171875 0.0359375
0 0.13359375 0.35859375 0.01875 0.01953125
0 0.49921875 0.4609375 0.0203125 0.01875
0 0.46796875 0.1921875 0.01484375 0.01328125
0 0.89921875 0.54140625 0.0171875 0.01640625
0 0.54140625 0.61015625 0.06171875 0.05390625
0 0.040625 0.5703125 0.01484375 0.01796875
0 0.75234375 0.0296875 0.0546875 0.0390625
0 0.57109375 0.5203125 0.0953125 0.0875
0 0.10234375 0.0734375 0.0265625 0.02578125
0 0.03046875 0.31015625 0.059375 0.0671875
0 0.53671875 0.02890625 0.0234375 0.01796875
0 0.47734375 0.53046875 0.01796875 0.01875
0 0.1609375 0.225 0.1125 0.08984375
0 0.0359375 0.2125 0.05546875 0.05546875
0 0.34609375 0.32421875 0.090625 0.08046875
0 0.28828125 0.31953125 0.0484375 0.0375
0 0.2046875 0.66015625 0.028125 0.034375
0 0.4703125 0.41328125 0.0203125 0.0203125
0 0.3671875 0.62265625 0.015625 0.015625
0 0.440625 0.6359375 0.04609375 0.0328125