0 0.82890625 0.640625 0.0296875 0.03125
0 0.7359375 0.69609375 0.0421875 0.04140625
0 0.83125 0.60234375 0.01953125 0.0234375
0 0.553125 0.9640625 0.03046875 0.0171875
0 0.79453125 0.7140625 0.021875 0.02421875
0 0.778125 0.55625 0.0359375 0.03984375
0 0.615625 0.83046875 0.02734375 0.025
0 0.78828125 0.4640625 0.034375 0.0359375
0 0.7390625 0.7859375 0.01953125 0.02109375
0 0.4859375 0.95546875 0.03359375 0.02265625
0 0.53515625 0.946875 0.0265625 0.0171875
0 0.8265625 0.265625 0.02109375 0.02109375
0 0.684375 0.53515625 0.03203125 0.03359375
0 0.684375 0.79609375 0.0328125 0.0328125
0 0.7171875 0.728125 0.03046875 0.03203125
0 0.70625 0.66796875 0.0421875 0.04140625
0 0.6578125 0.6609375 0.04140625 0.0421875
0 0.85234375 0.47578125 0.0265625 0.03671875
0 0.39765625 0.96640625 0.028125 0.01640625
0 0.80234375 0.65234375 0.01484375 0.01640625
0 0.8125 0.7625 0.01953125 0.02265625
0 0.8375 0.2328125 0.021875 0.025
0 0.4515625 0.965625 0.01953125 0.0140625
0 0.7484375 0.828125 0.03203125 0.03203125
0 0.71484375 0.759375 0.0203125 0.0234375
0 0.45078125 0.940625 0.0484375 0.02890625
0 0.7015625 0.8625 0.01796875 0.01953125
0 0.82734375 0.5421875 0.02578125 0.0296875
0 0.3859375 0.97890625 0.02890625 0.01484375
0 0.67109375 0.94921875 0.02265625 0.015625
0 0.503125 0.996875 0.01796875 0.00625
0 0.42421875 0.97265625 0.02734375 0.01328125
0 0.75625 0.5140625 0.02890625 0.02890625
0 0.6703125 0.74140625 0.02265625 0.02734375
0 0.63203125 0.78203125 0.0296875 0.02734375
0 0.88203125 0.48515625 0.01484375 0.01875
0 0.5328125 0.86640625 0.0234375 0.02421875
0 0.75703125 0.88203125 0.01796875 0.0203125
0 0.58359375 0.96328125 0.03046875 0.02109375
0 0.75078125 0.4515625 0.04765625 0.04609375
0 0.60625 0.78828125 0.028125 0.025
0 0.45703125 0.9203125 0.03203125 0.028125
0 0.48984375 0.93203125 0.02265625 0.01953125
0 0.47578125 0.90703125 0.028125 0.02421875
0 0.59296875 0.83125 0.0203125 0.01796875
0 0.8109375 0.5484375 0.01484375 0.01875
0 0.71796875 0.61875 0.0453125 0.0453125
0 0.7078125 0.79765625 0.01875 0.021875
0 0.89921875 0.45625 0.01328125 0.01796875
0 0.57890625 0.83203125 0.02421875 0.021875
0 0.77421875 0.7359375 0.01484375 0.01796875
0 0.790625 0.50078125 0.0296875 0.0328125
0 0.75625 0.60234375 0.01875 0.0203125
0 0.78125 0.59453125 0.01328125 0.01484375
0 0.896875 0.48203125 0.01953125 0.0265625
0 0.7734375 0.65234375 0.0171875 0.01875
0 0.6296875 0.73671875 0.04921875 0.04765625
0 0.75078125 0.571875 0.01875 0.01953125
0 0.9203125 0.54296875 0.02109375 0.028125
0 0.8828125 0.6234375 0.0109375 0.01484375
0 0.86796875 0.5953125 0.0125 0.01640625
0 0.85859375 0.39140625 0.0234375 0.02890625
0 0.92109375 0.58203125 0.01640625 0.0234375
0 0.6796875 0.7140625 0.0234375 0.02578125
0 0.8234375 0.5125 0.01953125 0.02265625
0 0.75859375 0.40390625 0.0328125 0.03515625
0 0.75078125 0.534375 0.01953125 0.01953125
0 0.925 0.3734375 0.0140625 0.01640625
0 0.87578125 0.38046875 0.02109375 0.02890625
0 0.7796875 0.3703125 0.01484375 0.01484375
0 0.6859375 0.903125 0.0140625 0.01171875
0 0.80078125 0.4109375 0.015625 0.02734375
0 0.8296875 0.490625 0.0125 0.015625
0 0.8453125 0.30546875 0.01015625 0.01328125
0 0.796875 0.3546875 0.01640625 0.01796875
0 0.815625 0.390625 0.01171875 0.01640625
0 0.7609375 0.30390625 0.015625 0.0171875
0 0.78046875 0.52421875 0.01640625 0.01875
0 0.72265625 0.5359375 0.02421875 0.02421875
0 0.8890625 0.29296875 0.0125 0.015625
0 0.9234375 0.32734375 0.0109375 0.01640625
0 0.86484375 0.27578125 0.01328125 0.01953125
0 0.7828125 0.25546875 0.03046875 0.03203125
0 0.9109375 0.384375 0.0109375 0.021875
0 0.640625 0.690625 0.0296875 0.03046875
0 0.9421875 0.48046875 0.0109375 0.01875
0 0.95234375 0.40234375 0.01015625 0.01796875
0 0.73515625 0.4453125 0.025 0.0296875
0 0.93828125 0.53203125 0.0140625 0.025
0 0.96484375 0.39765625 0.0109375 0.021875
0 0.78515625 0.21796875 0.04140625 0.0421875
0 0.83203125 0.3375 0.01484375 0.02109375
0 0.56171875 0.84140625 0.02265625 0.0203125
0 0.7734375 0.17421875 0.0140625 0.0140625
0 0.7703125 0.2109375 0.0171875 0.01796875
0 0.571875 0.74765625 0.0265625 0.025
0 0.5265625 0.8421875 0.0203125 0.0203125
0 0.5984375 0.8 0.02421875 0.021875
0 0.509375 0.8015625 0.03046875 0.028125
0 0.85625 0.73671875 0.015625 0.021875
0 0.5640625 0.85234375 0.02109375 0.01953125
0 0.60859375 0.725 0.02109375 0.02578125
0 0.61015625 0.74296875 0.025 0.0296875
0 0.83203125 0.409375 0.03359375 0.04765625
0 0.67578125 0.57109375 0.03671875 0.0390625
0 0.775 0.1515625 0.009375 0.01015625