0 0.8921875 0.42734375 0.0140625 0.01640625
0 0.91953125 0.3328125 0.0078125 0.009375
1 0.82890625 0.4078125 0.02578125 0.028125
0 0.7609375 0.271875 0.015625 0.01640625
0 0.91875 0.37734375 0.009375 0.01171875
0 0.6796875 0.19453125 0.0140625 0.01328125
0 0.7859375 0.3140625 0.0125 0.0125
1 0.74140625 0.26171875 0.01875 0.01953125
0 0.9171875 0.478125 0.0140625 0.01953125
0 0.7078125 0.084375 0.0109375 0.00859375
0 0.9390625 0.5375 0.01484375 0.02109375
1 0.89375 0.4453125 0.02109375 0.02421875
0 0.90546875 0.40546875 0.01484375 0.0171875
0 0.71796875 0.14140625 0.0109375 0.01015625
0 0.86640625 0.44375 0.021875 0.0234375
0 0.8484375 0.3265625 0.01640625 0.015625
0 0.3796875 0.08671875 0.0125 0.01015625
0 0.878125 0.459375 0.0171875 0.0203125
1 0.93125 0.4265625 0.0296875 0.0390625
0 0.878125 0.36328125 0.0125 0.0125
1 0.79765625 0.2609375 0.01875 0.0203125
0 0.90859375 0.2515625 0.009375 0.01171875
0 0.378125 0.07578125 0.01484375 0.0125
0 0.8171875 0.22265625 0.0125 0.0125
0 0.8609375 0.221875 0.00859375 0.00859375
0 0.965625 0.39296875 0.00703125 0.009375
0 0.9640625 0.46015625 0.0078125 0.009375
0 0.85 0.37734375 0.015625 0.01484375
0 0.81328125 0.3421875 0.015625 0.02109375
1 0.84609375 0.275 0.01875 0.02265625
1 0.8328125 0.3515625 0.01875 0.01953125
1 0.80390625 0.3640625 0.02421875 0.02734375
1 0.675 0.175 0.021875 0.01796875
0 0.90859375 0.2796875 0.00703125 0.00859375
1 0.740625 0.1203125 0.01953125 0.0203125
0 0.9640625 0.528125 0.00859375 0.01328125
1 0.89921875 0.359375 0.01171875 0.0140625
0 0.9828125 0.50390625 0.01328125 0.01796875
1 0.68828125 0.2546875 0.0265625 0.03359375
1 0.87421875 0.2875 0.0234375 0.0296875
0 0.80625 0.3328125 0.0109375 0.0125
0 0.73125 0.1359375 0.01328125 0.0109375
1 0.73125 0.06484375 0.02421875 0.0203125
1 0.75078125 0.29765625 0.02734375 0.0296875
0 0.95 0.5953125 0.00859375 0.0109375
1 0.69375 0.15546875 0.01484375 0.0140625
0 0.69453125 0.06796875 0.01953125 0.01328125
1 0.98125 0.4234375 0.0109375 0.01796875
0 0.88984375 0.51328125 0.01328125 0.0171875
0 0.33984375 0.0328125 0.01640625 0.0109375
1 0.7171875 0.25390625 0.01015625 0.015625
1 0.34453125 0.05390625 0.02109375 0.015625
1 0.815625 0.19140625 0.0125 0.0125
0 0.8484375 0.35 0.01328125 0.01328125
0 0.9234375 0.50625 0.0125 0.01484375
1 0.71953125 0.06328125 0.0109375 0.00859375
0 0.9515625 0.52265625 0.01640625 0.0265625
1 0.353125 0.075 0.01328125 0.01015625
1 0.66484375 0.17734375 0.0140625 0.0140625
0 0.99765625 0.44921875 0.0046875 0.0125
1 0.59140625 0.17734375 0.0171875 0.0140625
1 0.74375 0.090625 0.00859375 0.01015625
0 0.61875 0.1875 0.02421875 0.021875
0 0.61015625 0.146875 0.00859375 0.00859375
0 0.509375 0.09375 0.01875 0.0140625
0 0.4609375 0.08203125 0.01171875 0.009375
0 0.42578125 0.11015625 0.0140625 0.0109375
0 0.4890625 0.02109375 0.009375 0.00703125
0 0.5140625 0.13046875 0.01328125 0.01171875
0 0.58515625 0.08984375 0.01640625 0.01171875
0 0.51015625 0.0203125 0.00703125 0.00625
1 0.3765625 0.01796875 0.01328125 0.009375
1 0.6609375 0.03125 0.03125 0.01875
1 0.53359375 0.08828125 0.0078125 0.00859375
1 0.41640625 0.00546875 0.01484375 0.0078125