1 0.334375 0.8421875 0.028125 0.03828125
1 0.57890625 0.26484375 0.02421875 0.03203125
1 0.21875 0.94140625 0.0328125 0.034375
1 0.56796875 0.3328125 0.028125 0.046875
1 0.159375 0.9390625 0.03046875 0.03515625
1 0.55859375 0.16015625 0.03046875 0.040625
1 0.6453125 0.18203125 0.046875 0.06875
1 0.396875 0.04609375 0.0671875 0.0609375
1 0.2703125 0.9109375 0.0328125 0.0359375
1 0.553125 0.0328125 0.04140625 0.046875
0 0.91328125 0.60078125 0.0125 0.01328125
0 0.8796875 0.24296875 0.01171875 0.01328125
0 0.75078125 0.96484375 0.021875 0.0203125
0 0.6 0.0265625 0.0171875 0.01640625
0 0.428125 0.275 0.0203125 0.02265625
0 0.8625 0.2734375 0.0140625 0.01328125
0 0.315625 0.25 0.02109375 0.0203125
0 0.896875 0.49375 0.0203125 0.021875
1 0.26640625 0.3375 0.02109375 0.02421875
0 0.40390625 0.9515625 0.0203125 0.01796875
0 0.77421875 0.58046875 0.025 0.02421875
0 0.853125 0.43515625 0.0203125 0.0203125
0 0.37109375 0.30546875 0.0109375 0.01171875
0 0.6453125 0.07109375 0.08125 0.0921875
1 0.28359375 0.1484375 0.0421875 0.0421875
0 0.9484375 0.3203125 0.0171875 0.01796875
0 0.93203125 0.11171875 0.0578125 0.0515625
0 0.43203125 0.13671875 0.0171875 0.01796875
1 0.15546875 0.8140625 0.02109375 0.01796875
0 0.21953125 0.3109375 0.02265625 0.02109375
0 0.98125 0.57734375 0.02265625 0.0234375
0 0.25625 0.06796875 0.02109375 0.02109375
1 0.30390625 0.2015625 0.02421875 0.02578125
0 0.328125 0.2703125 0.0265625 0.02578125
1 0.05 0.8578125 0.09453125 0.10390625
1 0.30625 0.14921875 0.03203125 0.03359375
0 0.64140625 0.31328125 0.0578125 0.05625
0 0.7421875 0.12734375 0.121875 0.12265625
0 0.5328125 0.2796875 0.03203125 0.03359375
0 0.446875 0.17734375 0.021875 0.021875
0 0.70625 0.88984375 0.0640625 0.05859375
0 0.89375 0.93671875 0.02734375 0.02578125
0 0.453125 0.20859375 0.02890625 0.028125
0 0.9046875 0.0453125 0.0140625 0.01875
0 0.846875 0.01171875 0.01484375 0.0140625
1 0.2140625 0.8046875 0.0421875 0.04140625
0 0.51875 0.028125 0.05625 0.05234375
0 0.06484375 0.725 0.01328125 0.01484375
0 0.3703125 0.0734375 0.028125 0.0265625
0 0.078125 0.5015625 0.02578125 0.025
0 0.43671875 0.05234375 0.053125 0.05546875
0 0.33515625 0.1546875 0.0515625 0.05078125
0 0.628125 0.42265625 0.09296875 0.1125
1 0.04140625 0.971875 0.01953125 0.01796875
1 0.13359375 0.5953125 0.0375 0.0375
1 0.2828125 0.8875 0.01796875 0.01953125
0 0.25703125 0.4484375 0.05 0.05234375
0 0.690625 0.859375 0.025 0.021875
0 0.74140625 0.03984375 0.0375 0.03046875
0 0.21171875 0.11640625 0.04453125 0.04296875
0 0.87265625 0.2203125 0.02265625 0.02109375
0 0.35234375 0.315625 0.140625 0.13203125
0 0.4515625 0.98828125 0.0234375 0.02109375
0 0.13203125 0.9671875 0.01875 0.01796875
0 0.3953125 0.12265625 0.02578125 0.02734375
0 0.8890625 0.36171875 0.02734375 0.028125
0 0.78984375 0.0515625 0.04921875 0.04609375
0 0.8453125 0.0796875 0.0375 0.03359375
0 0.73125 0.28671875 0.02578125 0.025
0 0.825 0.4765625 0.02890625 0.02734375
0 0.9796875 0.44375 0.040625 0.05
0 0.2578125 0.8265625 0.0140625 0.0140625
1 0.3296875 0.12578125 0.03515625 0.03359375
0 0.28828125 0.24453125 0.02890625 0.03203125
1 0.11875 0.84375 0.04921875 0.04765625
1 0.16015625 0.98125 0.02265625 0.02578125
0 0.4625 0.15078125 0.02890625 0.028125
0 0.2125 0.66015625 0.0171875 0.01875
0 0.9421875 0.878125 0.06875 0.07421875
1 0.240625 0.0265625 0.01875 0.01875
0 0.9171875 0.0171875 0.02421875 0.02109375
0 0.3140625 0.825 0.0140625 0.015625
0 0.33203125 0.97265625 0.05078125 0.05
0 0.1609375 0.3421875 0.078125 0.08828125
0 0.2125 0.21484375 0.0640625 0.065625
0 0.171875 0.44375 0.046875 0.046875
0 0.21953125 0.16171875 0.034375 0.0328125
1 0.14296875 0.74765625 0.03671875 0.04375
0 0.43046875 0.91484375 0.07734375 0.075
0 0.52734375 0.92890625 0.0875 0.08046875
0 0.915625 0.77578125 0.07734375 0.08203125
0 0.8171875 0.68984375 0.06640625 0.0703125
1 0.51796875 0.12265625 0.0296875 0.0296875