0 0.6984375 0.240625 0.0125 0.0125
0 0.8859375 0.34609375 0.01171875 0.0109375
0 0.79375 0.1546875 0.01015625 0.0109375
0 0.92734375 0.5203125 0.01015625 0.01171875
0 0.9109375 0.5640625 0.01015625 0.01171875
0 0.69609375 0.14765625 0.0125 0.01171875
0 0.7078125 0.521875 0.01015625 0.0109375
0 0.94140625 0.25 0.015625 0.01640625
0 0.85 0.62578125 0.0125 0.01328125
0 0.44140625 0.7140625 0.01328125 0.0125
0 0.7921875 0.128125 0.01015625 0.01015625
0 0.784375 0.22421875 0.0125 0.0125
0 0.6125 0.4140625 0.01015625 0.01015625
0 0.62421875 0.203125 0.01640625 0.01484375
0 0.82421875 0.30625 0.0140625 0.0140625
0 0.965625 0.328125 0.0140625 0.01640625
0 0.78828125 0.646875 0.01171875 0.01171875
0 0.68671875 0.1046875 0.01484375 0.01484375
0 0.98359375 0.58671875 0.01484375 0.0171875
0 0.8859375 0.22265625 0.01171875 0.01171875
0 0.28125 0.60625 0.034375 0.03515625
0 0.6375 0.478125 0.01171875 0.01171875
0 0.70390625 0.40234375 0.01015625 0.01015625
0 0.971875 0.6046875 0.0203125 0.02578125
0 0.890625 0.69453125 0.0125 0.01328125
0 0.34921875 0.515625 0.01328125 0.0125
0 0.73203125 0.39765625 0.009375 0.01015625
0 0.2703125 0.49609375 0.01484375 0.01484375
0 0.93125 0.46640625 0.009375 0.0109375
0 0.2453125 0.73515625 0.0140625 0.0140625
0 0.20546875 0.0640625 0.01640625 0.015625
0 0.8796875 0.50859375 0.009375 0.0109375
0 0.6890625 0.2171875 0.01171875 0.0125
0 0.77265625 0.43359375 0.0109375 0.01171875
0 0.309375 0.16328125 0.0140625 0.0140625
0 0.6578125 0.25703125 0.01953125 0.02109375
0 0.17734375 0.134375 0.01953125 0.01953125
0 0.86015625 0.0625 0.01171875 0.01171875
0 0.6890625 0.1234375 0.0140625 0.0140625
0 0.5609375 0.9890625 0.02890625 0.01875
0 0.19921875 0.46015625 0.03046875 0.03125
0 0.9046875 0.528125 0.0125 0.0140625
0 0.215625 0.23046875 0.01640625 0.01875
0 0.275 0.69921875 0.01875 0.01796875
0 0.16328125 0.61484375 0.01640625 0.0171875
0 0.16796875 0.5671875 0.0125 0.0140625
0 0.5640625 0.99375 0.034375 0.0125
0 0.18515625 0.6734375 0.01484375 0.015625
0 0.7984375 0.565625 0.009375 0.01015625
0 0.45390625 0.93359375 0.01328125 0.0140625
0 0.8921875 0.2234375 0.01015625 0.01015625
0 0.80390625 0.875 0.0109375 0.01171875
0 0.87109375 0.7203125 0.01015625 0.01171875
0 0.35 0.7078125 0.0140625 0.0140625
0 0.83828125 0.059375 0.0125 0.01171875
0 0.05859375 0.221875 0.0171875 0.01796875
0 0.7671875 0.33203125 0.0109375 0.01171875
0 0.66328125 0.76640625 0.01328125 0.01328125
0 0.25625 0.21640625 0.015625 0.01484375
0 0.6109375 0.4546875 0.009375 0.01015625
0 0.375 0.8875 0.01484375 0.01640625
0 0.20546875 0.0515625 0.02421875 0.02109375
0 0.77109375 0.18984375 0.01640625 0.015625
0 0.13984375 0.1546875 0.02265625 0.0203125
0 0.68984375 0.071875 0.01171875 0.0109375
0 0.340625 0.8546875 0.01484375 0.01640625
0 0.5453125 0.6109375 0.009375 0.01015625
0 0.53203125 0.325 0.00859375 0.009375
0 0.70859375 0.9359375 0.0484375 0.0390625
0 0.87578125 0.78203125 0.01015625 0.01171875
0 0.65390625 0.5 0.00859375 0.009375
0 0.353125 0.959375 0.01171875 0.01328125
0 0.38359375 0.8890625 0.03359375 0.025
0 0.346875 0.49453125 0.0109375 0.0109375
0 0.8875 0.415625 0.01953125 0.01953125
0 0.21328125 0.1109375 0.02265625 0.025
0 0.41484375 0.084375 0.01015625 0.01015625
0 0.3765625 0.965625 0.03203125 0.02421875
0 0.871875 0.13984375 0.00703125 0.00859375
0 0.5328125 0.946875 0.0171875 0.01640625
0 0.96015625 0.240625 0.009375 0.01015625
0 0.5328125 0.8765625 0.0265625 0.02578125
0 0.82265625 0.94296875 0.02265625 0.021875
0 0.096875 0.259375 0.01640625 0.01796875
0 0.715625 0.915625 0.0125 0.01328125
0 0.790625 0.61015625 0.01875 0.01953125
0 0.04296875 0.4328125 0.0203125 0.02734375
0 0.5671875 0.29609375 0.021875 0.01875
0 0.46171875 0.9328125 0.02265625 0.0203125
0 0.9265625 0.66875 0.02265625 0.02421875
0 0.275 0.2421875 0.02421875 0.02265625
0 0.42734375 0.7828125 0.0109375 0.01171875
0 0.0640625 0.74375 0.01875 0.0203125
0 0.8625 0.290625 0.01640625 0.01640625
0 0.16796875 0.965625 0.0125 0.0140625
0 0.08359375 0.38125 0.021875 0.025
0 0.03125 0.65703125 0.01171875 0.0125
0 0.30703125 0.553125 0.021875 0.01953125
0 0.42421875 0.29296875 0.015625 0.01484375
0 0.2140625 0.590625 0.0234375 0.0265625
0 0.20234375 0.40234375 0.02578125 0.02890625
1 0.66328125 0.9546875 0.03203125 0.02734375
1 0.36015625 0.75703125 0.0328125 0.02578125
0 0.5609375 0.9046875 0.02578125 0.02265625
0 0.96796875 0.75625 0.0125 0.01640625
0 0.7453125 0.78359375 0.03046875 0.02265625
0 0.6234375 0.03515625 0.01875 0.01640625
0 0.85234375 0.45 0.0125 0.0140625
0 0.55546875 0.4921875 0.028125 0.02734375
0 0.42421875 0.878125 0.0203125 0.021875
0 0.37421875 0.7765625 0.02734375 0.025
1 0.909375 0.76875 0.03046875 0.046875
1 0.85078125 0.94375 0.021875 0.02265625
0 0.48515625 0.58203125 0.02109375 0.02109375
0 0.7703125 0.55 0.02109375 0.0203125
0 0.29765625 0.3296875 0.03125 0.0328125
0 0.59765625 0.28828125 0.04375 0.03671875