0 0.26171875 0.709375 0.04453125 0.04921875
0 0.365625 0.48984375 0.03671875 0.0390625
0 0.32265625 0.446875 0.03125 0.02734375
0 0.2015625 0.38828125 0.05703125 0.06015625
1 0.203125 0.3859375 0.02109375 0.021875
0 0.16875 0.4703125 0.05078125 0.05859375
0 0.18828125 0.4328125 0.03515625 0.025
0 0.21328125 0.44609375 0.0234375 0.01953125
0 0.20234375 0.46015625 0.03515625 0.02734375
0 0.33671875 0.7875 0.0296875 0.03125
0 0.3765625 0.80234375 0.01953125 0.02890625
0 0.38046875 0.8375 0.04140625 0.0375
0 0.41953125 0.95078125 0.04453125 0.03359375
0 0.5375 0.884375 0.0328125 0.02578125
0 0.496875 0.92421875 0.01953125 0.01796875
0 0.17265625 0.24609375 0.0609375 0.06796875
0 0.19375 0.146875 0.040625 0.053125
0 0.2125 0.0515625 0.0390625 0.025
0 0.28984375 0.371875 0.0296875 0.025
0 0.2875 0.34453125 0.04453125 0.0296875
0 0.2546875 0.22265625 0.0375 0.0234375
0 0.27421875 0.1296875 0.01953125 0.0171875
0 0.296875 0.11015625 0.015625 0.01953125