0 0.696875 0.30390625 0.0140625 0.0140625
0 0.725 0.31875 0.0140625 0.0140625
0 0.58046875 0.32265625 0.01484375 0.01484375
0 0.43359375 0.465625 0.01875 0.01953125
0 0.4515625 0.4703125 0.01484375 0.015625
0 0.665625 0.378125 0.015625 0.01640625
0 0.590625 0.39140625 0.0171875 0.01796875
0 0.5359375 0.44765625 0.01953125 0.02109375
0 0.84296875 0.28359375 0.0125 0.01171875
0 0.6 0.440625 0.01640625 0.01640625
0 0.6625 0.240625 0.02109375 0.01953125
0 0.36875 0.65 0.01640625 0.0171875
0 0.56796875 0.39609375 0.01640625 0.015625
0 0.50078125 0.4578125 0.015625 0.01484375
0 0.37421875 0.71953125 0.0140625 0.01328125
0 0.21171875 0.646875 0.01875 0.01953125
0 0.58515625 0.37421875 0.01796875 0.01953125
0 0.64453125 0.3671875 0.01484375 0.01640625
0 0.56875 0.38046875 0.0234375 0.0234375
0 0.378125 0.54375 0.02265625 0.025
0 0.2765625 0.8109375 0.0140625 0.0140625
0 0.40390625 0.4578125 0.01796875 0.015625
0 0.51171875 0.50625 0.0203125 0.0203125
0 0.528125 0.471875 0.0140625 0.01328125
0 0.6125 0.32109375 0.02421875 0.02109375
0 0.79296875 0.55 0.01328125 0.01484375
0 0.278125 0.6171875 0.021875 0.02734375
0 0.84140625 0.6 0.0109375 0.0125
0 0.5421875 0.79375 0.0140625 0.0140625
0 0.51953125 0.68671875 0.02265625 0.021875
0 0.33046875 0.60703125 0.025 0.0265625
0 0.365625 0.56875 0.02265625 0.0234375
0 0.90859375 0.26171875 0.01171875 0.0125
0 0.53046875 0.328125 0.02578125 0.0234375
0 0.36484375 0.58125 0.02109375 0.02265625
0 0.6296875 0.4328125 0.025 0.02265625
0 0.7390625 0.2046875 0.01953125 0.01875
0 0.390625 0.7765625 0.0171875 0.01640625
0 0.5515625 0.5671875 0.0109375 0.01171875
0 0.6734375 0.64140625 0.01640625 0.01640625
0 0.771875 0.5234375 0.01640625 0.015625
0 0.8703125 0.2578125 0.0140625 0.01484375
0 0.7875 0.53203125 0.0171875 0.01796875
0 0.47890625 0.38984375 0.03125 0.02890625
0 0.753125 0.70703125 0.0171875 0.01640625
0 0.41875 0.41953125 0.03203125 0.03125
0 0.7859375 0.4625 0.02421875 0.02109375
0 0.74765625 0.5375 0.0171875 0.0171875
0 0.721875 0.17890625 0.02109375 0.01953125
0 0.390625 0.696875 0.02109375 0.0203125
0 0.759375 0.2 0.02109375 0.02421875
0 0.82578125 0.22578125 0.025 0.02421875
0 0.78828125 0.4421875 0.01796875 0.0171875
0 0.70859375 0.240625 0.03125 0.0265625
0 0.69375 0.409375 0.02265625 0.021875
0 0.24609375 0.61484375 0.03359375 0.034375
0 0.57109375 0.271875 0.0328125 0.03046875
0 0.690625 0.64375 0.02109375 0.0203125
0 0.33984375 0.81875 0.01875 0.01875
0 0.93984375 0.3234375 0.0109375 0.0140625
0 0.4015625 0.62109375 0.02890625 0.0265625
0 0.3015625 0.8578125 0.01640625 0.0171875
0 0.5421875 0.421875 0.03359375 0.03046875
0 0.80546875 0.221875 0.01640625 0.01796875
0 0.43984375 0.51875 0.025 0.02421875
0 0.8078125 0.246875 0.0203125 0.01796875
0 0.3109375 0.8015625 0.015625 0.01484375
0 0.359375 0.521875 0.03125 0.028125
0 0.59921875 0.48203125 0.02421875 0.02890625
0 0.82578125 0.42578125 0.02109375 0.0234375
0 0.5640625 0.721875 0.02421875 0.0234375
0 0.43203125 0.7734375 0.02109375 0.01875
0 0.91953125 0.5046875 0.01484375 0.01953125
0 0.66875 0.58125 0.0296875 0.02890625
0 0.35859375 0.4734375 0.02890625 0.03046875
0 0.40390625 0.678125 0.0265625 0.0265625
0 0.47890625 0.95234375 0.0359375 0.01875
0 0.4140625 0.571875 0.034375 0.0328125
0 0.521875 0.61796875 0.0390625 0.0375
0 0.5078125 0.86796875 0.0234375 0.0203125
0 0.4609375 0.684375 0.01328125 0.0140625
0 0.34296875 0.66015625 0.02734375 0.02578125
0 0.4 0.59921875 0.0328125 0.03125
0 0.528125 0.70234375 0.025 0.0234375
0 0.85 0.67265625 0.02265625 0.02421875
0 0.49140625 0.4359375 0.03046875 0.028125
0 0.753125 0.67109375 0.02890625 0.02890625
0 0.54296875 0.76640625 0.02890625 0.02734375
0 0.7265625 0.509375 0.02421875 0.025
0 0.7640625 0.44609375 0.028125 0.02734375
0 0.778125 0.6765625 0.02421875 0.025
1 0.6 0.83046875 0.03203125 0.0265625
0 0.71015625 0.209375 0.03203125 0.028125
0 0.475 0.55390625 0.053125 0.04921875
0 0.19765625 0.77421875 0.01484375 0.0171875
0 0.84921875 0.36953125 0.0734375 0.1
1 0.7 0.81875 0.02421875 0.0234375
0 0.86015625 0.353125 0.01015625 0.01171875
0 0.47578125 0.5171875 0.01953125 0.01953125
0 0.30625 0.73515625 0.02265625 0.02109375
0 0.45 0.653125 0.03515625 0.03359375
0 0.77265625 0.2640625 0.02734375 0.021875
0 0.72734375 0.7796875 0.02578125 0.0234375
0 0.29609375 0.67265625 0.0359375 0.0390625
0 0.4265625 0.946875 0.0234375 0.01796875
0 0.33828125 0.55234375 0.02890625 0.0296875
0 0.64375 0.83515625 0.028125 0.02578125
0 0.40546875 0.75078125 0.03125 0.03046875
0 0.2796875 0.88046875 0.021875 0.02109375
0 0.18046875 0.80625 0.028125 0.03125
0 0.8265625 0.18125 0.02265625 0.0203125
0 0.6109375 0.6734375 0.03046875 0.02890625
0 0.71015625 0.44140625 0.0484375 0.04140625
0 0.575 0.48046875 0.034375 0.0328125
0 0.6265625 0.6078125 0.04453125 0.04296875
0 0.56953125 0.59609375 0.03984375 0.040625
0 0.58984375 0.5578125 0.03046875 0.03125
0 0.7828125 0.22265625 0.03125 0.03125
0 0.48359375 0.7875 0.03203125 0.028125
0 0.73046875 0.6 0.0328125 0.0328125
0 0.484375 0.69375 0.040625 0.03671875
0 0.5203125 0.840625 0.03671875 0.0296875
0 0.3375 0.8828125 0.040625 0.03359375
0 0.33984375 0.73828125 0.03671875 0.0359375
0 0.459375 0.8953125 0.0546875 0.0421875
0 0.634375 0.64921875 0.03984375 0.03828125
0 0.41328125 0.88046875 0.02890625 0.02265625
0 0.42578125 0.8375 0.07890625 0.0671875
0 0.6265625 0.45546875 0.03359375 0.03046875
0 0.23046875 0.8578125 0.02265625 0.02109375
0 0.5328125 0.3734375 0.0421875 0.046875
0 0.628125 0.28828125 0.05234375 0.04296875
0 0.61796875 0.5609375 0.0390625 0.03671875
0 0.19921875 0.86484375 0.025 0.02578125
0 0.35703125 0.55234375 0.03359375 0.03046875
0 0.459375 0.7328125 0.01796875 0.01953125