0 0.83515625 0.52421875 0.015625 0.01640625
0 0.82890625 0.70625 0.01484375 0.0171875
0 0.771875 0.5671875 0.01953125 0.02265625
0 0.69140625 0.54921875 0.0203125 0.02109375
0 0.7 0.60625 0.01875 0.0203125
0 0.77421875 0.7265625 0.01796875 0.0203125
0 0.65 0.71875 0.02109375 0.02265625
0 0.71875 0.55390625 0.01953125 0.02109375
0 0.7078125 0.571875 0.0203125 0.0203125
0 0.7328125 0.63359375 0.01796875 0.01875
0 0.62421875 0.7578125 0.02265625 0.02265625
0 0.72265625 0.67890625 0.0234375 0.02578125
0 0.67265625 0.75234375 0.01796875 0.01875
0 0.73515625 0.55078125 0.0234375 0.025
0 0.8125 0.5109375 0.01875 0.02421875
0 0.77109375 0.48125 0.025 0.02890625
0 0.6859375 0.709375 0.02421875 0.0265625
0 0.6015625 0.85546875 0.0203125 0.01953125
0 0.7640625 0.5921875 0.015625 0.01796875
0 0.6859375 0.63359375 0.025 0.028125
0 0.9078125 0.525 0.0171875 0.0203125
0 0.69609375 0.5140625 0.02734375 0.02890625
0 0.55 0.878125 0.01796875 0.01796875
0 0.85859375 0.61953125 0.01640625 0.01875
0 0.84140625 0.3625 0.01796875 0.02421875
0 0.50703125 0.86875 0.0234375 0.021875
0 0.6203125 0.86484375 0.01953125 0.01875
0 0.57421875 0.8078125 0.01953125 0.01953125
0 0.778125 0.35390625 0.02109375 0.02265625
0 0.61796875 0.678125 0.02734375 0.0296875
0 0.5234375 0.8453125 0.0171875 0.01875
0 0.9265625 0.5328125 0.01875 0.025
0 0.809375 0.48203125 0.0203125 0.02578125
0 0.94609375 0.39375 0.015625 0.021875
0 0.6609375 0.91015625 0.01875 0.0171875
0 0.64609375 0.68125 0.02578125 0.02734375
0 0.57109375 0.88359375 0.0265625 0.0234375
0 0.659375 0.60625 0.0328125 0.0359375
0 0.7171875 0.7 0.01953125 0.02109375
0 0.5296875 0.89921875 0.0234375 0.0203125
0 0.87890625 0.30546875 0.0234375 0.028125
0 0.75078125 0.39140625 0.021875 0.021875
0 0.79375 0.59296875 0.025 0.02890625
0 0.97734375 0.296875 0.0109375 0.01875
0 0.68828125 0.66953125 0.02890625 0.0296875
0 0.60078125 0.878125 0.02109375 0.0203125
0 0.8640625 0.54765625 0.02265625 0.02734375
0 0.58984375 0.8015625 0.025 0.0296875
0 0.709375 0.4578125 0.01953125 0.01796875
0 0.703125 0.72421875 0.02890625 0.02734375
0 0.8734375 0.13125 0.01875 0.0203125
0 0.88828125 0.52265625 0.01875 0.02578125
0 0.82421875 0.7765625 0.01484375 0.0203125
0 0.8 0.7984375 0.0171875 0.01953125
0 0.6609375 0.93203125 0.0203125 0.01640625
0 0.9109375 0.23515625 0.01484375 0.01953125
0 0.68125 0.94609375 0.02109375 0.01796875
0 0.59453125 0.7546875 0.03125 0.0328125
0 0.7796875 0.3796875 0.028125 0.0328125
0 0.64921875 0.65 0.03671875 0.03828125
0 0.5640625 0.86484375 0.01875 0.0171875
0 0.76953125 0.64921875 0.03203125 0.034375
0 0.740625 0.46640625 0.0359375 0.03203125
0 0.853125 0.13046875 0.01796875 0.01796875
0 0.93671875 0.34609375 0.01328125 0.01796875
0 0.9125 0.68828125 0.025 0.03203125
0 0.9828125 0.359375 0.015625 0.02265625
0 0.6578125 0.88671875 0.0296875 0.028125
0 0.77734375 0.80625 0.02578125 0.02578125
0 0.825 0.58671875 0.028125 0.03203125
0 0.98515625 0.4640625 0.015625 0.0203125
0 0.97890625 0.56953125 0.0171875 0.02421875
0 0.54765625 0.96875 0.02578125 0.02109375
0 0.5203125 0.81328125 0.0265625 0.03046875
0 0.96015625 0.384375 0.0203125 0.0296875
0 0.840625 0.32265625 0.02265625 0.034375
0 0.83984375 0.6609375 0.02578125 0.02890625
0 0.5625 0.78984375 0.0203125 0.02734375
0 0.8484375 0.22578125 0.03046875 0.03125
0 0.6921875 0.4625 0.0171875 0.01875
0 0.74296875 0.53046875 0.03203125 0.03359375
0 0.65 0.75546875 0.03046875 0.028125
0 0.54453125 0.9953125 0.0203125 0.009375
0 0.75703125 0.79609375 0.02734375 0.02734375
0 0.7859375 0.86640625 0.025 0.0265625
0 0.634375 0.98203125 0.03515625 0.02265625
0 0.759375 0.42890625 0.03125 0.03828125
0 0.846875 0.26875 0.025 0.0296875
0 0.69296875 0.821875 0.03671875 0.028125
0 0.89375 0.1140625 0.025 0.02734375
0 0.73359375 0.878125 0.02421875 0.0234375
0 0.565625 0.71171875 0.025 0.02578125
0 0.88203125 0.2671875 0.03359375 0.0390625
1 0.8921875 0.47734375 0.03203125 0.03515625
0 0.59296875 0.94921875 0.0421875 0.028125
0 0.48359375 0.896875 0.03359375 0.03046875
0 0.4296875 0.98671875 0.03359375 0.01953125
0 0.8234375 0.4140625 0.03515625 0.04375
0 0.578125 0.92109375 0.04375 0.03515625
0 0.7453125 0.75234375 0.03515625 0.0390625
0 0.8984375 0.29375 0.021875 0.02734375
0 0.478125 0.95703125 0.0453125 0.03203125
1 0.884375 0.38203125 0.02890625 0.034375
0 0.96328125 0.7203125 0.01875 0.0359375
0 0.86953125 0.19609375 0.03125 0.0328125
0 0.52265625 0.77109375 0.040625 0.04453125
0 0.88515625 0.56171875 0.0390625 0.04375
0 0.87109375 0.334375 0.0203125 0.01875
1 0.88359375 0.64375 0.03203125 0.03828125
0 0.9171875 0.3484375 0.02109375 0.03046875
0 0.703125 0.76171875 0.040625 0.03828125
0 0.825 0.6125 0.04296875 0.046875
0 0.47890625 0.9859375 0.03828125 0.0203125
1 0.62890625 0.81796875 0.06015625 0.0515625
0 0.75078125 0.88359375 0.046875 0.03984375
0 0.8125 0.33828125 0.03203125 0.0453125
0 0.82421875 0.13828125 0.009375 0.0109375
1 0.93515625 0.56484375 0.04140625 0.053125
1 0.8765625 0.096875 0.025 0.02578125
1 0.703125 0.46484375 0.03828125 0.03515625
0 0.98359375 0.25625 0.01640625 0.0234375
1 0.72578125 0.7875 0.04765625 0.04609375
0 0.52109375 0.9359375 0.0515625 0.040625