0 0.3171875 0.8 0.0234375 0.02265625
0 0.840625 0.8171875 0.021875 0.01953125
0 0.25625 0.75625 0.0296875 0.02734375
1 0.20078125 0.7515625 0.0421875 0.03515625
0 0.0890625 0.7359375 0.03515625 0.04296875
0 0.3828125 0.92421875 0.0390625 0.021875
0 0.12890625 0.81015625 0.0171875 0.01875
0 0.4359375 0.88671875 0.01640625 0.01328125
0 0.88984375 0.76640625 0.03984375 0.03984375
0 0.278125 0.9015625 0.0171875 0.01171875
0 0.25546875 0.78984375 0.0328125 0.02578125
0 0.19921875 0.7875 0.0328125 0.02890625
0 0.85859375 0.7921875 0.01953125 0.01875
0 0.41640625 0.9421875 0.05390625 0.02734375
0 0.51171875 0.97734375 0.0296875 0.015625
0 0.30390625 0.8578125 0.03046875 0.025
0 0.534375 0.96796875 0.02734375 0.0140625
0 0.5828125 0.8546875 0.03046875 0.02265625
0 0.428125 0.92265625 0.025 0.015625
0 0.45 0.959375 0.03125 0.01796875
1 0.1234375 0.77890625 0.040625 0.03984375
0 0.23046875 0.84375 0.04765625 0.034375
0 0.3515625 0.86328125 0.05859375 0.0609375
0 0.67734375 0.8296875 0.034375 0.03125
0 0.603125 0.8578125 0.028125 0.02421875
0 0.1484375 0.7890625 0.03359375 0.03125
0 0.42109375 0.89765625 0.01953125 0.0140625
0 0.79140625 0.83515625 0.0265625 0.0234375
0 0.72109375 0.8359375 0.03984375 0.028125
0 0.709375 0.865625 0.0703125 0.03515625
0 0.86640625 0.771875 0.02578125 0.02734375
0 0.78515625 0.80625 0.0375 0.0390625
0 0.55078125 0.8578125 0.0234375 0.01953125
0 0.42578125 0.840625 0.02890625 0.01484375
0 0.2921875 0.9234375 0.03125 0.01953125
0 0.7734375 0.878125 0.05625 0.03828125
0 0.76640625 0.83125 0.03984375 0.03515625
0 0.21484375 0.8703125 0.03828125 0.0296875
0 0.55234375 0.8765625 0.0234375 0.01640625