1 0.8671875 0.4171875 0.0328125 0.040625
1 0.9390625 0.246875 0.02734375 0.03203125
1 0.79765625 0.67265625 0.0359375 0.034375
1 0.98671875 0.853125 0.021875 0.025
1 0.690625 0.778125 0.06171875 0.059375
1 0.871875 0.9171875 0.04921875 0.04140625
1 0.628125 0.503125 0.03125 0.05625
1 0.4953125 0.740625 0.0640625 0.0515625
1 0.984375 0.8015625 0.03125 0.059375
1 0.90703125 0.66640625 0.059375 0.0546875
1 0.5453125 0.659375 0.06953125 0.0765625
1 0.94765625 0.77421875 0.04609375 0.03203125
1 0.86640625 0.98515625 0.02109375 0.021875
1 0.9890625 0.209375 0.021875 0.02578125
1 0.93359375 0.61171875 0.0421875 0.0203125
1 0.95 0.815625 0.00859375 0.009375
0 0.39140625 0.59921875 0.0359375 0.03671875
0 0.31171875 0.53828125 0.04140625 0.0421875
1 0.79375 0.7640625 0.05859375 0.034375
1 0.61796875 0.67109375 0.02734375 0.0265625
1 0.80625 0.5203125 0.03359375 0.06484375
0 0.9171875 0.8765625 0.034375 0.03359375
1 0.75 0.65546875 0.05234375 0.0578125
0 0.12890625 0.18359375 0.109375 0.0921875
1 0.7796875 0.48828125 0.0328125 0.06328125
0 0.69609375 0.84296875 0.07421875 0.06640625
1 0.93359375 0.328125 0.075 0.09296875
1 0.959375 0.73515625 0.02109375 0.0296875
0 0.8609375 0.675 0.08046875 0.0765625
0 0.75234375 0.88046875 0.03515625 0.0484375
0 0.2328125 0.51015625 0.025 0.0296875
0 0.08203125 0.20625 0.028125 0.0296875
0 0.86328125 0.55390625 0.0703125 0.0765625
0 0.8734375 0.025 0.03515625 0.025