0 0.47890625 0.06875 0.046875 0.03046875
0 0.471875 0.15546875 0.02109375 0.01796875
0 0.303125 0.29296875 0.01484375 0.01484375
0 0.809375 0.2671875 0.0125 0.0125
0 0.12109375 0.3984375 0.034375 0.03359375
0 0.8265625 0.26484375 0.01171875 0.01328125
0 0.80703125 0.14453125 0.0328125 0.028125
0 0.209375 0.36640625 0.01796875 0.01875
0 0.19140625 0.42578125 0.0140625 0.0171875
0 0.58828125 0.0171875 0.02734375 0.0140625
0 0.61484375 0.15859375 0.01875 0.015625
0 0.3546875 0.11015625 0.04609375 0.03359375
0 0.5203125 0.1046875 0.015625 0.01328125
0 0.58125 0.103125 0.01328125 0.0109375
0 0.3109375 0.09296875 0.01796875 0.01484375
0 0.35546875 0.334375 0.0171875 0.0171875
0 0.38515625 0.259375 0.0171875 0.0203125
0 0.6625 0.2265625 0.0171875 0.015625
0 0.25859375 0.084375 0.02421875 0.0171875
0 0.46640625 0.01015625 0.0421875 0.01796875
0 0.17734375 0.18984375 0.02421875 0.02265625
0 0.31640625 0.3453125 0.021875 0.0234375
0 0.3 0.2796875 0.02109375 0.0203125
0 0.53125 0.0328125 0.02421875 0.01484375
0 0.6359375 0.209375 0.01328125 0.01328125
0 0.3953125 0.0703125 0.02734375 0.0203125
0 0.490625 0.18203125 0.0140625 0.01328125
0 0.61640625 0.2171875 0.0125 0.0109375
0 0.76015625 0.40859375 0.015625 0.0171875
0 0.28515625 0.3140625 0.02890625 0.02890625
0 0.6765625 0.47578125 0.0203125 0.01953125
0 0.38125 0.4703125 0.01953125 0.01875
0 0.60625 0.6609375 0.0171875 0.01875
0 0.6953125 0.03125 0.02265625 0.015625
0 0.28828125 0.36328125 0.01796875 0.01953125
0 0.66796875 0.1578125 0.01171875 0.0109375
0 0.8453125 0.41640625 0.0109375 0.01328125
0 0.353125 0.090625 0.0203125 0.0140625
0 0.64765625 0.17890625 0.0125 0.01171875
0 0.646875 0.2765625 0.01953125 0.01796875
0 0.559375 0.22578125 0.01796875 0.01953125
1 0.92890625 0.2953125 0.01640625 0.02265625
0 0.79921875 0.49921875 0.0109375 0.01171875
0 0.4453125 0.0296875 0.03046875 0.0171875
0 0.20234375 0.1671875 0.05 0.03671875
0 0.8859375 0.42890625 0.01015625 0.0125
0 0.08046875 0.23359375 0.0265625 0.0265625
0 0.5515625 0.725 0.0171875 0.01640625
0 0.55078125 0.01875 0.04140625 0.01953125
0 0.69609375 0.19140625 0.0171875 0.015625
0 0.39453125 0.0921875 0.02578125 0.01953125
1 0.6859375 0.06484375 0.02109375 0.01796875
0 0.95 0.28828125 0.0140625 0.01953125
0 0.9671875 0.5265625 0.0140625 0.021875
0 0.1265625 0.23515625 0.021875 0.02109375
0 0.89921875 0.4890625 0.01171875 0.01484375
0 0.92890625 0.39921875 0.0140625 0.01796875
1 0.5375 0.0515625 0.04375 0.03203125
1 0.42265625 0.7078125 0.01640625 0.01484375
0 0.9546875 0.34296875 0.021875 0.0296875
0 0.81953125 0.7515625 0.01484375 0.01640625
1 0.975 0.50390625 0.02109375 0.0296875
0 0.7703125 0.4359375 0.0109375 0.01328125
1 0.4125 0.009375 0.03671875 0.01640625
0 0.25859375 0.3765625 0.0203125 0.0203125
0 0.8484375 0.19453125 0.01015625 0.01015625
1 0.78515625 0.18203125 0.021875 0.01484375
1 0.71015625 0.91171875 0.0125 0.0140625
0 0.75703125 0.684375 0.0140625 0.01484375
0 0.68671875 0.81875 0.028125 0.0296875
0 0.834375 0.34375 0.0078125 0.009375
0 0.3125 0.4609375 0.04375 0.0390625