0 0.821875 0.24140625 0.03671875 0.03359375
0 0.79375 0.4859375 0.03359375 0.0359375
0 0.70234375 0.140625 0.04140625 0.03671875
0 0.4265625 0.67109375 0.03828125 0.03828125
0 0.6328125 0.1328125 0.0328125 0.0296875
0 0.3671875 0.54296875 0.03671875 0.04140625
0 0.675 0.56640625 0.01328125 0.01484375
0 0.56640625 0.1078125 0.01640625 0.015625
0 0.6890625 0.1734375 0.0296875 0.02890625
0 0.71328125 0.2125 0.02734375 0.02421875
0 0.2203125 0.628125 0.01640625 0.01796875
0 0.878125 0.66484375 0.03125 0.03359375
0 0.7453125 0.30546875 0.03671875 0.03671875
0 0.7625 0.41484375 0.0515625 0.0515625
0 0.6640625 0.1109375 0.03671875 0.03359375
0 0.4484375 0.89921875 0.01171875 0.0140625
0 0.74375 0.36171875 0.040625 0.0421875
0 0.70234375 0.4890625 0.0515625 0.0546875
0 0.309375 0.6453125 0.025 0.02578125
0 0.296875 0.6390625 0.0234375 0.02578125
0 0.28515625 0.87734375 0.01796875 0.01875
0 0.40546875 0.72578125 0.04140625 0.0421875
0 0.678125 0.0484375 0.03046875 0.0234375
0 0.36171875 0.58515625 0.0375 0.0390625
0 0.7859375 0.59453125 0.0640625 0.0671875
0 0.77421875 0.196875 0.03203125 0.02890625
0 0.67734375 0.7375 0.01796875 0.01796875
0 0.7140625 0.378125 0.053125 0.0546875
0 0.47578125 0.746875 0.028125 0.02734375
0 0.78203125 0.525 0.028125 0.0296875
0 0.365625 0.90546875 0.0140625 0.01640625
0 0.73671875 0.25390625 0.015625 0.01640625
0 0.4890625 0.70078125 0.028125 0.0328125
0 0.8609375 0.56171875 0.0296875 0.02890625
0 0.29609375 0.34609375 0.03125 0.03359375
0 0.85859375 0.6984375 0.0140625 0.0171875
0 0.85 0.34140625 0.03125 0.03203125
0 0.309375 0.8703125 0.01328125 0.0140625
0 0.6390625 0.0984375 0.02421875 0.021875
0 0.2046875 0.65625 0.02890625 0.0296875
0 0.81171875 0.6921875 0.05078125 0.05234375
0 0.8296875 0.15625 0.06875 0.06171875
0 0.80546875 0.33984375 0.046875 0.04609375
0 0.4484375 0.64140625 0.0421875 0.04765625
0 0.6578125 0.69609375 0.0421875 0.04140625
0 0.5296875 0.55 0.03515625 0.0375
0 0.8734375 0.13671875 0.075 0.06484375
0 0.765625 0.1265625 0.021875 0.0203125
0 0.5875 0.05390625 0.02578125 0.021875
0 0.4109375 0.9734375 0.0234375 0.01953125
0 0.340625 0.88125 0.0171875 0.01640625
0 0.64375 0.63046875 0.0265625 0.028125
0 0.2046875 0.78359375 0.01796875 0.0203125
0 0.465625 0.1265625 0.03515625 0.0328125
0 0.2515625 0.928125 0.028125 0.02890625
0 0.7578125 0.61015625 0.02421875 0.02578125
0 0.63125 0.03125 0.021875 0.01796875
0 0.559375 0.04765625 0.02265625 0.01796875
0 0.7203125 0.9359375 0.02421875 0.02265625
0 0.290625 0.41171875 0.034375 0.03671875
1 0.44765625 0.04765625 0.0515625 0.0390625
0 0.21484375 0.51171875 0.03515625 0.03671875
0 0.27421875 0.74609375 0.03125 0.03125
0 0.8015625 0.0953125 0.065625 0.05390625
0 0.75625 0.03671875 0.03203125 0.02421875
1 0.53828125 0.10078125 0.03359375 0.0390625
0 0.58125 0.7 0.01015625 0.01171875
0 0.78828125 0.759375 0.03125 0.03125
0 0.48046875 0.5515625 0.03828125 0.03984375
0 0.73359375 0.72734375 0.05546875 0.06015625
0 0.1953125 0.88125 0.028125 0.028125
0 0.3890625 0.503125 0.0203125 0.0234375
0 0.45234375 0.92578125 0.03125 0.03203125
0 0.653125 0.43671875 0.03671875 0.03984375
0 0.49609375 0.5828125 0.02109375 0.0234375
0 0.57734375 0.17578125 0.034375 0.0265625
0 0.25625 0.73828125 0.03125 0.034375
0 0.271875 0.44453125 0.01640625 0.0140625
0 0.31484375 0.715625 0.0296875 0.03125
1 0.33984375 0.21875 0.0453125 0.040625
0 0.5453125 0.01796875 0.04765625 0.03203125
0 0.41015625 0.51953125 0.02421875 0.03046875
0 0.42109375 0.81328125 0.03359375 0.03046875
0 0.5671875 0.8515625 0.06796875 0.05703125
0 0.596875 0.490625 0.01640625 0.021875
0 0.45078125 0.09765625 0.05546875 0.04453125
0 0.19609375 0.75859375 0.03125 0.03359375
0 0.24921875 0.56328125 0.0265625 0.02890625
0 0.91171875 0.75625 0.02109375 0.02421875
0 0.3890625 0.13515625 0.034375 0.03515625
0 0.690625 0.68203125 0.03046875 0.03359375
1 0.51875 0.48046875 0.02109375 0.03203125
1 0.5515625 0.7375 0.01875 0.0234375
0 0.63203125 0.2890625 0.0203125 0.02265625
0 0.35078125 0.40546875 0.04375 0.04375
0 0.55390625 0.48046875 0.028125 0.0375
0 0.48515625 0.471875 0.04375 0.05078125
0 0.3546875 0.98125 0.02109375 0.01953125
0 0.25390625 0.95234375 0.02578125 0.0234375
0 0.52421875 0.09765625 0.0109375 0.0109375
0 0.3265625 0.665625 0.03046875 0.0390625
0 0.27578125 0.2578125 0.03984375 0.0375
0 0.559375 0.19453125 0.0328125 0.0296875
0 0.740625 0.01875 0.015625 0.01640625
0 0.1625 0.92734375 0.02109375 0.02109375
0 0.42421875 0.94453125 0.08671875 0.0765625
0 0.25703125 0.4984375 0.02578125 0.025
0 0.440625 0.7859375 0.10625 0.10234375
0 0.1984375 0.9953125 0.025 0.009375
0 0.61328125 0.55078125 0.0171875 0.0171875
0 0.90625 0.359375 0.040625 0.04375
0 0.87265625 0.2671875 0.065625 0.0671875
0 0.92109375 0.453125 0.0484375 0.0546875
0 0.9671875 0.45078125 0.03046875 0.02890625
0 0.8765625 0.48671875 0.06640625 0.075
0 0.9796875 0.72109375 0.02578125 0.02890625
0 0.8484375 0.76640625 0.0109375 0.0125
1 0.39453125 0.88046875 0.02421875 0.0171875
0 0.7546875 0.909375 0.03203125 0.0296875
0 0.96015625 0.2671875 0.0671875 0.07890625
0 0.9828125 0.346875 0.02890625 0.0296875
0 0.92890625 0.13828125 0.07578125 0.0765625
0 0.31171875 0.89921875 0.05234375 0.05234375
1 0.29921875 0.8265625 0.02421875 0.03125
1 0.98125 0.84453125 0.03671875 0.0859375
1 0.26796875 0.67734375 0.02109375 0.028125