1 0.4046875 0.95390625 0.01640625 0.02890625
1 0.40859375 0.8796875 0.0234375 0.04609375
1 0.13125 0.234375 0.040625 0.05390625
1 0.16328125 0.86640625 0.02265625 0.02578125
1 0.3109375 0.78515625 0.02109375 0.03359375
0 0.0203125 0.4265625 0.040625 0.06953125
0 0.2984375 0.66953125 0.0265625 0.0265625
1 0.259375 0.79765625 0.01484375 0.021875
1 0.3734375 0.9859375 0.01640625 0.02265625
1 0.040625 0.1578125 0.03671875 0.05
1 0.09140625 0.5375 0.02265625 0.03359375
1 0.12890625 0.478125 0.0328125 0.04375
1 0.840625 0.3046875 0.01953125 0.021875
1 0.19453125 0.2609375 0.04453125 0.059375
0 0.028125 0.59921875 0.0546875 0.109375
1 0.02578125 0.29140625 0.0203125 0.028125
0 0.628125 0.70234375 0.0671875 0.07578125
1 0.63515625 0.93828125 0.0203125 0.02734375
0 0.92421875 0.784375 0.01875 0.0203125
0 0.1203125 0.68828125 0.08515625 0.08203125
1 0.87265625 0.6453125 0.01484375 0.0234375
0 0.2703125 0.68671875 0.02890625 0.0265625
0 0.36171875 0.74375 0.10546875 0.10859375
0 0.24921875 0.6015625 0.02734375 0.02890625
1 0.06328125 0.0203125 0.03203125 0.03984375
0 0.3515625 0.809375 0.07109375 0.06640625
1 0.1390625 0.98515625 0.01171875 0.01328125
0 0.6140625 0.659375 0.05546875 0.05078125
0 0.03828125 0.225 0.0265625 0.0359375
0 0.0796875 0.3109375 0.02734375 0.025
1 0.03125 0.78671875 0.01015625 0.0109375
0 0.0703125 0.5875 0.01875 0.02265625
1 0.74296875 0.40390625 0.02890625 0.040625
1 0.6234375 0.9671875 0.03828125 0.05859375
0 0.51640625 0.8703125 0.02109375 0.021875
1 0.2203125 0.3921875 0.04609375 0.05859375
0 0.22890625 0.9234375 0.07109375 0.078125
0 0.8828125 0.215625 0.02734375 0.02890625
1 0.309375 0.8109375 0.021875 0.02890625
0 0.0765625 0.196875 0.021875 0.02265625
1 0.7109375 0.74296875 0.025 0.04453125
1 0.125 0.8734375 0.009375 0.009375
0 0.0546875 0.70390625 0.0609375 0.065625
1 0.81328125 0.925 0.0109375 0.0109375
0 0.02265625 0.87109375 0.0453125 0.0609375
0 0.16875 0.10625 0.034375 0.04609375
0 0.83125 0.7171875 0.0765625 0.07265625
0 0.07734375 0.6421875 0.0171875 0.01875
1 0.4515625 0.984375 0.01015625 0.0125
0 0.91484375 0.72890625 0.01875 0.01875
1 0.578125 0.9625 0.009375 0.0109375
1 0.1640625 0.778125 0.0140625 0.0140625
1 0.10703125 0.09140625 0.01015625 0.01015625
0 0.525 0.975 0.02421875 0.021875
1 0.14296875 0.8625 0.01015625 0.0109375
0 0.0109375 0.52890625 0.021875 0.0359375
1 0.8296875 0.02578125 0.02109375 0.03203125
0 0.1125 0.6859375 0.01171875 0.01171875
0 0.60859375 0.82421875 0.03046875 0.02734375
1 0.51015625 0.93203125 0.02734375 0.0421875
0 0.2859375 0.759375 0.0125 0.01328125
0 0.37734375 0.646875 0.1 0.1015625
1 0.4984375 0.02109375 0.0265625 0.0375
0 0.1984375 0.8328125 0.07578125 0.08125
1 0.07734375 0.996875 0.0109375 0.00625
0 0.79296875 0.57734375 0.0875 0.08671875
0 0.6625 0.8390625 0.07890625 0.06953125
0 0.971875 0.43671875 0.03828125 0.0390625
0 0.97734375 0.56796875 0.0203125 0.021875
0 0.14375 0.56875 0.03671875 0.03671875
0 0.17109375 0.61171875 0.015625 0.01953125
1 0.75703125 0.10078125 0.01875 0.0484375
0 0.7 0.9640625 0.10703125 0.06484375
1 0.978125 0.63125 0.0171875 0.03515625
0 0.95390625 0.0765625 0.01796875 0.02265625
0 0.8484375 0.19375 0.0125 0.0140625
0 0.09921875 0.359375 0.03828125 0.05390625
0 0.928125 0.9640625 0.0671875 0.05546875
0 0.83515625 0.95 0.09921875 0.0796875
0 0.803125 0.01796875 0.03359375 0.028125