1 0.95234375 0.0578125 0.02734375 0.021875
1 0.9265625 0.0421875 0.0296875 0.02578125
1 0.8921875 0.0203125 0.01484375 0.0109375
1 0.83828125 0.05546875 0.0234375 0.01640625
1 0.87578125 0.06328125 0.02421875 0.01875
1 0.98515625 0.09453125 0.028125 0.028125
1 0.95546875 0.11875 0.02109375 0.02109375
1 0.7921875 0.025 0.0171875 0.0109375
1 0.89609375 0.078125 0.03359375 0.0234375
1 0.846875 0.0234375 0.04453125 0.02890625
1 0.87578125 0.09296875 0.0109375 0.01171875
1 0.9703125 0.10703125 0.0578125 0.0546875