0 0.2546875 0.834375 0.0140625 0.01328125
0 0.3484375 0.88984375 0.0140625 0.01171875
0 0.61640625 0.7515625 0.0109375 0.01015625
0 0.63203125 0.7875 0.01328125 0.0125
0 0.1890625 0.78046875 0.01796875 0.0171875
0 0.24296875 0.865625 0.0171875 0.0140625
0 0.25546875 0.7890625 0.01328125 0.0125
0 0.27578125 0.7609375 0.0171875 0.01640625
0 0.79453125 0.79296875 0.01875 0.01875
0 0.4640625 0.74609375 0.01171875 0.0109375
0 0.15703125 0.8078125 0.01484375 0.0140625
0 0.59453125 0.31328125 0.04140625 0.04375
0 0.359375 0.7546875 0.01640625 0.015625
0 0.834375 0.334375 0.01328125 0.01640625
0 0.5421875 0.7828125 0.0140625 0.0125
0 0.3734375 0.5453125 0.01484375 0.015625
0 0.3890625 0.75859375 0.0140625 0.01328125
0 0.30078125 0.3390625 0.0359375 0.03359375
0 0.3984375 0.48515625 0.01484375 0.015625
0 0.3078125 0.8140625 0.01328125 0.0125
0 0.35703125 0.5875 0.04609375 0.04453125
0 0.4203125 0.67578125 0.021875 0.0203125
0 0.55546875 0.42421875 0.01328125 0.0140625
0 0.46171875 0.53203125 0.01171875 0.01171875
0 0.26640625 0.40859375 0.03125 0.028125
0 0.725 0.8328125 0.0234375 0.021875
0 0.50234375 0.353125 0.01640625 0.01640625
0 0.86171875 0.60625 0.025 0.0265625
0 0.63984375 0.5578125 0.0359375 0.034375
0 0.86953125 0.43515625 0.01953125 0.02109375
0 0.83515625 0.66953125 0.0125 0.01328125
0 0.11328125 0.509375 0.01484375 0.01796875
0 0.7015625 0.8625 0.02421875 0.01953125
0 0.8234375 0.6015625 0.01328125 0.0140625
0 0.73671875 0.66328125 0.02265625 0.021875
0 0.9015625 0.31875 0.04453125 0.06171875
0 0.86796875 0.3421875 0.01484375 0.0171875
0 0.72578125 0.4578125 0.01328125 0.0140625
0 0.95390625 0.6 0.01875 0.03046875
0 0.23046875 0.27890625 0.01953125 0.021875
0 0.43046875 0.6421875 0.0171875 0.0171875
0 0.5046875 0.628125 0.01953125 0.0203125
0 0.4703125 0.73203125 0.0109375 0.01015625
0 0.509375 0.409375 0.0328125 0.0359375
0 0.703125 0.42890625 0.01953125 0.02109375
0 0.60703125 0.5328125 0.0140625 0.01484375
0 0.1234375 0.47421875 0.0203125 0.0265625
0 0.44453125 0.8453125 0.009375 0.01015625
0 0.33984375 0.2390625 0.01640625 0.01484375
0 0.53046875 0.72734375 0.028125 0.0265625
0 0.35703125 0.2828125 0.01484375 0.01484375
0 0.48515625 0.54765625 0.01328125 0.0125
0 0.77265625 0.58203125 0.01015625 0.0109375
0 0.68984375 0.38515625 0.0234375 0.025
0 0.9171875 0.5890625 0.02265625 0.0296875
1 0.75703125 0.765625 0.03203125 0.02890625
0 0.5375 0.87890625 0.0265625 0.01953125
0 0.7640625 0.45390625 0.01484375 0.0171875
0 0.7890625 0.76640625 0.02734375 0.025
0 0.9421875 0.51796875 0.03125 0.053125
0 0.15546875 0.76015625 0.01484375 0.0171875
0 0.525 0.48515625 0.02109375 0.02734375
0 0.36484375 0.41796875 0.02109375 0.0203125
0 0.67578125 0.5421875 0.02109375 0.02109375
0 0.5421875 0.50859375 0.02265625 0.021875
0 0.4640625 0.40859375 0.02890625 0.0296875
0 0.76484375 0.5359375 0.02734375 0.02890625
0 0.8 0.5484375 0.028125 0.03125
0 0.64375 0.23671875 0.02578125 0.02421875
0 0.559375 0.225 0.0203125 0.02109375
0 0.63984375 0.59765625 0.03125 0.02890625
0 0.4515625 0.22265625 0.01953125 0.0171875
0 0.60234375 0.6375 0.01875 0.01875
0 0.6359375 0.31328125 0.021875 0.02109375
0 0.72578125 0.32265625 0.0171875 0.01875
0 0.646875 0.20234375 0.025 0.02265625
0 0.58828125 0.45625 0.02109375 0.02109375
0 0.6359375 0.29921875 0.01640625 0.0171875
0 0.20234375 0.45390625 0.0234375 0.0203125
0 0.740625 0.40703125 0.0171875 0.01875
0 0.08046875 0.49375 0.02421875 0.034375
0 0.92109375 0.5390625 0.0203125 0.02890625
0 0.590625 0.62578125 0.01640625 0.01796875
0 0.778125 0.4546875 0.0125 0.0125
0 0.6328125 0.6421875 0.0375 0.0390625
0 0.30234375 0.7453125 0.03125 0.028125
0 0.65703125 0.45 0.03359375 0.0328125
0 0.5921875 0.12265625 0.0234375 0.02265625
0 0.70234375 0.46953125 0.015625 0.0171875
0 0.28359375 0.22265625 0.01953125 0.0171875
0 0.9203125 0.43515625 0.0234375 0.03359375
0 0.67578125 0.49375 0.0421875 0.0484375
0 0.8609375 0.5734375 0.025 0.02734375
0 0.78984375 0.7015625 0.01953125 0.02109375
0 0.571875 0.1078125 0.0265625 0.025
0 0.725 0.1609375 0.02109375 0.02109375
0 0.81953125 0.7828125 0.01875 0.0203125
0 0.81484375 0.20078125 0.04296875 0.0421875
0 0.85546875 0.4 0.02421875 0.028125
0 0.78984375 0.68984375 0.0171875 0.01875
0 0.69140625 0.1703125 0.02890625 0.03046875
0 0.95390625 0.45234375 0.021875 0.0375