0 0.46171875 0.41875 0.2640625 0.2671875
1 0.45390625 0.41484375 0.0609375 0.0453125
0 0.1484375 0.61875 0.05703125 0.04453125
1 0.14375 0.62109375 0.021875 0.02109375
0 0.05 0.56484375 0.0484375 0.0390625
0 0.0609375 0.68203125 0.0875 0.08046875
0 0.21171875 0.70546875 0.0484375 0.0390625
0 0.29453125 0.7609375 0.046875 0.05625
0 0.490625 0.884375 0.06015625 0.05703125
0 0.44765625 0.92578125 0.04453125 0.05234375
0 0.42421875 0.84140625 0.04140625 0.05234375
0 0.82109375 0.58828125 0.0609375 0.06484375
0 0.8734375 0.4328125 0.08046875 0.0953125
0 0.7671875 0.0734375 0.11328125 0.0875
0 0.1734375 0.25625 0.0640625 0.05859375
0 0.7046875 0.79375 0.1 0.1265625
0 0.88203125 0.9015625 0.115625 0.11328125
0 0.91796875 0.7609375 0.1640625 0.18125
0 0.91953125 0.30078125 0.08046875 0.1015625
0 0.9671875 0.27734375 0.05234375 0.07265625
0 0.96328125 0.1828125 0.0703125 0.08203125
0 0.909375 0.0890625 0.040625 0.0453125
0 0.69296875 0.5421875 0.05703125 0.05625
0 0.6484375 0.590625 0.046875 0.0484375
0 0.8390625 0.25546875 0.0484375 0.046875
0 0.88046875 0.240625 0.03359375 0.0375
0 0.91953125 0.13828125 0.0390625 0.046875
0 0.565625 0.2171875 0.05625 0.04296875
0 0.57109375 0.15 0.0640625 0.0609375
0 0.4109375 0.165625 0.04296875 0.03515625
0 0.440625 0.0953125 0.06875 0.06796875
0 0.4859375 0.11875 0.0640625 0.0609375
0 0.31171875 0.1671875 0.03515625 0.02734375
0 0.24296875 0.2875 0.05859375 0.04921875
0 0.55078125 0.85859375 0.078125 0.084375
0 0.590625 0.93125 0.0609375 0.05625
0 0.21484375 0.81875 0.02578125 0.02109375