1 0.80625 0.10703125 0.0234375 0.03046875
1 0.8671875 0.065625 0.0359375 0.02734375
1 0.77265625 0.0375 0.03359375 0.0234375
1 0.959375 0.13515625 0.0203125 0.01953125
1 0.9953125 0.1609375 0.00859375 0.0296875
1 0.915625 0.0640625 0.01484375 0.01328125
1 0.9015625 0.08359375 0.01796875 0.01796875
1 0.953125 0.17734375 0.02578125 0.0296875
1 0.74375 0.10234375 0.01875 0.0265625
1 0.9703125 0.1421875 0.01640625 0.015625
1 0.85234375 0.04609375 0.0203125 0.01640625
1 0.74140625 0.0671875 0.01875 0.0203125
1 0.88828125 0.1265625 0.015625 0.0171875
1 0.6078125 0.0765625 0.02109375 0.01796875
1 0.63515625 0.0984375 0.015625 0.015625
1 0.8234375 0.07578125 0.03359375 0.025
1 0.68984375 0.06328125 0.0171875 0.01796875
1 0.91875 0.071875 0.01875 0.0171875
1 0.89765625 0.12890625 0.01640625 0.01328125
1 0.7234375 0.015625 0.0203125 0.01640625
1 0.9078125 0.0515625 0.01796875 0.01640625
1 0.8 0.09140625 0.0265625 0.03203125
1 0.9859375 0.1390625 0.01953125 0.01875
1 0.3390625 0.0640625 0.0109375 0.015625
1 0.99375 0.12265625 0.0125 0.0296875