0 0.36484375 0.75859375 0.028125 0.02578125
0 0.2421875 0.23203125 0.0515625 0.0546875
0 0.215625 0.54765625 0.05078125 0.0515625
0 0.29609375 0.6171875 0.02890625 0.0296875
0 0.46875 0.71015625 0.0515625 0.05
0 0.4015625 0.14765625 0.05234375 0.0484375
0 0.0546875 0.1328125 0.040625 0.04375
0 0.2796875 0.31328125 0.034375 0.034375
0 0.46953125 0.0890625 0.0359375 0.034375
0 0.121875 0.759375 0.02734375 0.02734375
0 0.2703125 0.1484375 0.034375 0.0359375
0 0.52265625 0.49765625 0.05078125 0.04921875
0 0.03984375 0.27890625 0.05 0.05234375
0 0.08671875 0.60859375 0.04296875 0.04296875
0 0.19140625 0.3921875 0.028125 0.02890625
0 0.384375 0.528125 0.053125 0.0484375
0 0.25625 0.91796875 0.0359375 0.034375
0 0.5296875 0.79296875 0.02890625 0.02578125
0 0.1359375 0.21328125 0.065625 0.06640625
0 0.3515625 0.05625 0.03359375 0.0328125
0 0.04921875 0.18203125 0.04375 0.04375
0 0.05234375 0.51484375 0.0390625 0.0421875
0 0.9578125 0.64140625 0.04375 0.05234375
0 0.88359375 0.08125 0.07421875 0.065625