0 0.36484375 0.4078125 0.0140625 0.01328125
0 0.1640625 0.56953125 0.03203125 0.03828125
0 0.275 0.46953125 0.0328125 0.03203125
0 0.27421875 0.25625 0.01328125 0.0140625
0 0.271875 0.521875 0.0125 0.01328125
0 0.21015625 0.4 0.01015625 0.01171875
0 0.15390625 0.29921875 0.015625 0.01640625
0 0.3140625 0.5453125 0.01171875 0.01171875
0 0.15703125 0.45 0.04375 0.0484375
0 0.22109375 0.3203125 0.0125 0.01328125
0 0.2046875 0.6546875 0.02890625 0.03203125
0 0.33125 0.49765625 0.01640625 0.01796875
0 0.16953125 0.2921875 0.01015625 0.01015625
0 0.2171875 0.4546875 0.0296875 0.034375
0 0.19375 0.35625 0.0140625 0.015625
0 0.12109375 0.3890625 0.03359375 0.04453125
0 0.26796875 0.33125 0.01875 0.01796875
0 0.23046875 0.34453125 0.015625 0.01640625
0 0.25703125 0.3578125 0.02265625 0.02265625
0 0.234375 0.56328125 0.01484375 0.015625
0 0.240625 0.57890625 0.015625 0.015625
0 0.25078125 0.565625 0.028125 0.03046875
0 0.14453125 0.38515625 0.01796875 0.01953125
0 0.59375 0.84296875 0.01328125 0.0140625
0 0.178125 0.6984375 0.0171875 0.01875
0 0.2484375 0.26640625 0.0109375 0.0125
0 0.15 0.6765625 0.0171875 0.0203125
0 0.38515625 0.8109375 0.03125 0.025
0 0.3234375 0.715625 0.0484375 0.0453125
0 0.16953125 0.3578125 0.0109375 0.01171875
0 0.33515625 0.7546875 0.04765625 0.0390625
0 0.2125 0.615625 0.01875 0.01953125
0 0.1234375 0.61796875 0.01484375 0.01796875
0 0.07421875 0.54765625 0.0203125 0.025
0 0.4140625 0.85859375 0.01875 0.015625
0 0.23828125 0.5890625 0.02109375 0.0234375
0 0.21640625 0.2125 0.0140625 0.0125
0 0.2109375 0.7421875 0.034375 0.03359375
0 0.2890625 0.75546875 0.0171875 0.0171875
0 0.26328125 0.83125 0.01796875 0.01875
0 0.090625 0.43515625 0.0203125 0.0234375
0 0.13671875 0.68671875 0.01875 0.02109375
0 0.36328125 0.4546875 0.01953125 0.0234375
0 0.06875 0.60078125 0.01484375 0.01875
0 0.4234375 0.79609375 0.03203125 0.03203125
0 0.2796875 0.42109375 0.0515625 0.05
0 0.284375 0.60234375 0.0203125 0.01953125
0 0.234375 0.6234375 0.01875 0.02109375
0 0.47890625 0.875 0.03046875 0.0234375
0 0.21640625 0.50390625 0.01796875 0.01953125
1 0.5390625 0.7421875 0.0296875 0.0328125
0 0.30078125 0.36953125 0.05859375 0.06015625
0 0.2578125 0.7484375 0.02734375 0.02578125
0 0.38203125 0.7703125 0.0234375 0.021875
0 0.3578125 0.89921875 0.02265625 0.01796875
0 0.33125 0.4375 0.02265625 0.02265625
0 0.36796875 0.6515625 0.02109375 0.021875
0 0.353125 0.6890625 0.02265625 0.02421875
0 0.1078125 0.4859375 0.0125 0.0140625
0 0.4125 0.340625 0.0265625 0.0265625
0 0.203125 0.42265625 0.01875 0.0234375
1 0.48359375 0.7328125 0.02109375 0.02421875
0 0.30703125 0.77421875 0.03828125 0.0375
0 0.25703125 0.63671875 0.028125 0.028125
0 0.23828125 0.415625 0.0359375 0.040625
0 0.3953125 0.95546875 0.0140625 0.01328125
0 0.6953125 0.89921875 0.0296875 0.021875
0 0.3234375 0.58125 0.065625 0.06796875
0 0.17421875 0.23359375 0.01015625 0.01015625
0 0.28671875 0.83984375 0.03046875 0.02578125
0 0.40078125 0.6328125 0.03828125 0.03515625
0 0.64453125 0.78671875 0.0296875 0.02890625
0 0.31796875 0.271875 0.03125 0.02890625
0 0.54296875 0.82109375 0.0171875 0.015625
1 0.56328125 0.6828125 0.0265625 0.02890625
0 0.31015625 0.67578125 0.0375 0.0328125
1 0.69921875 0.85625 0.02265625 0.0234375
0 0.5265625 0.82265625 0.01875 0.01953125
0 0.43046875 0.34140625 0.01640625 0.01875
1 0.6140625 0.82109375 0.0546875 0.0515625
1 0.0734375 0.690625 0.025 0.0375
0 0.51640625 0.90078125 0.02265625 0.01796875
1 0.62578125 0.86640625 0.0421875 0.03671875
1 0.49375 0.76171875 0.0546875 0.0484375
1 0.67734375 0.83125 0.03984375 0.03984375
0 0.4984375 0.95625 0.0265625 0.01640625
1 0.4078125 0.484375 0.02109375 0.02421875