0 0.365625 0.67265625 0.05625 0.0609375
0 0.61875 0.74375 0.0953125 0.08046875
0 0.6890625 0.67734375 0.04140625 0.0390625
0 0.234375 0.31953125 0.04140625 0.0375
0 0.2671875 0.35 0.0484375 0.04453125
0 0.2265625 0.615625 0.03671875 0.04296875
0 0.2046875 0.6953125 0.02109375 0.02890625
0 0.1171875 0.74453125 0.04140625 0.04921875
0 0.27109375 0.7046875 0.03359375 0.0375
0 0.86015625 0.8609375 0.0484375 0.046875
0 0.8109375 0.83984375 0.0703125 0.0703125
0 0.75625 0.809375 0.084375 0.0796875
0 0.97109375 0.83359375 0.02890625 0.03671875
0 0.08828125 0.40546875 0.02109375 0.02734375
0 0.225 0.215625 0.03125 0.0328125
0 0.259375 0.18046875 0.02734375 0.0453125
0 0.7703125 0.475 0.0328125 0.0328125
0 0.834375 0.509375 0.0328125 0.03671875