0 0.73203125 0.3625 0.0328125 0.034375
0 0.634375 0.36171875 0.0296875 0.03046875
0 0.67890625 0.39765625 0.0359375 0.03671875
0 0.728125 0.27734375 0.02734375 0.0265625
0 0.65 0.24140625 0.015625 0.015625
0 0.7078125 0.20078125 0.03203125 0.03046875
0 0.5953125 0.25078125 0.034375 0.03359375
0 0.53359375 0.459375 0.034375 0.040625
0 0.4828125 0.23046875 0.0203125 0.0203125
0 0.703125 0.43125 0.01328125 0.01484375
0 0.6515625 0.3015625 0.03828125 0.0375
0 0.7828125 0.4609375 0.03359375 0.0375
0 0.496875 0.21328125 0.021875 0.0203125
0 0.49453125 0.30390625 0.0171875 0.01640625
0 0.7125 0.30859375 0.015625 0.01484375
0 0.5640625 0.41171875 0.034375 0.0375
0 0.51328125 0.26796875 0.02265625 0.021875
0 0.75625 0.484375 0.0171875 0.0203125
0 0.6375 0.48359375 0.04296875 0.046875
0 0.52421875 0.3109375 0.015625 0.015625
0 0.58515625 0.3 0.028125 0.028125
0 0.475 0.396875 0.0234375 0.02421875
0 0.77421875 0.553125 0.03203125 0.03125
0 0.684375 0.2984375 0.0171875 0.01875
0 0.6359375 0.0984375 0.0140625 0.0125
0 0.49921875 0.24453125 0.0296875 0.028125
0 0.6390625 0.384375 0.0203125 0.0203125
0 0.4046875 0.29765625 0.0296875 0.028125
0 0.55390625 0.19453125 0.01640625 0.015625
0 0.6734375 0.33515625 0.03671875 0.03671875
0 0.6703125 0.36171875 0.021875 0.021875
0 0.4875 0.42421875 0.02265625 0.02421875
0 0.69296875 0.6 0.03671875 0.03984375
0 0.45703125 0.42109375 0.02734375 0.0296875
0 0.76875 0.42109375 0.0203125 0.025
0 0.6546875 0.4234375 0.0203125 0.01953125
0 0.5609375 0.0703125 0.03515625 0.0265625
0 0.696875 0.684375 0.03515625 0.0359375
0 0.5171875 0.58203125 0.03984375 0.040625
0 0.48984375 0.1203125 0.02578125 0.021875
0 0.5984375 0.6375 0.0453125 0.0453125
0 0.6765625 0.44921875 0.01875 0.0203125
0 0.48203125 0.178125 0.040625 0.0375
0 0.62109375 0.18984375 0.01796875 0.0171875
0 0.39765625 0.32890625 0.02421875 0.02578125
0 0.38203125 0.28359375 0.01796875 0.01796875
0 0.565625 0.15703125 0.01953125 0.01640625
0 0.840625 0.4234375 0.0140625 0.015625
0 0.5515625 0.2984375 0.021875 0.0203125
0 0.7 0.55390625 0.0515625 0.05546875
0 0.5734375 0.10625 0.028125 0.025
0 0.646875 0.540625 0.0515625 0.053125
0 0.58984375 0.55 0.04140625 0.04453125
0 0.60859375 0.38828125 0.021875 0.0234375
0 0.82890625 0.50078125 0.0234375 0.02421875
0 0.634375 0.065625 0.0328125 0.02421875
0 0.5640625 0.9328125 0.02578125 0.025
0 0.42734375 0.24140625 0.03359375 0.03359375
0 0.4875 0.4890625 0.03046875 0.034375
0 0.4125 0.378125 0.034375 0.0328125
0 0.4453125 0.31796875 0.0328125 0.03203125
0 0.86328125 0.6265625 0.02421875 0.0265625
0 0.55078125 0.37890625 0.021875 0.0203125
0 0.47265625 0.4578125 0.0265625 0.028125
0 0.47421875 0.365625 0.02265625 0.0234375
0 0.83125 0.59765625 0.02265625 0.025
0 0.528125 0.06171875 0.028125 0.02421875
0 0.77421875 0.80546875 0.0109375 0.01328125
0 0.5484375 0.88515625 0.02265625 0.02109375
0 0.740625 0.9109375 0.01171875 0.01328125
0 0.75703125 0.6515625 0.01875 0.02265625
0 0.65546875 0.2171875 0.01640625 0.01875
0 0.60078125 0.940625 0.025 0.02578125
0 0.71875 0.496875 0.02265625 0.02265625
0 0.67265625 0.9234375 0.03046875 0.0234375
0 0.4546875 0.36328125 0.0296875 0.0296875
0 0.65 0.47109375 0.02734375 0.03125
0 0.62109375 0.29375 0.021875 0.02265625
0 0.446875 0.0796875 0.03515625 0.0328125
0 0.4296875 0.459375 0.04921875 0.046875
0 0.60859375 0.2078125 0.01953125 0.0171875
0 0.78359375 0.24921875 0.01953125 0.02109375
0 0.3921875 0.22421875 0.04296875 0.05234375
0 0.55234375 0.98359375 0.0234375 0.01484375
0 0.584375 0.4484375 0.025 0.0296875
0 0.4546875 0.51875 0.03359375 0.0390625
0 0.64765625 0.9796875 0.021875 0.015625
0 0.384375 0.15703125 0.06484375 0.04921875
0 0.51875 0.98125 0.0328125 0.02109375
0 0.50859375 0.884375 0.025 0.01953125
0 0.484375 0.52578125 0.03203125 0.0359375
0 0.45234375 0.2125 0.0328125 0.03203125
0 0.62890625 0.90078125 0.03671875 0.0328125
0 0.4578125 0.15625 0.04765625 0.04921875
0 0.60859375 0.70390625 0.03125 0.02890625
0 0.50703125 0.93515625 0.03671875 0.02734375
1 0.3359375 0.17109375 0.00859375 0.0140625