0 0.6875 0.578125 0.059375 0.05546875
0 0.7640625 0.33671875 0.0515625 0.05
0 0.928125 0.5265625 0.04765625 0.046875
0 0.3234375 0.175 0.03828125 0.03515625
0 0.3015625 0.52890625 0.0328125 0.0359375
0 0.22578125 0.1984375 0.0546875 0.0546875
0 0.84453125 0.5765625 0.05234375 0.05234375
0 0.6265625 0.30546875 0.05078125 0.04765625
0 0.8171875 0.715625 0.028125 0.02578125
0 0.7375 0.41015625 0.04296875 0.03984375
0 0.115625 0.25234375 0.05546875 0.0546875
0 0.6359375 0.3453125 0.0296875 0.02890625
0 0.8296875 0.4234375 0.0609375 0.0546875
0 0.7984375 0.51640625 0.05703125 0.05
0 0.46171875 0.4921875 0.05234375 0.0515625
0 0.9203125 0.7015625 0.02265625 0.02578125
0 0.13671875 0.3609375 0.07109375 0.08125
0 0.5515625 0.6765625 0.0421875 0.040625
0 0.4390625 0.33359375 0.02265625 0.02265625
0 0.56796875 0.14296875 0.08203125 0.0859375
0 0.28671875 0.48359375 0.02109375 0.02109375
0 0.53125 0.40546875 0.04140625 0.04140625
0 0.628125 0.64375 0.065625 0.065625
0 0.1359375 0.42890625 0.02109375 0.0234375
0 0.35078125 0.13125 0.04609375 0.04140625
0 0.7859375 0.67734375 0.0484375 0.04140625
0 0.13203125 0.1765625 0.0359375 0.034375
0 0.46640625 0.61875 0.06953125 0.0703125
0 0.82890625 0.796875 0.06953125 0.06953125
0 0.290625 0.428125 0.03125 0.03359375
0 0.928125 0.275 0.0453125 0.04453125
0 0.37890625 0.61328125 0.03671875 0.03671875
0 0.684375 0.7796875 0.071875 0.0625
0 0.7625 0.7765625 0.075 0.0734375
0 0.246875 0.6125 0.05859375 0.06328125
0 0.74296875 0.56328125 0.03203125 0.03046875
0 0.62109375 0.19453125 0.07734375 0.071875
0 0.6765625 0.52265625 0.02421875 0.0234375
0 0.01875 0.17265625 0.0328125 0.0359375
0 0.79375 0.55 0.0328125 0.02890625
0 0.834375 0.48203125 0.078125 0.0703125
0 0.0734375 0.56953125 0.028125 0.0296875
0 0.40234375 0.696875 0.075 0.075
0 0.153125 0.76171875 0.0453125 0.04765625
0 0.765625 0.1359375 0.05078125 0.03515625
0 0.53203125 0.47109375 0.03125 0.03046875
0 0.27421875 0.1921875 0.04375 0.0421875
0 0.940625 0.39453125 0.03359375 0.03515625
0 0.23203125 0.68203125 0.0296875 0.03359375
0 0.525 0.5640625 0.03671875 0.0359375
0 0.825 0.6484375 0.02734375 0.02734375
0 0.071875 0.30625 0.01796875 0.0203125
0 0.97578125 0.84765625 0.0265625 0.028125
0 0.96328125 0.675 0.053125 0.0578125
0 0.38203125 0.1015625 0.0390625 0.0359375
0 0.87421875 0.421875 0.03203125 0.03125
0 0.509375 0.27890625 0.06015625 0.0515625
0 0.3046875 0.2875 0.09453125 0.09296875
0 0.93046875 0.79375 0.0359375 0.03828125
0 0.4578125 0.1234375 0.09375 0.08203125
0 0.3734375 0.12578125 0.03359375 0.0296875
0 0.5171875 0.19765625 0.02421875 0.021875
0 0.16796875 0.02890625 0.0546875 0.04296875
0 0.6453125 0.41484375 0.01875 0.01875
0 0.16328125 0.44375 0.03203125 0.0359375
0 0.08828125 0.5453125 0.0296875 0.03515625
0 0.49453125 0.71015625 0.03828125 0.03828125
0 0.6890625 0.4015625 0.03125 0.0328125
0 0.07109375 0.3890625 0.01484375 0.0171875
0 0.16640625 0.5828125 0.0578125 0.0671875
0 0.46328125 0.55 0.03125 0.03125
0 0.55625 0.53046875 0.02734375 0.02734375
0 0.56875 0.80703125 0.0578125 0.04921875
0 0.4984375 0.38046875 0.0265625 0.02734375
0 0.8125 0.23828125 0.02109375 0.02109375
0 0.075 0.121875 0.02265625 0.0265625
0 0.346875 0.6359375 0.05859375 0.06328125
0 0.1265625 0.13515625 0.02421875 0.02265625
0 0.83671875 0.32890625 0.021875 0.02109375
0 0.39375 0.20859375 0.02578125 0.0234375
0 0.4203125 0.509375 0.01796875 0.01796875
0 0.18046875 0.0734375 0.04296875 0.0375
0 0.81015625 0.84921875 0.059375 0.05078125
0 0.06015625 0.721875 0.03828125 0.04609375
0 0.4 0.31015625 0.01953125 0.0203125
0 0.0515625 0.3890625 0.0140625 0.015625
0 0.1078125 0.7125 0.04375 0.046875