0 0.2328125 0.79921875 0.0359375 0.0265625
0 0.3703125 0.85546875 0.040625 0.0296875
0 0.3203125 0.859375 0.046875 0.0375
0 0.409375 0.9015625 0.08046875 0.04375
0 0.42421875 0.8671875 0.0515625 0.03046875
0 0.46484375 0.8546875 0.0390625 0.025
0 0.65 0.89140625 0.115625 0.09140625
0 0.5375 0.88203125 0.03125 0.0328125
0 0.496875 0.884375 0.03671875 0.025
0 0.5265625 0.74609375 0.0453125 0.0453125
0 0.534375 0.809375 0.03359375 0.03125
0 0.51796875 0.840625 0.03203125 0.03125
0 0.86171875 0.8046875 0.0515625 0.04609375
0 0.87734375 0.7703125 0.028125 0.03125
0 0.8890625 0.7328125 0.028125 0.034375
0 0.9234375 0.68125 0.03046875 0.0375
0 0.70859375 0.88671875 0.0421875 0.0421875
0 0.7609375 0.87265625 0.0734375 0.05703125
0 0.29453125 0.89453125 0.0421875 0.03515625
0 0.28203125 0.79765625 0.04453125 0.04765625
0 0.2140625 0.82421875 0.021875 0.0296875
0 0.06875 0.73046875 0.0359375 0.05390625
0 0.09921875 0.70703125 0.02265625 0.0421875
0 0.1625 0.79296875 0.03125 0.0296875
0 0.3796875 0.7640625 0.03671875 0.02734375
0 0.1046875 0.7671875 0.0265625 0.03359375