0 0.13125 0.0765625 0.046875 0.0375
0 0.04609375 0.1859375 0.0296875 0.03515625
0 0.02421875 0.17578125 0.02734375 0.03125
0 0.15703125 0.1203125 0.040625 0.04296875
0 0.16875 0.07734375 0.0328125 0.0375
0 0.190625 0.0109375 0.028125 0.021875
0 0.115625 0.25546875 0.03515625 0.02890625
0 0.0765625 0.2625 0.025 0.025
0 0.0140625 0.29375 0.028125 0.040625
0 0.01328125 0.23984375 0.02109375 0.03125
0 0.05546875 0.4265625 0.0328125 0.0296875
0 0.14453125 0.66796875 0.04140625 0.03359375
0 0.6375 0.17734375 0.0328125 0.02890625
0 0.384375 0.16953125 0.03125 0.03125
0 0.2359375 0.1078125 0.0296875 0.02734375
0 0.2828125 0.03046875 0.04921875 0.0296875
0 0.23203125 0.0328125 0.02890625 0.0234375
0 0.15703125 0.03203125 0.01953125 0.01171875
0 0.13359375 0.03359375 0.025 0.015625