0 0.25546875 0.1578125 0.0265625 0.0234375
0 0.3734375 0.0484375 0.034375 0.02265625
0 0.43359375 0.1328125 0.021875 0.01796875
0 0.5890625 0.02421875 0.03125 0.0203125
0 0.2140625 0.16640625 0.0234375 0.02109375
0 0.47109375 0.04609375 0.02109375 0.015625
0 0.4015625 0.1671875 0.04140625 0.03671875
0 0.3 0.09609375 0.01640625 0.0125
0 0.50546875 0.01796875 0.0265625 0.015625
0 0.60859375 0.06953125 0.02890625 0.02265625
0 0.2859375 0.08515625 0.02265625 0.0171875
0 0.653125 0.01875 0.03046875 0.0203125
0 0.2984375 0.17890625 0.01875 0.0171875
0 0.27421875 0.18359375 0.02578125 0.02109375
0 0.3953125 0.0703125 0.04140625 0.0234375
0 0.54453125 0.0703125 0.03984375 0.0265625
0 0.35859375 0.26875 0.034375 0.03125
0 0.44140625 0.05625 0.03671875 0.02265625
0 0.3453125 0.096875 0.0203125 0.01484375
0 0.296875 0.228125 0.034375 0.0296875
0 0.24453125 0.21796875 0.0359375 0.02890625
0 0.47890625 0.09296875 0.02421875 0.01875
0 0.446875 0.10390625 0.0328125 0.025
0 0.37734375 0.08359375 0.02421875 0.01875
0 0.475 0.06953125 0.03671875 0.025
0 0.51015625 0.05546875 0.02109375 0.01484375
0 0.14140625 0.27109375 0.02421875 0.02421875
0 0.5921875 0.06484375 0.0265625 0.021875
0 0.07578125 0.4359375 0.01796875 0.021875
0 0.24921875 0.05703125 0.028125 0.02421875
0 0.503125 0.04296875 0.01640625 0.0125
0 0.2640625 0.24375 0.02265625 0.021875
0 0.23671875 0.08671875 0.03046875 0.02578125
0 0.46015625 0.1203125 0.0265625 0.01953125
0 0.690625 0.04609375 0.0296875 0.02265625
0 0.5015625 0.1125 0.034375 0.02890625
0 0.23359375 0.1609375 0.0140625 0.01484375
0 0.16796875 0.37578125 0.0484375 0.05078125
0 0.37734375 0.15 0.01875 0.01484375
0 0.03515625 0.4359375 0.01484375 0.01796875
0 0.29765625 0.153125 0.0171875 0.01640625
0 0.06328125 0.55 0.01796875 0.021875
0 0.171875 0.1578125 0.0171875 0.0171875
0 0.39609375 0.21328125 0.05078125 0.0515625
0 0.03046875 0.58125 0.0140625 0.02109375