0 0.15625 0.6 0.04921875 0.05625
0 0.04453125 0.4984375 0.03359375 0.05859375
0 0.5328125 0.5984375 0.209375 0.209375
0 0.646875 0.61875 0.06484375 0.07265625
0 0.6140625 0.640625 0.0296875 0.04140625
0 0.7390625 0.6265625 0.09765625 0.1
0 0.81484375 0.6234375 0.03671875 0.0375
0 0.88125 0.603125 0.03515625 0.04140625
0 0.92265625 0.575 0.04296875 0.0453125
0 0.94375 0.48359375 0.046875 0.05625
0 0.965625 0.4265625 0.0375 0.0453125
0 0.87734375 0.4375 0.0234375 0.02890625
0 0.9296875 0.39765625 0.02890625 0.0296875
0 0.86640625 0.3765625 0.01953125 0.01796875
0 0.7828125 0.4203125 0.040625 0.03671875
0 0.46328125 0.2953125 0.02578125 0.02890625
0 0.4296875 0.33359375 0.0234375 0.02109375
0 0.353125 0.36328125 0.04296875 0.04453125
0 0.46015625 0.4078125 0.0296875 0.03359375
0 0.4671875 0.43984375 0.0328125 0.04140625
0 0.31484375 0.55625 0.03671875 0.0453125
0 0.32421875 0.609375 0.04921875 0.06015625
0 0.3828125 0.6390625 0.04921875 0.05625
0 0.27578125 0.6671875 0.04453125 0.0484375
0 0.0359375 0.5984375 0.025 0.040625
0 0.0828125 0.57421875 0.01953125 0.02578125
0 0.10859375 0.4671875 0.05078125 0.0703125
0 0.18046875 0.49609375 0.06640625 0.06484375
0 0.24765625 0.4625 0.04140625 0.04453125
0 0.375 0.31328125 0.01796875 0.021875
0 0.675 0.3296875 0.0171875 0.02109375
0 0.56640625 0.5484375 0.03359375 0.03125
0 0.47109375 0.6140625 0.02109375 0.021875
1 0.50703125 0.5921875 0.0140625 0.0140625
1 0.1578125 0.59765625 0.02109375 0.02109375
1 0.1828125 0.50390625 0.01171875 0.015625