0 0.91875 0.1234375 0.0765625 0.0765625
0 0.9625 0.64375 0.06640625 0.06640625
0 0.91796875 0.896875 0.078125 0.078125
0 0.95234375 0.7859375 0.0484375 0.053125
0 0.959375 0.4234375 0.02890625 0.03515625
0 0.95703125 0.49609375 0.04921875 0.05234375
0 0.978125 0.3859375 0.04296875 0.06875
0 0.9765625 0.3390625 0.046875 0.04296875
0 0.9765625 0.2828125 0.046875 0.08125
0 0.97890625 0.2 0.0421875 0.046875
0 0.978125 0.2359375 0.03515625 0.025
0 0.896875 0.225 0.103125 0.09375
0 0.9703125 0.103125 0.02578125 0.03515625
0 0.96171875 0.07578125 0.021875 0.02109375
0 0.975 0.021875 0.0390625 0.0390625
0 0.97890625 0.934375 0.02890625 0.0328125
0 0.88046875 0.03359375 0.0390625 0.03359375
0 0.9328125 0.05859375 0.02734375 0.0234375