0 0.59296875 0.0921875 0.05703125 0.0390625
0 0.87421875 0.25703125 0.01875 0.021875
0 0.85625 0.253125 0.02265625 0.02578125
0 0.828125 0.271875 0.02109375 0.03046875
0 0.82109375 0.4140625 0.021875 0.02578125
0 0.67890625 0.15234375 0.03828125 0.0359375
0 0.9 0.6671875 0.01484375 0.01953125
0 0.765625 0.1546875 0.01796875 0.01796875
0 0.86015625 0.3015625 0.02109375 0.025
0 0.7796875 0.22578125 0.0265625 0.02890625
0 0.8890625 0.29140625 0.01484375 0.0171875
0 0.93046875 0.6984375 0.01875 0.02265625
0 0.8703125 0.20078125 0.01875 0.02421875
0 0.91796875 0.3 0.01484375 0.021875
0 0.9515625 0.50703125 0.01484375 0.02109375
0 0.7203125 0.25859375 0.03046875 0.028125
0 0.90859375 0.42265625 0.0140625 0.0203125
0 0.821875 0.3765625 0.03671875 0.04140625
0 0.94140625 0.5828125 0.0171875 0.02109375
0 0.71796875 0.125 0.03203125 0.03125
0 0.9640625 0.528125 0.0140625 0.0171875
0 0.77421875 0.09453125 0.02734375 0.025
0 0.85390625 0.16015625 0.01640625 0.01796875
0 0.61328125 0.07265625 0.0375 0.03046875
0 0.7453125 0.090625 0.01796875 0.01640625
0 0.859375 0.39765625 0.01796875 0.01796875
0 0.953125 0.60625 0.01484375 0.01875
0 0.859375 0.42265625 0.02265625 0.03203125
0 0.7921875 0.2546875 0.0265625 0.0265625
0 0.928125 0.36796875 0.0421875 0.06484375
0 0.9578125 0.33984375 0.01484375 0.0234375
0 0.80546875 0.184375 0.03515625 0.03671875
0 0.940625 0.45703125 0.01484375 0.02265625
0 0.653125 0.1625 0.03046875 0.0265625
0 0.9703125 0.3671875 0.0140625 0.021875
0 0.753125 0.28671875 0.0265625 0.025
0 0.9375 0.2265625 0.0171875 0.025
0 0.828125 0.315625 0.02421875 0.03046875
0 0.73125 0.175 0.03515625 0.03125
0 0.9625 0.61796875 0.01328125 0.0171875
0 0.8296875 0.490625 0.05703125 0.0671875
0 0.940625 0.73359375 0.01796875 0.0328125
0 0.9625 0.415625 0.0171875 0.0296875
0 0.86953125 0.6546875 0.01640625 0.01953125
0 0.771875 0.18515625 0.01484375 0.01484375
0 0.73359375 0.2875 0.0265625 0.02578125
0 0.7 0.05078125 0.021875 0.0171875
0 0.6828125 0.23359375 0.0265625 0.02734375
0 0.57578125 0.0484375 0.04609375 0.03359375
0 0.92890625 0.24609375 0.01171875 0.01640625
0 0.74765625 0.328125 0.0390625 0.03515625
0 0.82109375 0.0953125 0.015625 0.0140625
0 0.78671875 0.46328125 0.0296875 0.034375
0 0.69453125 0.18515625 0.02890625 0.025
0 0.81171875 0.284375 0.01953125 0.0203125
0 0.94453125 0.5546875 0.0140625 0.01953125
0 0.60390625 0.12109375 0.0234375 0.02109375
0 0.83125 0.55 0.02265625 0.02421875
0 0.89140625 0.79375 0.0171875 0.02265625
0 0.88984375 0.50546875 0.0140625 0.01953125
0 0.890625 0.84453125 0.0203125 0.02421875
0 0.8078125 0.11796875 0.04453125 0.04453125
0 0.9015625 0.50078125 0.04375 0.06875
0 0.90859375 0.6078125 0.021875 0.0296875
0 0.87578125 0.18515625 0.015625 0.0171875
0 0.8328125 0.58125 0.04296875 0.04765625
0 0.84765625 0.365625 0.01328125 0.015625
0 0.759375 0.2546875 0.02734375 0.025
0 0.61953125 0.14140625 0.0421875 0.034375
0 0.8546875 0.7890625 0.0296875 0.03125
0 0.959375 0.5046875 0.0171875 0.021875
0 0.67734375 0.06171875 0.015625 0.0140625
0 0.97109375 0.68671875 0.009375 0.015625
0 0.715625 0.15234375 0.02578125 0.02421875
0 0.95546875 0.6265625 0.01875 0.0234375
0 0.890625 0.38125 0.02265625 0.02578125
0 0.76484375 0.3078125 0.0296875 0.03046875
0 0.97890625 0.60078125 0.0109375 0.01796875
0 0.67265625 0.02734375 0.02578125 0.0203125
0 0.98515625 0.490625 0.0203125 0.03203125
0 0.93046875 0.74765625 0.025 0.034375
0 0.9953125 0.490625 0.009375 0.021875
0 0.6859375 0.05078125 0.021875 0.02109375
0 0.82265625 0.646875 0.0328125 0.04140625
0 0.871875 0.3984375 0.01171875 0.0140625
0 0.70625 0.3125 0.0234375 0.028125