0 0.81015625 0.1703125 0.04140625 0.03984375
0 0.97890625 0.165625 0.0421875 0.053125
0 0.640625 0.06015625 0.0546875 0.0484375
0 0.06328125 0.25390625 0.06171875 0.06328125
0 0.30390625 0.075 0.0953125 0.08203125
0 0.75703125 0.196875 0.0171875 0.01640625
0 0.28984375 0.2640625 0.01875 0.0171875
0 0.759375 0.04296875 0.07421875 0.065625
0 0.17421875 0.5875 0.0515625 0.05078125
0 0.92890625 0.60234375 0.0171875 0.0171875
0 0.9 0.34296875 0.01484375 0.01484375
0 0.884375 0.35546875 0.01953125 0.01953125
0 0.08046875 0.075 0.01328125 0.01328125
0 0.4578125 0.075 0.02578125 0.0203125
0 0.121875 0.528125 0.0203125 0.021875
0 0.14921875 0.26796875 0.015625 0.015625
0 0.97109375 0.3375 0.015625 0.01953125
0 0.82421875 0.07265625 0.021875 0.01875
0 0.9078125 0.17109375 0.01640625 0.01484375
0 0.303125 0.80703125 0.01953125 0.021875
0 0.51328125 0.140625 0.0171875 0.0171875
0 0.31875 0.0296875 0.02890625 0.02421875
0 0.7796875 0.3390625 0.01953125 0.0171875
0 0.9265625 0.21171875 0.01484375 0.01640625
0 0.3421875 0.14765625 0.02265625 0.01875
0 0.9359375 0.29140625 0.0140625 0.0140625
0 0.5671875 0.06328125 0.01484375 0.01328125
0 0.84296875 0.16796875 0.01640625 0.01640625
0 0.79765625 0.22578125 0.025 0.025
0 0.96171875 0.36796875 0.01171875 0.0125
0 0.53828125 0.015625 0.01484375 0.0125
0 0.8421875 0.03203125 0.0265625 0.0203125
0 0.3578125 0.13046875 0.0640625 0.05859375
0 0.81640625 0.30078125 0.02109375 0.02265625
0 0.4375 0.04921875 0.0125 0.0125
1 0.228125 0.27890625 0.01640625 0.01953125
0 0.7234375 0.14375 0.02421875 0.02109375
0 0.16015625 0.34375 0.01171875 0.0140625
0 0.74921875 0.55625 0.01875 0.021875
0 0.846875 0.6703125 0.01171875 0.01171875
0 0.49609375 0.0125 0.015625 0.01328125
0 0.8453125 0.78203125 0.01640625 0.0140625
1 0.184375 0.759375 0.0125 0.0125
0 0.88828125 0.20078125 0.015625 0.01328125
0 0.60078125 0.1390625 0.015625 0.015625
0 0.38515625 0.171875 0.0328125 0.03203125
1 0.2390625 0.30078125 0.01640625 0.0171875
0 0.8890625 0.60625 0.02265625 0.02421875
0 0.5828125 0.0171875 0.01484375 0.0125
0 0.9953125 0.590625 0.009375 0.01875
0 0.8546875 0.88828125 0.040625 0.040625
0 0.38203125 0.0125 0.0265625 0.02109375
1 0.28828125 0.9171875 0.01015625 0.0109375
0 0.815625 0.5609375 0.01484375 0.0140625
0 0.25859375 0.065625 0.0125 0.01328125
0 0.975 0.271875 0.01640625 0.015625
1 0.0875 0.45703125 0.02109375 0.0171875
1 0.7796875 0.7859375 0.0140625 0.0140625
0 0.01796875 0.465625 0.01484375 0.01640625
0 0.89921875 0.896875 0.03359375 0.03671875
0 0.19375 0.6984375 0.05546875 0.05390625
0 0.4015625 0.8125 0.034375 0.028125
0 0.99609375 0.821875 0.0078125 0.02265625
1 0.95 0.01953125 0.0109375 0.01640625
1 0.23515625 0.16484375 0.00859375 0.00859375
0 0.58125 0.10703125 0.02734375 0.02265625
0 0.9796875 0.43671875 0.009375 0.0109375
1 0.8796875 0.7828125 0.01875 0.01875