0 0.42890625 0.19375 0.0796875 0.0796875
0 0.40625 0.20546875 0.02890625 0.03125
0 0.45078125 0.134375 0.02890625 0.02734375
0 0.4984375 0.1703125 0.046875 0.02890625
0 0.37734375 0.525 0.04453125 0.053125
0 0.39375 0.4828125 0.0328125 0.03359375
0 0.340625 0.47890625 0.071875 0.08046875
0 0.3328125 0.65703125 0.05625 0.07421875
0 0.41875 0.61171875 0.0328125 0.02890625
0 0.50390625 0.5921875 0.02578125 0.0296875
0 0.61875 0.46953125 0.0328125 0.02734375
0 0.421875 0.8140625 0.0234375 0.025
0 0.50703125 0.09765625 0.05078125 0.03359375
0 0.48046875 0.1265625 0.02578125 0.01796875
0 0.55234375 0.05078125 0.04453125 0.02578125
0 0.49921875 0.04296875 0.03515625 0.0234375
0 0.4625 0.07890625 0.02890625 0.02734375
0 0.69765625 0.32734375 0.03125 0.02734375
0 0.68125 0.7890625 0.04453125 0.03359375