0 0.6046875 0.6359375 0.06171875 0.06015625
0 0.23515625 0.6515625 0.08125 0.08515625
0 0.31171875 0.7234375 0.0203125 0.021875
0 0.528125 0.7125 0.034375 0.028125
0 0.60078125 0.728125 0.025 0.02734375
0 0.4953125 0.7359375 0.02890625 0.028125
0 0.8125 0.64296875 0.02421875 0.02421875
0 0.53125 0.60859375 0.02421875 0.02421875
0 0.6421875 0.57578125 0.0234375 0.0234375
0 0.48046875 0.76953125 0.01875 0.01875
0 0.90546875 0.6296875 0.02890625 0.03125
0 0.80546875 0.70625 0.028125 0.0265625
0 0.278125 0.809375 0.03359375 0.03203125
0 0.1109375 0.50390625 0.01875 0.01953125
0 0.8 0.684375 0.03125 0.02890625
0 0.8703125 0.59296875 0.01640625 0.0171875
0 0.4484375 0.73359375 0.025 0.0234375
0 0.153125 0.5890625 0.0171875 0.01953125
0 0.8859375 0.32734375 0.02265625 0.02421875
0 0.0390625 0.58125 0.02265625 0.02578125
0 0.52421875 0.7546875 0.05546875 0.0484375
0 0.55 0.453125 0.0359375 0.03359375
0 0.759375 0.3703125 0.0234375 0.02265625
0 0.68828125 0.6125 0.028125 0.0265625
0 0.671875 0.6671875 0.02421875 0.02421875
0 0.37890625 0.64921875 0.02734375 0.028125
0 0.51875 0.50859375 0.0484375 0.04375
0 0.8 0.54296875 0.01875 0.0203125
0 0.75078125 0.68046875 0.01953125 0.01875
0 0.725 0.81875 0.0203125 0.01953125
0 0.56171875 0.6265625 0.0265625 0.025
0 0.54609375 0.803125 0.03515625 0.0328125
0 0.6765625 0.17265625 0.0828125 0.075
0 0.521875 0.56640625 0.025 0.0265625
0 0.8578125 0.7140625 0.02265625 0.02421875
0 0.38125 0.67578125 0.02265625 0.0234375
0 0.39375 0.8875 0.02109375 0.02265625
0 0.24140625 0.44765625 0.028125 0.02890625
0 0.16328125 0.6578125 0.01875 0.01875
0 0.40234375 0.3203125 0.02109375 0.0203125
0 0.77578125 0.265625 0.02109375 0.0203125
0 0.73828125 0.5359375 0.02578125 0.025
0 0.54609375 0.33671875 0.0234375 0.02265625
0 0.14140625 0.7671875 0.021875 0.02421875
0 0.0203125 0.7859375 0.01875 0.02109375
0 0.665625 0.90078125 0.02734375 0.02734375
0 0.065625 0.7171875 0.02421875 0.02890625
0 0.465625 0.63984375 0.04296875 0.04296875
0 0.18125 0.684375 0.0375 0.0390625
0 0.3515625 0.7078125 0.03203125 0.0390625
0 0.69609375 0.39140625 0.01875 0.0203125
0 0.7828125 0.71171875 0.0359375 0.0359375
0 0.903125 0.53046875 0.03046875 0.03125
0 0.40546875 0.83359375 0.03515625 0.0296875
0 0.9109375 0.896875 0.025 0.02421875
0 0.24296875 0.75390625 0.05703125 0.05390625
0 0.32734375 0.9078125 0.025 0.021875
0 0.26484375 0.4671875 0.03046875 0.02890625
0 0.465625 0.50078125 0.0359375 0.0328125
0 0.60234375 0.78984375 0.0390625 0.03671875
0 0.44453125 0.8921875 0.03515625 0.03671875
0 0.63359375 0.825 0.059375 0.053125
0 0.07421875 0.234375 0.021875 0.02421875
0 0.43984375 0.67109375 0.0390625 0.03671875
0 0.1890625 0.53984375 0.03125 0.03359375
0 0.20078125 0.76328125 0.02734375 0.03046875
0 0.32109375 0.41328125 0.0765625 0.078125
0 0.175 0.50703125 0.01796875 0.01953125
0 0.259375 0.54765625 0.0453125 0.05078125
0 0.02265625 0.6828125 0.025 0.03046875
0 0.95234375 0.715625 0.01875 0.021875
0 0.45703125 0.26953125 0.0609375 0.0546875
0 0.815625 0.46484375 0.02890625 0.028125
0 0.48125 0.90078125 0.0296875 0.02890625
0 0.63046875 0.30703125 0.01953125 0.01953125
0 0.63671875 0.234375 0.01953125 0.01953125
0 0.3296875 0.1796875 0.02421875 0.01953125
0 0.22578125 0.8421875 0.0515625 0.05
0 0.5109375 0.4 0.03828125 0.03671875
0 0.93828125 0.22578125 0.0671875 0.07265625
0 0.11953125 0.8375 0.02734375 0.02578125
0 0.2078125 0.36015625 0.0125 0.0125
0 0.76953125 0.409375 0.03984375 0.0390625
0 0.1140625 0.578125 0.03359375 0.03515625
0 0.90234375 0.6921875 0.03828125 0.03828125
0 0.065625 0.60625 0.034375 0.04296875
0 0.36953125 0.9328125 0.03125 0.03046875
0 0.8125 0.35546875 0.03984375 0.03984375
0 0.3921875 0.57109375 0.0375 0.0375
0 0.62421875 0.184375 0.01953125 0.01875
0 0.00859375 0.47265625 0.0125 0.0171875
0 0.10703125 0.4296875 0.03125 0.03515625
0 0.1546875 0.22578125 0.02734375 0.02734375
0 0.2171875 0.24140625 0.01875 0.0171875
0 0.57890625 0.38203125 0.04296875 0.04375
0 0.66875 0.2796875 0.0421875 0.040625
0 0.25234375 0.49140625 0.01875 0.01953125
0 0.49921875 0.3703125 0.03203125 0.02890625
0 0.28671875 0.853125 0.04140625 0.03828125
0 0.77421875 0.75234375 0.0546875 0.05078125
0 0.99453125 0.5453125 0.0109375 0.01875
0 0.28125 0.37890625 0.03046875 0.0296875
0 0.065625 0.484375 0.02421875 0.0234375
0 0.3203125 0.86015625 0.03515625 0.0359375
0 0.9171875 0.3609375 0.03828125 0.04453125
0 0.4109375 0.3609375 0.034375 0.03125
0 0.08984375 0.653125 0.04375 0.04765625
0 0.8703125 0.41015625 0.03125 0.03125
0 0.5578125 0.1640625 0.01953125 0.01875
0 0.69765625 0.43828125 0.046875 0.0421875
0 0.68828125 0.5125 0.0578125 0.05625
0 0.63515625 0.9375 0.059375 0.06171875
0 0.53046875 0.2125 0.046875 0.0390625
0 0.28984375 0.76484375 0.05546875 0.0609375
0 0.51875 0.85859375 0.0796875 0.06328125
0 0.3859375 0.9796875 0.03515625 0.0328125
0 0.6984375 0.26640625 0.03046875 0.03046875
0 0.11484375 0.296875 0.03046875 0.03203125
0 0.55703125 0.26328125 0.0359375 0.03359375
0 0.0421875 0.55390625 0.03671875 0.0421875
0 0.3375 0.2765625 0.04453125 0.0421875
0 0.10625 0.04453125 0.0265625 0.0234375
0 0.64921875 0.3578125 0.034375 0.0328125
0 0.659375 0.075 0.01953125 0.0203125
0 0.2046875 0.478125 0.0109375 0.0125
0 0.11484375 0.96796875 0.02578125 0.02734375
0 0.159375 0.4203125 0.0109375 0.01171875
0 0.02109375 0.81640625 0.028125 0.034375
0 0.3828125 0.1984375 0.03359375 0.03125
0 0.25546875 0.28671875 0.046875 0.04453125
0 0.00703125 0.51484375 0.0140625 0.0234375
0 0.4359375 0.21640625 0.04609375 0.04140625
0 0.74921875 0.1234375 0.0703125 0.059375
0 0.14609375 0.3765625 0.0203125 0.02890625
0 0.1640625 0.596875 0.0421875 0.046875
0 0.059375 0.76640625 0.03203125 0.040625
0 0.803125 0.18359375 0.06640625 0.0703125
0 0.1109375 0.47109375 0.01015625 0.01015625
0 0.21484375 0.9328125 0.03828125 0.03828125
0 0.4078125 0.12734375 0.04609375 0.03828125
0 0.528125 0.365625 0.0484375 0.0375
0 0.6609375 0.1375 0.0359375 0.0328125
0 0.690625 0.09453125 0.0421875 0.03828125
0 0.015625 0.10703125 0.028125 0.0296875
0 0.23828125 0.09609375 0.03984375 0.0359375
0 0.2765625 0.13828125 0.04921875 0.0421875
0 0.28671875 0.55546875 0.1125 0.11015625
0 0.02578125 0.22578125 0.04453125 0.05234375
0 0.82734375 0.04609375 0.05 0.0453125
0 0.29453125 0.49609375 0.10546875 0.075
0 0.68828125 0.0109375 0.01328125 0.0109375
0 0.87109375 0.0984375 0.03828125 0.034375