0 0.0859375 0.12734375 0.08828125 0.1015625
0 0.1390625 0.25390625 0.0546875 0.05234375
0 0.040625 0.271875 0.0609375 0.0796875
0 0.053125 0.42578125 0.0546875 0.06484375
0 0.1421875 0.4640625 0.06015625 0.053125
0 0.290625 0.3015625 0.0546875 0.05625
0 0.90859375 0.115625 0.05234375 0.046875
0 0.28203125 0.640625 0.0296875 0.04453125
0 0.39375 0.540625 0.053125 0.040625
0 0.39140625 0.4671875 0.0484375 0.0625
0 0.225 0.3765625 0.04453125 0.0453125
0 0.17734375 0.33046875 0.0234375 0.03359375
0 0.6296875 0.32734375 0.02734375 0.0328125
0 0.70703125 0.246875 0.0234375 0.025
0 0.74921875 0.215625 0.025 0.025
0 0.91953125 0.265625 0.0703125 0.0703125
0 0.46796875 0.69140625 0.0453125 0.046875
0 0.525 0.60859375 0.0546875 0.05078125
0 0.5671875 0.6046875 0.0453125 0.05859375
0 0.6078125 0.54296875 0.02734375 0.03671875
0 0.6 0.46640625 0.1 0.13515625
0 0.58671875 0.46875 0.021875 0.015625
0 0.66640625 0.42109375 0.03359375 0.02734375
0 0.6703125 0.35546875 0.02734375 0.02578125
0 0.2796875 0.42734375 0.05234375 0.0546875