0 0.32421875 0.4796875 0.05078125 0.05
0 0.33671875 0.40859375 0.046875 0.04296875
0 0.56328125 0.07578125 0.034375 0.02421875
0 0.5703125 0.27734375 0.03828125 0.034375
0 0.46328125 0.49921875 0.040625 0.03984375
0 0.70390625 0.2484375 0.01875 0.01796875
0 0.74453125 0.26015625 0.01875 0.01953125
0 0.6984375 0.30859375 0.0359375 0.0359375
0 0.359375 0.571875 0.053125 0.04921875
0 0.40859375 0.45703125 0.03828125 0.03671875
0 0.5671875 0.53046875 0.05625 0.05546875
0 0.446875 0.375 0.04296875 0.03984375
0 0.35859375 0.309375 0.01875 0.01875
0 0.67109375 0.33828125 0.02109375 0.02109375
0 0.63125 0.8734375 0.05703125 0.046875
0 0.815625 0.79765625 0.0203125 0.02109375
0 0.3703125 0.21015625 0.01796875 0.0171875
0 0.64765625 0.465625 0.040625 0.040625
0 0.30234375 0.34140625 0.03515625 0.03046875
0 0.68046875 0.55390625 0.03515625 0.0375
0 0.60078125 0.30390625 0.015625 0.01640625
0 0.51796875 0.25625 0.0328125 0.0296875
0 0.55546875 0.36796875 0.0484375 0.05078125
0 0.525 0.27578125 0.01953125 0.01875
0 0.6421875 0.41953125 0.04921875 0.05078125
0 0.61640625 0.22890625 0.03828125 0.034375
0 0.5796875 0.3265625 0.01953125 0.01953125
0 0.54765625 0.246875 0.02109375 0.0203125
0 0.58203125 0.4203125 0.06171875 0.05859375
0 0.4953125 0.28671875 0.01796875 0.0171875
0 0.88515625 0.63125 0.025 0.03125
0 0.896875 0.69609375 0.021875 0.034375
0 0.4578125 0.32109375 0.0296875 0.0296875
0 0.41640625 0.2234375 0.01953125 0.0171875
0 0.3171875 0.27734375 0.0234375 0.0234375
0 0.4046875 0.41875 0.02734375 0.02734375
0 0.4765625 0.85078125 0.07890625 0.06484375
0 0.603125 0.05859375 0.03359375 0.02578125
0 0.5515625 0.221875 0.040625 0.03828125
0 0.45 0.16796875 0.03671875 0.0296875
0 0.5171875 0.1953125 0.03984375 0.03359375
0 0.67734375 0.86328125 0.0421875 0.04375
0 0.496875 0.95234375 0.02421875 0.01640625
0 0.75859375 0.3375 0.0296875 0.028125
0 0.6625 0.17734375 0.02578125 0.02578125
0 0.7296875 0.1703125 0.03203125 0.03046875
0 0.34453125 0.16875 0.02109375 0.01796875
0 0.284375 0.21484375 0.034375 0.0296875
0 0.61640625 0.934375 0.0453125 0.03515625
0 0.4 0.0984375 0.01953125 0.015625
0 0.72890625 0.50390625 0.0234375 0.025
0 0.29296875 0.12734375 0.05234375 0.04140625
0 0.5390625 0.96015625 0.04375 0.02734375
0 0.35703125 0.3640625 0.028125 0.028125
0 0.9078125 0.73125 0.01640625 0.0203125
0 0.540625 0.11484375 0.0640625 0.0578125
0 0.359375 0.19140625 0.0328125 0.025
0 0.665625 0.275 0.0234375 0.02734375
0 0.74921875 0.8765625 0.040625 0.040625
0 0.44921875 0.215625 0.02578125 0.021875
0 0.7203125 0.39765625 0.02890625 0.03046875
0 0.77734375 0.28515625 0.04296875 0.04296875
0 0.5796875 0.88359375 0.03828125 0.0328125
0 0.53125 0.44375 0.05078125 0.05078125
0 0.5875 0.15625 0.03125 0.02734375
0 0.80390625 0.853125 0.0578125 0.05546875
0 0.75078125 0.825 0.03203125 0.0328125
0 0.83828125 0.4546875 0.02578125 0.028125
0 0.80625 0.29375 0.0265625 0.0296875
0 0.80546875 0.73828125 0.03671875 0.0390625
0 0.790625 0.5390625 0.0328125 0.03828125
0 0.85546875 0.84453125 0.025 0.02890625
0 0.82109375 0.35 0.03515625 0.04375
0 0.7625 0.203125 0.02890625 0.0328125
0 0.24921875 0.20234375 0.03125 0.02734375
0 0.63203125 0.1 0.02890625 0.02734375
0 0.6375 0.1171875 0.0203125 0.02109375
0 0.40078125 0.053125 0.03046875 0.02265625
0 0.75625 0.44296875 0.04765625 0.04609375
0 0.6515625 0.14140625 0.02734375 0.02890625
0 0.5453125 0.09453125 0.02578125 0.02265625
0 0.76640625 0.909375 0.0359375 0.03359375
0 0.771875 0.72890625 0.0109375 0.01328125
0 0.8546875 0.73359375 0.0265625 0.03359375
0 0.77265625 0.7984375 0.01875 0.025
0 0.72890625 0.22265625 0.01953125 0.0328125