0 0.23984375 0.06015625 0.059375 0.05703125
0 0.34765625 0.11640625 0.0390625 0.0484375
0 0.1453125 0.33046875 0.1 0.12578125
0 0.0640625 0.38046875 0.11875 0.1546875
0 0.253125 0.4578125 0.0671875 0.078125
0 0.15 0.4453125 0.059375 0.07421875
0 0.084375 0.49609375 0.05 0.0578125
0 0.03125 0.4953125 0.03828125 0.04921875
0 0.50390625 0.1734375 0.0390625 0.02890625
0 0.35703125 0.26484375 0.034375 0.03671875
0 0.334375 0.1796875 0.03984375 0.028125
0 0.43125 0.0390625 0.0390625 0.03203125
0 0.625 0.16171875 0.078125 0.07109375
0 0.8578125 0.15390625 0.14921875 0.1421875
0 0.2203125 0.1828125 0.0859375 0.09140625
0 0.240625 0.1171875 0.0515625 0.04375
0 0.475 0.28515625 0.0359375 0.0328125
0 0.1140625 0.84296875 0.228125 0.2703125
1 0.0921875 0.8296875 0.125 0.1625
1 0.85859375 0.16328125 0.0328125 0.0421875
1 0.14765625 0.32734375 0.025 0.0265625