0 0.9046875 0.4796875 0.01484375 0.01640625
0 0.9109375 0.57890625 0.01875 0.01953125
0 0.76640625 0.234375 0.01640625 0.01640625
0 0.8484375 0.4671875 0.02109375 0.01953125
0 0.7734375 0.18828125 0.02109375 0.02109375
0 0.8921875 0.40390625 0.01875 0.01640625
0 0.84765625 0.5234375 0.02890625 0.02734375
0 0.85546875 0.66328125 0.0234375 0.02578125
0 0.946875 0.621875 0.01796875 0.01796875
0 0.6515625 0.51015625 0.03359375 0.03515625
0 0.6390625 0.54609375 0.02109375 0.021875
0 0.89140625 0.8203125 0.02578125 0.02421875
0 0.6890625 0.48671875 0.046875 0.04609375
0 0.8296875 0.38828125 0.0375 0.0359375
0 0.7921875 0.396875 0.02578125 0.028125
0 0.60234375 0.5453125 0.02265625 0.0203125
0 0.7125 0.17734375 0.0265625 0.0234375
0 0.92890625 0.89375 0.02265625 0.0234375
0 0.97421875 0.54375 0.028125 0.0296875
0 0.74765625 0.28359375 0.028125 0.02890625
0 0.921875 0.25234375 0.03359375 0.0296875
0 0.8578125 0.10078125 0.0171875 0.01640625
0 0.87890625 0.1609375 0.02578125 0.02578125
0 0.940625 0.36875 0.02109375 0.0203125
0 0.8640625 0.2828125 0.040625 0.040625
0 0.715625 0.60546875 0.0328125 0.0328125
0 0.98125 0.40234375 0.01953125 0.02109375
0 0.578125 0.57890625 0.03125 0.0296875
0 0.8859375 0.68359375 0.01328125 0.015625
0 0.2921875 0.26640625 0.0234375 0.02265625
0 0.84453125 0.2125 0.02734375 0.028125
0 0.98671875 0.51796875 0.021875 0.0234375
0 0.30546875 0.08984375 0.03359375 0.03046875
0 0.82578125 0.1546875 0.028125 0.0265625
0 0.8953125 0.4109375 0.03515625 0.03046875
0 0.94140625 0.63359375 0.021875 0.0203125
0 0.9703125 0.84296875 0.01796875 0.0234375
0 0.96328125 0.8734375 0.0234375 0.0234375
0 0.5515625 0.3375 0.03359375 0.0296875
0 0.7703125 0.06953125 0.0296875 0.028125
0 0.9703125 0.2640625 0.0203125 0.028125
0 0.69921875 0.34140625 0.040625 0.034375
0 0.7109375 0.6921875 0.0359375 0.03828125
0 0.746875 0.6203125 0.02109375 0.01953125
0 0.8515625 0.16796875 0.02109375 0.01875
0 0.3171875 0.165625 0.046875 0.0375
0 0.7703125 0.1515625 0.0484375 0.03671875
0 0.47578125 0.37734375 0.03125 0.03046875
0 0.675 0.721875 0.0453125 0.0421875
0 0.975 0.70703125 0.03125 0.03203125
0 0.896875 0.571875 0.021875 0.021875
0 0.8453125 0.771875 0.02890625 0.0296875
0 0.9109375 0.4609375 0.0109375 0.0109375
0 0.55390625 0.3671875 0.03671875 0.034375
0 0.7375 0.0859375 0.0390625 0.0328125
0 0.49765625 0.01484375 0.015625 0.01171875
0 0.86875 0.92734375 0.03671875 0.0359375
0 0.72421875 0.7484375 0.021875 0.02265625
0 0.2265625 0.17265625 0.04296875 0.0390625
0 0.79375 0.4140625 0.02265625 0.0203125
0 0.940625 0.93671875 0.02265625 0.0234375
0 0.25859375 0.14375 0.0359375 0.03359375
0 0.96484375 0.559375 0.034375 0.03125
0 0.47890625 0.36171875 0.03828125 0.0359375
0 0.97421875 0.78984375 0.021875 0.02265625
0 0.68828125 0.40078125 0.0671875 0.05546875
0 0.840625 0.053125 0.03046875 0.0234375
0 0.89375 0.7140625 0.01328125 0.01484375
0 0.78203125 0.0890625 0.04453125 0.040625
0 0.7796875 0.54765625 0.0703125 0.06796875
1 0.70625 0.5328125 0.02421875 0.01953125
0 0.76171875 0.696875 0.03984375 0.0359375
0 0.97734375 0.675 0.01171875 0.0109375
0 0.16484375 0.08984375 0.03671875 0.034375
0 0.8390625 0.53984375 0.05 0.046875
0 0.54765625 0.41953125 0.05546875 0.05234375
0 0.8015625 0.35 0.04140625 0.0515625
0 0.59921875 0.10078125 0.02890625 0.025
0 0.2671875 0.0859375 0.02734375 0.02421875
1 0.8625 0.6875 0.00859375 0.01015625
0 0.4734375 0.296875 0.03359375 0.04140625
1 0.69453125 0.29296875 0.0296875 0.0421875
1 0.9390625 0.734375 0.01015625 0.01171875
0 0.64296875 0.259375 0.0296875 0.03359375
0 0.23359375 0.053125 0.0515625 0.0390625
0 0.50703125 0.3109375 0.0390625 0.04375
0 0.5765625 0.4375 0.06875 0.05546875
0 0.6484375 0.16484375 0.0421875 0.03046875
0 0.21640625 0.11171875 0.0625 0.05234375
0 0.98125 0.75625 0.021875 0.02578125
0 0.15546875 0.06171875 0.046875 0.04453125
0 0.621875 0.5796875 0.075 0.0640625
1 0.4984375 0.56328125 0.01171875 0.0171875
0 0.79609375 0.64765625 0.05625 0.05234375
1 0.8640625 0.721875 0.00859375 0.009375
0 0.4109375 0.27890625 0.0515625 0.0515625