0 0.146875 0.26953125 0.02421875 0.021875
0 0.925 0.53828125 0.0203125 0.02109375
0 0.97109375 0.5015625 0.0234375 0.02578125
0 0.89765625 0.7234375 0.02265625 0.02265625
0 0.9390625 0.77265625 0.02734375 0.02734375
0 0.9703125 0.778125 0.025 0.0265625
0 0.95 0.62734375 0.028125 0.0296875
0 0.1984375 0.7734375 0.01875 0.01875
0 0.95546875 0.13671875 0.02265625 0.02265625
0 0.85 0.5328125 0.028125 0.02890625
0 0.19453125 0.67578125 0.0265625 0.0265625
0 0.053125 0.17890625 0.0203125 0.01796875
0 0.97734375 0.6265625 0.0203125 0.0234375
0 0.075 0.63125 0.02421875 0.02890625
0 0.81484375 0.5203125 0.025 0.0234375
0 0.3515625 0.2015625 0.025 0.02578125
0 0.83671875 0.82109375 0.03203125 0.03125
0 0.9421875 0.32421875 0.1015625 0.1078125
0 0.6359375 0.04453125 0.02421875 0.021875
0 0.09765625 0.05 0.02109375 0.01953125
0 0.0578125 0.521875 0.01875 0.01953125
0 0.1796875 0.73046875 0.03671875 0.03515625
0 0.175 0.228125 0.01953125 0.01953125
0 0.8453125 0.26796875 0.0296875 0.03125
0 0.9359375 0.87734375 0.05234375 0.05625
0 0.87109375 0.92109375 0.03046875 0.028125
0 0.05078125 0.8234375 0.0359375 0.03828125
0 0.24375 0.3328125 0.01796875 0.01796875
0 0.0703125 0.05703125 0.034375 0.03125
0 0.8234375 0.875 0.025 0.021875
0 0.815625 0.10625 0.0359375 0.03203125
0 0.153125 0.77578125 0.0375 0.0375
0 0.85078125 0.08046875 0.06640625 0.05703125
0 0.746875 0.90234375 0.0546875 0.04765625
0 0.871875 0.25625 0.0296875 0.03125
0 0.77890625 0.4796875 0.04453125 0.04140625
0 0.090625 0.821875 0.046875 0.04453125
0 0.6453125 0.0140625 0.025 0.01796875
0 0.96328125 0.415625 0.07265625 0.07734375
0 0.9796875 0.8078125 0.02421875 0.0265625
0 0.121875 0.496875 0.02421875 0.028125
0 0.9078125 0.76171875 0.0296875 0.0296875
0 0.7515625 0.01640625 0.028125 0.0234375
0 0.02890625 0.7765625 0.04375 0.046875
0 0.8359375 0.48203125 0.03046875 0.02578125
0 0.8953125 0.7453125 0.01328125 0.01484375
0 0.6265625 0.96953125 0.03515625 0.0296875
0 0.84921875 0.1765625 0.06171875 0.0578125
0 0.146875 0.92421875 0.084375 0.07109375
0 0.17734375 0.1609375 0.0390625 0.0390625
0 0.08046875 0.1 0.040625 0.03984375
0 0.05 0.0359375 0.02109375 0.0171875
0 0.215625 0.878125 0.06171875 0.05703125
0 0.55 0.92265625 0.04296875 0.03046875
0 0.796875 0.09609375 0.015625 0.01875
0 0.0859375 0.77265625 0.0578125 0.06171875
0 0.32578125 0.40859375 0.03203125 0.04453125
0 0.01328125 0.0671875 0.0234375 0.0328125
0 0.746875 0.85859375 0.04453125 0.040625
0 0.72109375 0.9859375 0.028125 0.01796875
0 0.2546875 0.25625 0.075 0.06484375
0 0.2953125 0.88046875 0.0796875 0.06171875
0 0.81328125 0.9375 0.04140625 0.03984375
0 0.97578125 0.02421875 0.04609375 0.04296875
0 0.93046875 0.33984375 0.0140625 0.015625
0 0.96015625 0.15234375 0.05078125 0.0609375
0 0.81640625 0.378125 0.09765625 0.10078125
0 0.3328125 0.978125 0.0703125 0.02890625
0 0.6515625 0.31171875 0.015625 0.015625
0 0.0921875 0.98359375 0.04453125 0.03125