0 0.46171875 0.18203125 0.09140625 0.0734375
0 0.4484375 0.23359375 0.03359375 0.0328125
0 0.45 0.28671875 0.0296875 0.0328125
0 0.48671875 0.28359375 0.03203125 0.0390625
0 0.52109375 0.30078125 0.02265625 0.0296875
0 0.56484375 0.30625 0.028125 0.0375
0 0.58125 0.2265625 0.05625 0.05
0 0.6296875 0.17734375 0.02109375 0.02265625
0 0.6359375 0.13203125 0.040625 0.04453125
0 0.58125 0.06328125 0.0421875 0.03203125
0 0.56875 0.1359375 0.0328125 0.040625
0 0.43046875 0.46953125 0.0484375 0.04765625
0 0.43515625 0.5484375 0.05390625 0.05625
0 0.3859375 0.58046875 0.0421875 0.04765625
0 0.44375 0.61796875 0.0515625 0.0390625
0 0.45234375 0.58125 0.021875 0.02109375
0 0.42578125 0.6453125 0.03125 0.02421875
0 0.396875 0.6875 0.046875 0.053125
0 0.4234375 0.76015625 0.021875 0.01953125
0 0.3640625 0.78984375 0.04375 0.0546875
0 0.409375 0.89453125 0.05625 0.03828125
0 0.41640625 0.9265625 0.03203125 0.02109375
0 0.390625 0.93359375 0.03125 0.0296875
0 0.34375 0.95546875 0.03125 0.0265625
0 0.5140625 0.7765625 0.0484375 0.03671875
0 0.49140625 0.74609375 0.02578125 0.0296875
0 0.5734375 0.51484375 0.0421875 0.04140625
0 0.48125 0.409375 0.04375 0.05625
0 0.52890625 0.38359375 0.0421875 0.0390625
0 0.62421875 0.3203125 0.0296875 0.034375
0 0.45234375 0.884375 0.02578125 0.025
0 0.37109375 0.8515625 0.03125 0.03046875
0 0.5234375 0.84140625 0.02734375 0.0328125
0 0.47890625 0.50625 0.03203125 0.034375
0 0.478125 0.4703125 0.04609375 0.03046875
0 0.6 0.4359375 0.02421875 0.02421875
0 0.64921875 0.24453125 0.02890625 0.0234375
0 0.6359375 0.03984375 0.025 0.0234375
0 0.62421875 0.078125 0.02578125 0.01875
0 0.5546875 0.79765625 0.0203125 0.0203125
0 0.4828125 0.91796875 0.0171875 0.0265625
0 0.421875 0.4140625 0.0234375 0.034375
0 0.4703125 0.33671875 0.03046875 0.0234375
0 0.46171875 0.36171875 0.02890625 0.03203125
0 0.603125 0.1890625 0.0234375 0.025
0 0.6515625 0.4921875 0.025 0.034375
0 0.59375 0.8578125 0.01875 0.02421875
0 0.6953125 0.21796875 0.05 0.0515625
0 0.69375 0.11796875 0.0359375 0.0390625