0 0.7140625 0.2125 0.0515625 0.040625
0 0.821875 0.1421875 0.0390625 0.040625
0 0.74609375 0.06875 0.0390625 0.02734375
0 0.65859375 0.0109375 0.034375 0.021875
0 0.55078125 0.0125 0.0390625 0.01015625
0 0.778125 0.37578125 0.02578125 0.03046875
0 0.790625 0.3453125 0.0203125 0.02890625
0 0.815625 0.33984375 0.021875 0.0171875
0 0.83828125 0.3203125 0.0109375 0.01953125
0 0.8984375 0.47109375 0.0421875 0.0546875
0 0.884375 0.4328125 0.028125 0.034375
0 0.85859375 0.40625 0.02109375 0.025
0 0.8375 0.3640625 0.04375 0.05
0 0.753125 0.48203125 0.04453125 0.03984375
0 0.7890625 0.44375 0.03515625 0.028125
0 0.853125 0.47421875 0.0234375 0.03984375
0 0.86640625 0.53515625 0.03671875 0.04296875
0 0.7375 0.28203125 0.07578125 0.0859375
0 0.91015625 0.22109375 0.05859375 0.06171875
0 0.7625 0.2140625 0.053125 0.04453125
0 0.8515625 0.65703125 0.059375 0.0546875
0 0.9125 0.75703125 0.0578125 0.0578125
0 0.9453125 0.70703125 0.05078125 0.07109375
0 0.9765625 0.6640625 0.0265625 0.03515625
0 0.9765625 0.6078125 0.028125 0.05078125
0 0.94140625 0.38984375 0.02734375 0.01796875
0 0.909375 0.40078125 0.0359375 0.0359375
0 0.89140625 0.371875 0.021875 0.03125
0 0.9015625 0.32890625 0.0375 0.0390625
0 0.98125 0.74921875 0.021875 0.03671875
0 0.9453125 0.8046875 0.028125 0.03203125
0 0.93125 0.8515625 0.0234375 0.03515625
0 0.896875 0.871875 0.046875 0.05390625
0 0.9359375 0.925 0.0296875 0.034375
0 0.853125 0.59765625 0.025 0.02734375
0 0.8921875 0.60546875 0.028125 0.0328125
0 0.9328125 0.54375 0.0375 0.03828125
0 0.978125 0.50859375 0.028125 0.0390625