0 0.525 0.8453125 0.04140625 0.034375
0 0.40703125 0.20390625 0.03515625 0.0296875
0 0.59453125 0.7046875 0.0328125 0.0296875
0 0.4703125 0.88515625 0.03203125 0.025
0 0.625 0.73125 0.02734375 0.02421875
0 0.39921875 0.4046875 0.04296875 0.04609375
0 0.55859375 0.71875 0.02421875 0.021875
0 0.559375 0.56875 0.0515625 0.05
0 0.49765625 0.078125 0.04140625 0.03046875
0 0.46640625 0.815625 0.04375 0.03828125
0 0.77578125 0.1671875 0.03515625 0.03125
0 0.2390625 0.64609375 0.02421875 0.02265625
0 0.7359375 0.1296875 0.04140625 0.03671875
0 0.63359375 0.5125 0.02890625 0.03125
0 0.54375 0.1875 0.03046875 0.03125
0 0.778125 0.38828125 0.0234375 0.02421875
0 0.4703125 0.1515625 0.0421875 0.02890625
0 0.4625 0.1890625 0.03984375 0.0359375
0 0.65546875 0.9421875 0.046875 0.0375
0 0.47265625 0.39140625 0.03203125 0.03515625
0 0.90546875 0.60234375 0.0203125 0.02421875
0 0.771875 0.14140625 0.0359375 0.03203125
0 0.83125 0.57890625 0.025 0.028125
0 0.48125 0.6875 0.03046875 0.028125
0 0.4234375 0.90234375 0.025 0.01953125
0 0.53203125 0.628125 0.02578125 0.02578125
0 0.4890625 0.55625 0.02265625 0.02421875
0 0.534375 0.7515625 0.0203125 0.01953125
0 0.48984375 0.7015625 0.03125 0.0296875
0 0.76484375 0.19375 0.02734375 0.025
0 0.78515625 0.45703125 0.02109375 0.021875
0 0.38515625 0.61640625 0.02265625 0.021875
0 0.74375 0.7 0.0203125 0.02109375
0 0.19140625 0.1984375 0.03125 0.0296875
0 0.36328125 0.759375 0.0265625 0.02265625
0 0.63046875 0.878125 0.021875 0.0203125
0 0.44140625 0.54296875 0.03828125 0.03671875
0 0.5359375 0.39765625 0.028125 0.028125
0 0.3734375 0.35625 0.02421875 0.02421875
0 0.5375 0.5765625 0.02265625 0.02421875
0 0.4515625 0.63125 0.02265625 0.02265625
0 0.27421875 0.20703125 0.0375 0.0296875
0 0.353125 0.1078125 0.03046875 0.02421875
0 0.62578125 0.38984375 0.02265625 0.02265625
0 0.321875 0.27109375 0.034375 0.0328125
0 0.7046875 0.1875 0.02890625 0.025
0 0.25390625 0.81484375 0.0234375 0.021875
0 0.56875 0.3546875 0.028125 0.02578125
0 0.28359375 0.26484375 0.021875 0.02265625
0 0.76796875 0.26328125 0.01953125 0.01953125
0 0.35078125 0.59453125 0.0265625 0.02578125
0 0.8421875 0.78203125 0.01953125 0.02421875
0 0.2984375 0.76875 0.0328125 0.02734375
0 0.38046875 0.80234375 0.03203125 0.02734375
0 0.56640625 0.23515625 0.03828125 0.0359375
0 0.7296875 0.5578125 0.0203125 0.021875
0 0.76640625 0.5265625 0.025 0.02890625
0 0.94453125 0.5640625 0.0171875 0.02421875
0 0.1671875 0.178125 0.02734375 0.0265625
0 0.65 0.1328125 0.0421875 0.034375
0 0.621875 0.321875 0.0546875 0.05703125
0 0.92578125 0.63671875 0.015625 0.01953125
0 0.4828125 0.0390625 0.028125 0.02109375
0 0.20078125 0.86953125 0.02265625 0.021875
0 0.79765625 0.5421875 0.0203125 0.02734375
0 0.9828125 0.51328125 0.01640625 0.02578125
0 0.33828125 0.778125 0.0171875 0.0171875
0 0.86640625 0.24296875 0.02734375 0.03046875
0 0.60703125 0.97734375 0.0734375 0.0359375
0 0.9265625 0.5453125 0.0203125 0.01953125
0 0.72578125 0.68671875 0.0234375 0.03359375
0 0.609375 0.03203125 0.02890625 0.01953125
0 0.121875 0.83203125 0.034375 0.0359375
0 0.79921875 0.68046875 0.01640625 0.0171875
0 0.13203125 0.76015625 0.01796875 0.0234375
0 0.16875 0.8171875 0.01875 0.02109375
0 0.05859375 0.78671875 0.0234375 0.0328125
0 0.92109375 0.25390625 0.0234375 0.02734375
0 0.6765625 0.34921875 0.04296875 0.046875
0 0.0890625 0.7578125 0.0203125 0.0265625
0 0.26953125 0.946875 0.02578125 0.0203125
0 0.97578125 0.59609375 0.01875 0.0453125
0 0.178125 0.8296875 0.0421875 0.04921875
0 0.23828125 0.8421875 0.02109375 0.02890625
0 0.86640625 0.6390625 0.0125 0.01328125
0 0.00859375 0.63515625 0.0125 0.028125