0 0.146875 0.76875 0.08203125 0.0921875
0 0.1375 0.50625 0.08046875 0.0828125
0 0.69453125 0.8359375 0.04140625 0.03359375
0 0.896875 0.51015625 0.05390625 0.05859375
0 0.775 0.6609375 0.053125 0.0546875
0 0.3546875 0.31875 0.05078125 0.05
0 0.63203125 0.503125 0.059375 0.059375
0 0.15390625 0.17890625 0.040625 0.040625
0 0.0765625 0.6625 0.065625 0.0765625
0 0.45625 0.659375 0.0453125 0.04375
0 0.2390625 0.85 0.0375 0.0359375
0 0.23515625 0.1015625 0.065625 0.0578125
0 0.8265625 0.9640625 0.025 0.02109375
0 0.340625 0.81796875 0.0265625 0.02578125
0 0.72578125 0.73359375 0.040625 0.0390625
0 0.496875 0.6984375 0.03828125 0.0375
0 0.065625 0.79921875 0.03125 0.0328125
0 0.2234375 0.95625 0.0359375 0.0296875
0 0.3171875 0.8140625 0.03671875 0.03515625
0 0.08046875 0.4421875 0.03203125 0.03203125
0 0.59453125 0.88515625 0.04140625 0.03359375
0 0.2984375 0.73046875 0.04140625 0.0390625
0 0.390625 0.8078125 0.05 0.046875
0 0.46171875 0.3578125 0.05703125 0.05390625
0 0.0984375 0.13125 0.03671875 0.046875
0 0.83671875 0.72578125 0.03515625 0.04140625
0 0.378125 0.784375 0.0328125 0.03046875
0 0.38828125 0.2328125 0.08515625 0.0734375
0 0.59453125 0.91484375 0.0453125 0.03828125
0 0.09296875 0.1546875 0.04609375 0.053125
0 0.484375 0.07109375 0.046875 0.03984375
0 0.43203125 0.8640625 0.0390625 0.034375
0 0.2140625 0.6671875 0.03046875 0.0296875
0 0.6296875 0.90546875 0.02890625 0.02578125
0 0.55546875 0.728125 0.0578125 0.0515625
0 0.4390625 0.4 0.04921875 0.0484375
0 0.4984375 0.76484375 0.0421875 0.0375
0 0.059375 0.6890625 0.0296875 0.03828125
0 0.021875 0.590625 0.03203125 0.0421875
0 0.8140625 0.43984375 0.03515625 0.0328125
0 0.86015625 0.71484375 0.0703125 0.07734375
0 0.765625 0.94453125 0.0296875 0.021875
0 0.10546875 0.8390625 0.0296875 0.03125
0 0.06171875 0.5390625 0.0296875 0.0375
0 0.07578125 0.7484375 0.028125 0.03125
0 0.3640625 0.8453125 0.028125 0.028125
0 0.521875 0.47109375 0.03828125 0.03359375
0 0.89296875 0.63828125 0.08984375 0.11015625
0 0.5890625 0.9578125 0.03203125 0.02421875
0 0.26171875 0.4671875 0.02734375 0.0265625
0 0.6359375 0.775 0.0984375 0.08046875
0 0.22578125 0.70234375 0.02734375 0.03125