0 0.821875 0.91875 0.02890625 0.02578125
0 0.73125 0.90859375 0.02890625 0.02265625
0 0.7828125 0.921875 0.04375 0.0421875
0 0.68828125 0.978125 0.0484375 0.0328125
0 0.88984375 0.7484375 0.02578125 0.03125
0 0.896875 0.61015625 0.03515625 0.05234375
0 0.746875 0.9609375 0.0359375 0.0296875
0 0.9234375 0.5796875 0.03359375 0.04765625
0 0.95078125 0.69921875 0.03671875 0.0578125
0 0.98671875 0.459375 0.02265625 0.0359375
0 0.86875 0.83125 0.065625 0.0734375
0 0.7671875 0.86796875 0.0265625 0.0265625
0 0.66953125 0.97265625 0.02265625 0.01640625
0 0.934375 0.7359375 0.03359375 0.04921875
0 0.871875 0.71796875 0.03125 0.03515625
0 0.78984375 0.878125 0.034375 0.03359375
1 0.80390625 0.79296875 0.02265625 0.028125
1 0.9828125 0.621875 0.02265625 0.034375
1 0.9359375 0.690625 0.01875 0.03125
1 0.91796875 0.628125 0.03203125 0.03828125
1 0.98515625 0.559375 0.01796875 0.02890625
1 0.9796875 0.5328125 0.01875 0.0296875
1 0.8640625 0.684375 0.0359375 0.04375
1 0.9453125 0.4265625 0.021875 0.02734375
1 0.95546875 0.553125 0.021875 0.034375
1 0.978125 0.43125 0.02109375 0.034375
1 0.77421875 0.8609375 0.02421875 0.0234375
1 0.98125 0.509375 0.0171875 0.028125
1 0.7640625 0.840625 0.03203125 0.02890625
1 0.67890625 0.9125 0.03515625 0.03515625