1 0.4234375 0.1015625 0.021875 0.02265625
1 0.29296875 0.3234375 0.021875 0.0234375
0 0.946875 0.11015625 0.025 0.02265625
1 0.28984375 0.2828125 0.02421875 0.025
1 0.5640625 0.10546875 0.02734375 0.03828125
1 0.03515625 0.2421875 0.03203125 0.034375
1 0.97109375 0.7859375 0.01640625 0.0171875
1 0.09375 0.27109375 0.021875 0.021875
1 0.98984375 0.10625 0.0203125 0.034375
0 0.9640625 0.18984375 0.03984375 0.04296875
1 0.4984375 0.3390625 0.0265625 0.0265625
0 0.5234375 0.27578125 0.046875 0.03984375
0 0.37578125 0.2765625 0.0328125 0.034375
0 0.334375 0.37421875 0.04140625 0.040625
0 0.51171875 0.1671875 0.03125 0.03359375
0 0.5171875 0.29296875 0.08125 0.0984375
0 0.28828125 0.0875 0.03125 0.0265625
0 0.24921875 0.06171875 0.0296875 0.02734375
0 0.34296875 0.1359375 0.07265625 0.0671875
0 0.325 0.03671875 0.06640625 0.059375
0 0.171875 0.25859375 0.06953125 0.06875
0 0.4296875 0.2328125 0.04375 0.053125
0 0.42734375 0.22265625 0.01796875 0.01953125
0 0.6 0.4359375 0.0640625 0.0703125
0 0.45703125 0.503125 0.021875 0.0203125
0 0.496875 0.184375 0.05 0.0515625
0 0.2625 0.1234375 0.05859375 0.065625
0 0.2375 0.01875 0.05234375 0.0359375
0 0.94609375 0.7859375 0.0328125 0.03671875
0 0.79140625 0.021875 0.046875 0.03984375
0 0.49609375 0.0859375 0.025 0.02265625
0 0.815625 0.17578125 0.05390625 0.05859375
0 0.3046875 0.20703125 0.02578125 0.02578125
0 0.62578125 0.1640625 0.0328125 0.034375
0 0.9578125 0.41953125 0.059375 0.06640625
0 0.8109375 0.628125 0.0328125 0.03984375
0 0.9859375 0.13046875 0.028125 0.0640625
0 0.98203125 0.3515625 0.03515625 0.06328125
0 0.7015625 0.39921875 0.075 0.08984375
0 0.4234375 0.02265625 0.021875 0.01875
0 0.97890625 0.25 0.0421875 0.084375
0 0.634375 0.4125 0.046875 0.05390625
0 0.64140625 0.0484375 0.09140625 0.0828125
0 0.23671875 0.43359375 0.05078125 0.0734375
0 0.44140625 0.1171875 0.015625 0.01484375
0 0.97734375 0.565625 0.04140625 0.05390625
0 0.77265625 0.51796875 0.02265625 0.02421875