0 0.21640625 0.71640625 0.0234375 0.02265625
0 0.01484375 0.7984375 0.01875 0.01953125
0 0.38203125 0.82421875 0.009375 0.0109375
0 0.315625 0.63359375 0.028125 0.028125
0 0.090625 0.55625 0.0140625 0.01484375
0 0.11640625 0.56875 0.01328125 0.01328125
0 0.10625 0.69609375 0.015625 0.015625
0 0.7171875 0.8171875 0.02578125 0.02578125
0 0.078125 0.50078125 0.0140625 0.01484375
0 0.0640625 0.5109375 0.01875 0.0171875
0 0.24140625 0.69375 0.01171875 0.0125
0 0.309375 0.4984375 0.0234375 0.02265625
0 0.01640625 0.76875 0.01171875 0.0125
0 0.01171875 0.41328125 0.01484375 0.0171875
0 0.36640625 0.66015625 0.01875 0.0171875
0 0.39921875 0.7984375 0.01640625 0.01640625
0 0.12734375 0.60703125 0.01484375 0.01640625
0 0.734375 0.71171875 0.01953125 0.01875
0 0.59453125 0.9859375 0.0140625 0.0140625
0 0.34609375 0.534375 0.0234375 0.021875
0 0.5375 0.675 0.021875 0.0203125
0 0.3 0.7359375 0.01796875 0.01875
0 0.1234375 0.70234375 0.009375 0.009375
0 0.196875 0.57109375 0.0328125 0.03515625
0 0.4859375 0.71640625 0.021875 0.0234375
0 0.08203125 0.53984375 0.01171875 0.01328125
0 0.58515625 0.91484375 0.01953125 0.01875
0 0.20078125 0.5 0.0203125 0.01875
0 0.24609375 0.509375 0.03203125 0.03046875
0 0.04609375 0.9015625 0.02265625 0.02265625
0 0.1703125 0.3765625 0.02421875 0.0234375
0 0.0046875 0.9234375 0.00859375 0.0140625
0 0.42265625 0.9109375 0.015625 0.015625
0 0.51171875 0.92265625 0.0328125 0.0296875
0 0.23984375 0.56953125 0.0140625 0.01328125
0 0.60546875 0.81171875 0.03984375 0.034375
0 0.14140625 0.5734375 0.015625 0.015625
0 0.2640625 0.478125 0.0203125 0.0203125
0 0.53359375 0.9703125 0.01640625 0.015625
0 0.07421875 0.684375 0.0109375 0.0109375