0 0.503125 0.76328125 0.0171875 0.0171875
0 0.24296875 0.7078125 0.0109375 0.01171875
0 0.41015625 0.621875 0.01640625 0.015625
0 0.571875 0.85625 0.01875 0.0171875
0 0.59921875 0.67734375 0.0109375 0.01171875
0 0.2375 0.690625 0.0125 0.01328125
0 0.465625 0.928125 0.01484375 0.0140625
0 0.06953125 0.52109375 0.01328125 0.0171875
0 0.3375 0.721875 0.0109375 0.01171875
0 0.39921875 0.4921875 0.02265625 0.0234375
0 0.48515625 0.85625 0.028125 0.025
0 0.08125 0.52734375 0.015625 0.01875
0 0.10390625 0.4703125 0.0109375 0.01328125
0 0.19375 0.59921875 0.00859375 0.0109375
0 0.18984375 0.8 0.01484375 0.01484375
0 0.2359375 0.85234375 0.01875 0.0171875
0 0.1875 0.440625 0.01484375 0.01640625
0 0.4109375 0.26875 0.03671875 0.0328125
0 0.35625 0.31640625 0.02578125 0.025
0 0.315625 0.50703125 0.01484375 0.015625
0 0.540625 0.87890625 0.01796875 0.01796875
0 0.040625 0.57734375 0.01015625 0.01171875
0 0.24453125 0.8328125 0.021875 0.01875
0 0.51953125 0.55234375 0.01328125 0.0140625
0 0.34140625 0.628125 0.01171875 0.0125
0 0.24609375 0.23828125 0.01328125 0.01328125
0 0.25546875 0.6875 0.01171875 0.0125
0 0.409375 0.6703125 0.02265625 0.01953125
0 0.39921875 0.75859375 0.01796875 0.01640625
0 0.2390625 0.4125 0.0125 0.01484375
0 0.409375 0.38359375 0.015625 0.015625
0 0.6453125 0.70546875 0.01484375 0.015625
0 0.6796875 0.71953125 0.01640625 0.0171875
0 0.465625 0.63984375 0.01796875 0.0171875
0 0.465625 0.6578125 0.0125 0.0125
0 0.47265625 0.55625 0.01015625 0.01015625
0 0.490625 0.521875 0.015625 0.015625
0 0.27890625 0.5015625 0.01484375 0.015625
0 0.10859375 0.6515625 0.01328125 0.01484375
1 0.75703125 0.84296875 0.02578125 0.02578125
0 0.55625 0.77890625 0.015625 0.015625
0 0.12109375 0.72734375 0.0109375 0.01328125
0 0.67265625 0.8734375 0.01875 0.0171875
0 0.7171875 0.859375 0.01640625 0.01640625
0 0.73515625 0.83984375 0.0140625 0.0140625
0 0.10234375 0.7234375 0.01328125 0.01484375
0 0.55 0.90859375 0.03046875 0.02578125
0 0.4390625 0.4859375 0.01171875 0.01171875
0 0.58125 0.740625 0.0171875 0.01953125
0 0.6765625 0.66796875 0.06796875 0.0609375
1 0.73671875 0.740625 0.03203125 0.03203125
0 0.42578125 0.7171875 0.01328125 0.0140625
0 0.4828125 0.81875 0.03046875 0.02578125
1 0.81171875 0.8171875 0.0234375 0.021875
0 0.56171875 0.7390625 0.02109375 0.02109375
0 0.5390625 0.7390625 0.01953125 0.0203125
0 0.26015625 0.26328125 0.01640625 0.0171875
0 0.29296875 0.7921875 0.0375 0.034375
0 0.10234375 0.3765625 0.015625 0.021875
1 0.76875 0.7703125 0.01953125 0.02109375
0 0.3921875 0.63203125 0.01171875 0.01171875
0 0.42578125 0.53203125 0.01640625 0.015625
0 0.29609375 0.4046875 0.01640625 0.015625
0 0.4703125 0.4953125 0.01328125 0.01484375
1 0.77890625 0.9171875 0.0171875 0.0171875
0 0.46640625 0.56953125 0.0109375 0.0109375
1 0.60625 0.8359375 0.0234375 0.0265625
0 0.4421875 0.6828125 0.01015625 0.01328125
0 0.36953125 0.39140625 0.0265625 0.02421875
0 0.5578125 0.58671875 0.03125 0.02890625
0 0.15859375 0.6546875 0.0234375 0.02421875
0 0.61875 0.57578125 0.046875 0.0453125
0 0.44609375 0.79921875 0.0296875 0.0265625
0 0.71953125 0.76640625 0.01640625 0.01640625
0 0.28125 0.6109375 0.015625 0.01640625
0 0.5203125 0.76015625 0.01953125 0.01796875
0 0.58125 0.68046875 0.01328125 0.01484375
0 0.2796875 0.87890625 0.065625 0.05625
1 0.73359375 0.9359375 0.01953125 0.01875
1 0.67890625 0.815625 0.0203125 0.01953125
0 0.628125 0.67578125 0.0265625 0.03046875
0 0.45390625 0.76796875 0.03359375 0.0296875
0 0.14453125 0.16328125 0.040625 0.040625
1 0.16171875 0.309375 0.01171875 0.015625
0 0.58984375 0.53125 0.0359375 0.0421875
0 0.265625 0.65390625 0.04609375 0.046875
0 0.259375 0.825 0.0265625 0.02734375
0 0.65078125 0.721875 0.01796875 0.02109375
0 0.22734375 0.303125 0.02421875 0.0234375
0 0.403125 0.88125 0.02578125 0.0203125
0 0.5953125 0.78828125 0.040625 0.0375
0 0.35625 0.4921875 0.01875 0.0203125
1 0.7140625 0.871875 0.02421875 0.01953125
0 0.18984375 0.66015625 0.04140625 0.040625
0 0.559375 0.678125 0.02265625 0.02265625
0 0.053125 0.475 0.01015625 0.01484375
0 0.57265625 0.8859375 0.04140625 0.0359375
1 0.671875 0.95 0.0203125 0.0171875
0 0.70234375 0.93359375 0.01875 0.01640625
0 0.203125 0.2625 0.021875 0.0203125
1 0.2046875 0.3203125 0.0171875 0.015625
0 0.4796875 0.471875 0.0140625 0.01484375
1 0.76875 0.80390625 0.0296875 0.03125
0 0.26484375 0.196875 0.028125 0.02265625
0 0.31640625 0.31484375 0.01796875 0.01796875
0 0.56171875 0.5046875 0.02578125 0.0234375
0 0.6203125 0.875 0.03515625 0.03203125
1 0.7421875 0.96953125 0.01796875 0.015625
0 0.3328125 0.89140625 0.0203125 0.01796875
0 0.37734375 0.69765625 0.0515625 0.0453125
0 0.74609375 0.93125 0.02734375 0.021875
0 0.6453125 0.90625 0.0390625 0.028125
0 0.61875 0.82890625 0.0390625 0.03359375
0 0.52109375 0.46015625 0.0171875 0.01953125
0 0.66875 0.71328125 0.021875 0.0203125
0 0.33359375 0.659375 0.05078125 0.04921875
0 0.42421875 0.30546875 0.0203125 0.021875
1 0.63203125 0.91796875 0.02265625 0.01953125
1 0.55859375 0.70625 0.0234375 0.02109375