0 0.54296875 0.7890625 0.0171875 0.01640625
0 0.34609375 0.809375 0.0171875 0.015625
0 0.58125 0.8578125 0.01875 0.0171875
0 0.21484375 0.70546875 0.0171875 0.01953125
0 0.41640625 0.7375 0.01953125 0.01796875
0 0.5546875 0.8859375 0.01875 0.0171875
0 0.8453125 0.809375 0.01484375 0.0140625
0 0.05625 0.58046875 0.0171875 0.01953125
0 0.14453125 0.63046875 0.0203125 0.0171875
0 0.28046875 0.69296875 0.0140625 0.01484375
0 0.815625 0.56484375 0.04375 0.04375
0 0.446875 0.8078125 0.01953125 0.01640625
0 0.4390625 0.9171875 0.01953125 0.01640625
0 0.3625 0.78203125 0.01640625 0.015625
0 0.0828125 0.771875 0.0109375 0.0109375
0 0.746875 0.72421875 0.01875 0.01640625
0 0.7375 0.8234375 0.015625 0.015625
0 0.02890625 0.63203125 0.02109375 0.021875
0 0.6 0.80234375 0.0125 0.0125
0 0.43828125 0.65703125 0.01640625 0.01640625
0 0.27109375 0.68046875 0.0171875 0.0140625
0 0.74140625 0.615625 0.01796875 0.01796875
0 0.2609375 0.7421875 0.01328125 0.01328125
0 0.771875 0.78828125 0.015625 0.0140625
0 0.3484375 0.87890625 0.02421875 0.02109375
0 0.5578125 0.6046875 0.01953125 0.01875
0 0.61015625 0.815625 0.01484375 0.0140625
0 0.65234375 0.68125 0.0328125 0.03359375
0 0.55546875 0.8953125 0.02265625 0.02109375
0 0.8921875 0.74609375 0.01875 0.01796875
0 0.60390625 0.8859375 0.01953125 0.01796875
0 0.2328125 0.6234375 0.0203125 0.021875
0 0.70078125 0.77421875 0.0203125 0.01875
0 0.8515625 0.7765625 0.015625 0.01640625
0 0.13359375 0.51328125 0.01640625 0.01640625
0 0.96015625 0.75078125 0.0265625 0.03359375
0 0.9203125 0.84765625 0.01484375 0.015625
0 0.9359375 0.8703125 0.01640625 0.0171875
0 0.16640625 0.8765625 0.02109375 0.02109375
0 0.2890625 0.85625 0.02265625 0.02109375
0 0.44921875 0.69453125 0.025 0.02265625
0 0.4875 0.6015625 0.01875 0.01796875
0 0.03515625 0.79765625 0.0234375 0.02578125
0 0.3859375 0.575 0.01875 0.01796875
0 0.09453125 0.34609375 0.01875 0.01875
0 0.0703125 0.6484375 0.02265625 0.025
0 0.49609375 0.44921875 0.04453125 0.03359375
0 0.1453125 0.77734375 0.015625 0.01640625
0 0.88203125 0.73515625 0.0171875 0.01640625
0 0.06171875 0.821875 0.0234375 0.025
0 0.7171875 0.64921875 0.01953125 0.01875
0 0.11484375 0.771875 0.009375 0.01015625
0 0.51484375 0.4984375 0.03671875 0.03046875
0 0.759375 0.553125 0.03828125 0.03359375
0 0.18203125 0.6453125 0.01640625 0.0203125
0 0.1046875 0.409375 0.01953125 0.02109375
0 0.63125 0.72578125 0.025 0.01953125
0 0.73828125 0.51484375 0.0390625 0.0359375
0 0.56328125 0.653125 0.028125 0.02890625
0 0.11484375 0.56953125 0.02578125 0.02890625
0 0.42734375 0.55078125 0.01640625 0.01640625
0 0.53125 0.4546875 0.0453125 0.04296875
0 0.2 0.8390625 0.04453125 0.04375
0 0.64765625 0.5375 0.02109375 0.01953125
0 0.6 0.5359375 0.0546875 0.04921875
0 0.41328125 0.68828125 0.0234375 0.02265625
0 0.28046875 0.6140625 0.01796875 0.0171875
0 0.0125 0.5875 0.02421875 0.03125
0 0.26640625 0.6046875 0.021875 0.01796875
0 0.31953125 0.8765625 0.03359375 0.0265625
0 0.03828125 0.471875 0.0203125 0.02109375
1 0.94609375 0.7828125 0.01484375 0.01640625
0 0.4359375 0.7203125 0.03203125 0.028125
0 0.16484375 0.5375 0.03125 0.0328125
0 0.4203125 0.61640625 0.02734375 0.02578125
0 0.83515625 0.6 0.0390625 0.04921875
0 0.32265625 0.625 0.02890625 0.0296875
0 0.33125 0.45625 0.01640625 0.0171875
0 0.41640625 0.87421875 0.03203125 0.0265625
0 0.62109375 0.8953125 0.03125 0.025
0 0.53984375 0.63359375 0.02265625 0.021875
0 0.09765625 0.53984375 0.02421875 0.0265625
0 0.70078125 0.68984375 0.02578125 0.02421875
0 0.878125 0.871875 0.0265625 0.0234375
0 0.18828125 0.4546875 0.01875 0.02265625
0 0.565625 0.8390625 0.0203125 0.01796875
0 0.81875 0.89921875 0.028125 0.02265625
0 0.665625 0.57109375 0.03515625 0.034375
0 0.8078125 0.72265625 0.01875 0.01953125
0 0.5171875 0.609375 0.0203125 0.01796875
0 0.0875 0.56328125 0.034375 0.0328125
0 0.41640625 0.8984375 0.03828125 0.0265625
0 0.87109375 0.85078125 0.025 0.02578125
0 0.34609375 0.95234375 0.040625 0.03046875
0 0.80390625 0.61328125 0.02421875 0.0296875
0 0.51484375 0.9671875 0.02734375 0.0234375
0 0.4328125 0.49765625 0.01953125 0.01953125
0 0.31875 0.7171875 0.03046875 0.028125
0 0.48046875 0.71484375 0.03515625 0.03515625
0 0.6625 0.8359375 0.0359375 0.03125
0 0.46015625 0.85546875 0.03828125 0.03203125
0 0.7015625 0.82734375 0.03046875 0.02734375
0 0.51875 0.74375 0.05390625 0.04453125
0 0.81640625 0.8484375 0.03359375 0.0296875
0 0.64296875 0.7484375 0.04375 0.03984375
0 0.615625 0.92265625 0.03828125 0.0296875
0 0.06484375 0.53046875 0.034375 0.03515625
0 0.465625 0.9359375 0.0515625 0.0375
0 0.39296875 0.6296875 0.0390625 0.0390625
0 0.01875 0.49140625 0.03515625 0.04375
0 0.759375 0.93125 0.03203125 0.02890625
0 0.48984375 0.7890625 0.059375 0.04765625
0 0.83671875 0.94921875 0.03671875 0.03359375
0 0.66640625 0.60234375 0.03203125 0.03828125
0 0.728125 0.98046875 0.0515625 0.0328125
0 0.271875 0.975 0.0625 0.0421875
0 0.79375 0.8578125 0.04375 0.03828125
0 0.38984375 0.9828125 0.05390625 0.03125
0 0.57578125 0.9453125 0.03984375 0.03203125