0 0.65546875 0.2546875 0.0140625 0.01484375
0 0.48046875 0.5328125 0.01640625 0.015625
0 0.78984375 0.38203125 0.0125 0.01328125
0 0.23515625 0.1703125 0.0265625 0.02578125
0 0.49296875 0.34453125 0.0140625 0.01328125
0 0.6046875 0.46953125 0.0125 0.01328125
0 0.77265625 0.18046875 0.01015625 0.01171875
0 0.896875 0.47109375 0.03671875 0.03515625
0 0.23125 0.08359375 0.0140625 0.01484375
0 0.64296875 0.334375 0.0140625 0.01328125
0 0.87421875 0.2125 0.01953125 0.01875
0 0.63359375 0.36875 0.01328125 0.0140625
0 0.85625 0.484375 0.0109375 0.0125
0 0.4609375 0.52734375 0.0140625 0.01328125
0 0.62890625 0.17421875 0.01484375 0.015625
0 0.72734375 0.11875 0.0109375 0.01171875
0 0.79140625 0.1640625 0.01953125 0.0171875
0 0.86015625 0.1953125 0.01640625 0.01796875
0 0.628125 0.44609375 0.0109375 0.0125
0 0.325 0.6125 0.01953125 0.01796875
0 0.509375 0.10390625 0.01796875 0.01640625
0 0.1046875 0.584375 0.0171875 0.0171875
0 0.10703125 0.309375 0.0125 0.0125
0 0.0625 0.5046875 0.0203125 0.01953125
0 0.79375 0.03125 0.015625 0.01640625
0 0.6390625 0.06953125 0.0109375 0.01171875
0 0.04765625 0.465625 0.02421875 0.02578125
0 0.603125 0.409375 0.01484375 0.015625
0 0.87578125 0.5125 0.01015625 0.01171875
0 0.071875 0.203125 0.02265625 0.02265625
0 0.03984375 0.228125 0.03359375 0.034375
0 0.778125 0.22578125 0.0125 0.015625
0 0.15625 0.19921875 0.0328125 0.03125
0 0.29140625 0.62578125 0.01015625 0.01171875
0 0.7421875 0.346875 0.02265625 0.02265625
0 0.33125 0.56953125 0.03203125 0.03203125
0 0.8984375 0.15625 0.0328125 0.0375
0 0.9609375 0.3890625 0.01171875 0.0140625
0 0.94609375 0.4171875 0.021875 0.0234375
0 0.63359375 0.8109375 0.01875 0.021875
0 0.7984375 0.33359375 0.0171875 0.01796875
0 0.40078125 0.3578125 0.0125 0.0140625
0 0.66328125 0.3640625 0.0265625 0.02734375
0 0.25859375 0.059375 0.03046875 0.03125
0 0.9 0.5390625 0.0125 0.01484375
0 0.8515625 0.13359375 0.02265625 0.025
0 0.5828125 0.3625 0.025 0.02421875
0 0.71953125 0.6109375 0.02578125 0.028125
0 0.36875 0.4375 0.0125 0.01640625
0 0.428125 0.3609375 0.03046875 0.0296875
0 0.27890625 0.39453125 0.05234375 0.04296875
0 0.6234375 0.72890625 0.02109375 0.02109375
0 0.93828125 0.1625 0.01328125 0.0140625
0 0.80703125 0.00625 0.0125 0.01015625
0 0.15703125 0.7140625 0.0140625 0.01328125
0 0.065625 0.37734375 0.01875 0.01953125
0 0.94375 0.23125 0.01328125 0.015625
0 0.8328125 0.64140625 0.03671875 0.03828125
0 0.1421875 0.384375 0.02890625 0.03046875
0 0.07890625 0.76171875 0.025 0.02734375
0 0.0390625 0.40078125 0.01171875 0.01171875
0 0.034375 0.075 0.02734375 0.02578125
0 0.253125 0.9578125 0.009375 0.0109375
0 0.859375 0.45390625 0.01875 0.01875
0 0.29140625 0.525 0.0421875 0.04140625
0 0.0375 0.625 0.01953125 0.01953125
0 0.353125 0.22109375 0.134375 0.13046875
0 0.96796875 0.46796875 0.009375 0.01015625
0 0.48203125 0.740625 0.01875 0.0171875
0 0.675 0.7046875 0.01796875 0.01875
0 0.85859375 0.04140625 0.0203125 0.01953125
0 0.02109375 0.6515625 0.01328125 0.01796875
0 0.671875 0.878125 0.040625 0.040625
0 0.11875 0.21484375 0.053125 0.046875
0 0.95625 0.6265625 0.01328125 0.015625
0 0.08515625 0.56953125 0.02265625 0.021875
0 0.578125 0.89140625 0.0125 0.0125
0 0.46875 0.16015625 0.02109375 0.034375
0 0.64375 0.553125 0.0421875 0.04140625
0 0.0109375 0.04765625 0.01484375 0.0140625
0 0.215625 0.459375 0.01015625 0.01015625
0 0.9765625 0.528125 0.01484375 0.01640625
0 0.0234375 0.91328125 0.0296875 0.03125
0 0.73203125 0.753125 0.03671875 0.0375
0 0.44921875 0.36171875 0.11171875 0.0703125
0 0.9 0.34609375 0.021875 0.02265625
0 0.9484375 0.57265625 0.0453125 0.04609375
0 0.7796875 0.93671875 0.01640625 0.01640625
0 0.4765625 0.75859375 0.05 0.04765625
0 0.30625 0.03515625 0.11015625 0.06328125
0 0.99609375 0.64921875 0.0078125 0.0203125
0 0.78203125 0.54140625 0.02421875 0.025
0 0.15390625 0.80546875 0.00859375 0.009375
0 0.9578125 0.0078125 0.0171875 0.0140625
0 0.96796875 0.5953125 0.0328125 0.034375
0 0.28515625 0.9734375 0.01875 0.01796875
0 0.7625 0.99609375 0.015625 0.0078125