0 0.52265625 0.790625 0.0421875 0.034375
0 0.44140625 0.87421875 0.0390625 0.03125
0 0.48984375 0.66484375 0.03046875 0.028125
0 0.640625 0.7359375 0.0390625 0.0359375
0 0.4046875 0.8125 0.0203125 0.01796875
0 0.7546875 0.8453125 0.02109375 0.02109375
0 0.5375 0.821875 0.02265625 0.01953125
0 0.36640625 0.67890625 0.0296875 0.025
0 0.3328125 0.825 0.0421875 0.034375
0 0.7671875 0.8546875 0.0203125 0.01953125
0 0.2875 0.43671875 0.03515625 0.0359375
0 0.384375 0.7671875 0.0125 0.0125
0 0.44375 0.9109375 0.034375 0.02578125
0 0.4125 0.51484375 0.01328125 0.015625
0 0.46796875 0.82734375 0.028125 0.025
0 0.47109375 0.7671875 0.0125 0.0125
0 0.7234375 0.6828125 0.0125 0.01328125
0 0.8234375 0.7328125 0.021875 0.0234375
0 0.40234375 0.88203125 0.02265625 0.0171875
0 0.8296875 0.7625 0.0234375 0.025
0 0.340625 0.51484375 0.0125 0.0140625
0 0.57265625 0.93828125 0.01328125 0.01171875
0 0.225 0.68125 0.03828125 0.0359375
0 0.3609375 0.5734375 0.025 0.021875
0 0.309375 0.81328125 0.0171875 0.015625
0 0.7953125 0.80546875 0.0140625 0.01484375
0 0.23046875 0.3265625 0.02734375 0.02890625
0 0.815625 0.578125 0.02265625 0.02265625
0 0.159375 0.86640625 0.01328125 0.01484375
0 0.3484375 0.7203125 0.01484375 0.01484375
0 0.234375 0.28359375 0.02734375 0.028125
0 0.47890625 0.88359375 0.02578125 0.0203125
0 0.18828125 0.78828125 0.02109375 0.021875
0 0.1046875 0.584375 0.0296875 0.034375
0 0.6046875 0.86796875 0.021875 0.01796875
0 0.51328125 0.69375 0.02578125 0.025
0 0.13828125 0.28359375 0.021875 0.021875
0 0.740625 0.81796875 0.0234375 0.0234375
0 0.1234375 0.2984375 0.0328125 0.03671875
0 0.81953125 0.50625 0.01796875 0.02109375
0 0.5953125 0.5671875 0.0140625 0.0140625
0 0.04609375 0.68046875 0.01640625 0.01953125
0 0.29609375 0.7046875 0.0515625 0.05078125
0 0.74140625 0.89921875 0.02578125 0.0203125
0 0.38046875 0.840625 0.03828125 0.02421875
0 0.790625 0.5234375 0.01328125 0.0140625
0 0.2703125 0.47578125 0.04375 0.0453125
0 0.384375 0.9390625 0.01484375 0.01328125
0 0.38359375 0.54921875 0.04609375 0.04921875
0 0.7 0.89765625 0.01484375 0.01328125
0 0.1640625 0.396875 0.01953125 0.0203125
0 0.19765625 0.12421875 0.01875 0.015625
0 0.278125 0.5125 0.01640625 0.01640625
0 0.746875 0.725 0.0265625 0.025
0 0.3125 0.2265625 0.0265625 0.02578125
0 0.65 0.878125 0.02109375 0.01875
0 0.65 0.71484375 0.0171875 0.015625
0 0.23515625 0.80859375 0.05625 0.03828125
0 0.68046875 0.3921875 0.01875 0.0171875
0 0.85859375 0.46015625 0.01796875 0.02109375
0 0.25 0.22734375 0.05546875 0.059375
0 0.225 0.11015625 0.01875 0.01796875
0 0.76640625 0.5015625 0.0171875 0.01875
0 0.0875 0.503125 0.01015625 0.01171875