0 0.0296875 0.309375 0.0171875 0.01875
0 0.0203125 0.3015625 0.01328125 0.01484375
0 0.1625 0.1578125 0.0234375 0.0234375
0 0.24140625 0.0359375 0.021875 0.02109375
0 0.16484375 0.1140625 0.04140625 0.04375
0 0.20078125 0.0421875 0.0359375 0.03515625
0 0.12578125 0.253125 0.05625 0.05625
0 0.20390625 0.09296875 0.03515625 0.03515625
0 0.0796875 0.1625 0.0390625 0.04140625
0 0.271875 0.05390625 0.01875 0.01796875
0 0.2625 0.12890625 0.03828125 0.040625
0 0.20546875 0.17421875 0.05625 0.059375
0 0.07734375 0.2015625 0.040625 0.0421875
0 0.29296875 0.03828125 0.0328125 0.0359375
0 0.02265625 0.240625 0.01953125 0.0203125
0 0.01875 0.21875 0.01328125 0.015625
0 0.103125 0.05234375 0.0125 0.0140625
0 0.27578125 0.09140625 0.0390625 0.04375
0 0.13046875 0.09140625 0.03125 0.02890625
0 0.115625 0.1609375 0.025 0.0265625
0 0.0625 0.0953125 0.02421875 0.02421875
0 0.175 0.25078125 0.04453125 0.04609375
0 0.115625 0.3671875 0.0375 0.03828125
0 0.11171875 0.31875 0.04140625 0.0375
0 0.1546875 0.0234375 0.0359375 0.03359375
1 0.00859375 0.24921875 0.01484375 0.021875
0 0.13828125 0.053125 0.03984375 0.03203125
0 0.0171875 0.1671875 0.025 0.028125
0 0.27578125 0.0390625 0.01640625 0.01953125
0 0.06328125 0.2359375 0.02421875 0.02578125
0 0.1109375 0.0859375 0.0125 0.0140625
0 0.0125 0.3296875 0.01015625 0.0109375
0 0.090625 0.0328125 0.01953125 0.01875
0 0.25 0.14140625 0.02578125 0.02578125
1 0.12421875 0.11796875 0.02578125 0.028125
0 0.0484375 0.4734375 0.02421875 0.0265625
0 0.33359375 0.0109375 0.02421875 0.01875
0 0.0046875 0.29765625 0.0078125 0.009375
0 0.1421875 0.01171875 0.021875 0.0203125
0 0.0609375 0.0109375 0.01640625 0.01796875
0 0.06796875 0.14609375 0.01953125 0.021875
0 0.01953125 0.2703125 0.015625 0.01328125
0 0.0734375 0.28671875 0.0203125 0.021875