0 0.7 0.028125 0.01328125 0.0125
1 0.9828125 0.115625 0.02265625 0.025
0 0.659375 0.1109375 0.01640625 0.015625
0 0.83671875 0.10859375 0.01328125 0.0125
1 0.98515625 0.3765625 0.021875 0.02421875
0 0.9078125 0.0453125 0.01640625 0.01484375
1 0.928125 0.071875 0.015625 0.015625
0 0.96328125 0.20625 0.021875 0.02578125
0 0.9265625 0.47890625 0.0328125 0.03671875
0 0.91875 0.20234375 0.025 0.02265625
0 0.89765625 0.2515625 0.0328125 0.034375
1 0.92265625 0.08203125 0.0203125 0.01796875
0 0.72265625 0.1734375 0.01484375 0.01328125
0 0.81953125 0.18984375 0.021875 0.01953125
0 0.58515625 0.0203125 0.02578125 0.02578125
1 0.91796875 0.23046875 0.0171875 0.0171875
0 0.5984375 0.07265625 0.0265625 0.02265625
0 0.97265625 0.27890625 0.03046875 0.03359375
0 0.834375 0.134375 0.02265625 0.0234375
1 0.9859375 0.27109375 0.01328125 0.0140625
1 0.95234375 0.3890625 0.02265625 0.02109375
1 0.8390625 0.03671875 0.015625 0.01328125
0 0.615625 0.04140625 0.0390625 0.0328125
1 0.93203125 0.171875 0.01484375 0.01328125
0 0.6890625 0.08828125 0.04375 0.04609375
1 0.971875 0.4953125 0.034375 0.03046875
0 0.66484375 0.04453125 0.01171875 0.01171875
1 0.97734375 0.1546875 0.01875 0.015625
0 0.97890625 0.10234375 0.0171875 0.015625
0 0.90859375 0.6078125 0.05 0.0609375
1 0.7953125 0.2390625 0.01484375 0.0140625
0 0.9328125 0.015625 0.01484375 0.0140625
0 0.7765625 0.075 0.015625 0.0125
1 0.4890625 0.0640625 0.015625 0.01484375
1 0.57734375 0.11796875 0.01796875 0.01640625
0 0.82734375 0.275 0.0109375 0.009375
0 0.921875 0.38046875 0.01796875 0.015625
0 0.91171875 0.3609375 0.0265625 0.02421875
0 0.86796875 0.3015625 0.01328125 0.01015625
1 0.60859375 0.14296875 0.0359375 0.0359375
0 0.57890625 0.13984375 0.0453125 0.03515625
1 0.7609375 0.23203125 0.03046875 0.02734375
0 0.6390625 0.140625 0.05625 0.05859375
0 0.846875 0.2828125 0.00859375 0.0078125
0 0.446875 0.0703125 0.040625 0.05
1 0.96796875 0.4078125 0.05546875 0.0703125
1 0.9421875 0.703125 0.0234375 0.01953125
1 0.8609375 0.50703125 0.028125 0.0265625
0 0.690625 0.19140625 0.06171875 0.05703125
0 0.89140625 0.3875 0.015625 0.01328125
0 0.70625 0.0125 0.01015625 0.009375
1 0.975 0.5203125 0.0484375 0.04765625