0 0.2140625 0.696875 0.05390625 0.053125
0 0.975 0.5484375 0.040625 0.05
0 0.51171875 0.70625 0.04453125 0.04296875
0 0.23984375 0.21796875 0.0484375 0.04375
0 0.621875 0.121875 0.02265625 0.021875
0 0.234375 0.48125 0.04765625 0.0546875
0 0.44609375 0.20234375 0.06015625 0.05703125
0 0.39375 0.846875 0.046875 0.0453125
0 0.30390625 0.34765625 0.0734375 0.07421875
0 0.37890625 0.78828125 0.03671875 0.03359375
0 0.76796875 0.40625 0.0640625 0.0640625
0 0.21015625 0.59140625 0.08671875 0.0859375
0 0.59296875 0.584375 0.06640625 0.06875
0 0.9359375 0.4671875 0.05859375 0.06875
0 0.72578125 0.83984375 0.03828125 0.03671875
0 0.42109375 0.7578125 0.01484375 0.015625
0 0.45859375 0.7203125 0.01875 0.01796875
0 0.828125 0.1671875 0.0203125 0.0203125
0 0.62578125 0.2421875 0.02109375 0.01953125
0 0.50625 0.50625 0.02578125 0.02578125
0 0.63359375 0.16953125 0.02265625 0.02109375
0 0.44765625 0.58359375 0.04609375 0.04765625
0 0.79765625 0.6359375 0.04921875 0.04921875
0 0.38828125 0.25078125 0.021875 0.021875
0 0.4125 0.72578125 0.01953125 0.021875
0 0.490625 0.83984375 0.01953125 0.01875
0 0.628125 0.78046875 0.06953125 0.06640625
0 0.7765625 0.20703125 0.02265625 0.021875
0 0.47421875 0.6859375 0.03359375 0.03125
0 0.5140625 0.82578125 0.0703125 0.06796875
0 0.2484375 0.7171875 0.07578125 0.075
0 0.50703125 0.446875 0.053125 0.053125
0 0.6828125 0.45390625 0.05078125 0.05
0 0.67109375 0.2140625 0.05078125 0.04609375
0 0.5859375 0.7484375 0.0375 0.03671875
0 0.89375 0.21796875 0.01875 0.01953125
0 0.5375 0.27109375 0.025 0.0234375
0 0.6921875 0.3296875 0.021875 0.021875
0 0.79609375 0.490625 0.01875 0.01875
0 0.6984375 0.74453125 0.08515625 0.0890625
0 0.25 0.80859375 0.03671875 0.03203125
0 0.5265625 0.14453125 0.04375 0.04140625
0 0.1609375 0.70546875 0.03828125 0.040625
0 0.90546875 0.4890625 0.0296875 0.034375
0 0.35546875 0.61953125 0.02265625 0.02265625
0 0.5546875 0.09921875 0.025 0.02265625
0 0.41640625 0.61015625 0.0375 0.03984375
0 0.63125 0.51875 0.0265625 0.025
0 0.44921875 0.84296875 0.03046875 0.02578125
0 0.08515625 0.515625 0.034375 0.03359375
0 0.58515625 0.6765625 0.02265625 0.02421875
0 0.3640625 0.8453125 0.021875 0.02265625
0 0.86875 0.546875 0.01640625 0.01796875
0 0.6609375 0.61640625 0.02421875 0.02578125
0 0.5265625 0.75859375 0.0359375 0.0359375
0 0.42578125 0.68203125 0.03046875 0.02734375
0 0.74296875 0.634375 0.01953125 0.01953125
0 0.559375 0.6796875 0.025 0.02421875
0 0.55390625 0.1953125 0.0375 0.03671875
0 0.87265625 0.3578125 0.0296875 0.03125
0 0.4296875 0.146875 0.040625 0.04140625
0 0.6453125 0.2953125 0.03359375 0.03203125
0 0.815625 0.29765625 0.04375 0.0453125
0 0.28203125 0.66875 0.0234375 0.025
0 0.9875 0.35 0.0203125 0.0265625
0 0.92265625 0.3125 0.03828125 0.046875
0 0.134375 0.16015625 0.01953125 0.025
0 0.6234375 0.8390625 0.02265625 0.021875
0 0.37265625 0.13046875 0.03515625 0.0328125
0 0.45 0.43671875 0.0359375 0.034375
0 0.890625 0.275 0.0234375 0.025
0 0.8953125 0.7015625 0.021875 0.02265625
0 0.2296875 0.425 0.0203125 0.02109375
0 0.35625 0.590625 0.03046875 0.02890625
0 0.5734375 0.31875 0.04921875 0.04921875
0 0.75 0.25 0.06328125 0.0640625
0 0.32890625 0.21484375 0.0609375 0.0625
0 0.31875 0.11171875 0.02421875 0.02109375
0 0.6984375 0.2046875 0.03046875 0.02890625
0 0.503125 0.33203125 0.03671875 0.0359375
0 0.24453125 0.40078125 0.03203125 0.03046875
0 0.91015625 0.65 0.04921875 0.059375
0 0.73125 0.2125 0.03125 0.0265625
0 0.3984375 0.29296875 0.034375 0.03359375
0 0.678125 0.559375 0.02890625 0.02734375
0 0.3328125 0.89375 0.0234375 0.025
0 0.5578125 0.93828125 0.05703125 0.04453125
0 0.7 0.37890625 0.04140625 0.040625
0 0.44921875 0.96953125 0.01640625 0.015625
0 0.5453125 0.5703125 0.028125 0.0265625
0 0.53828125 0.3890625 0.03515625 0.03515625
0 0.92578125 0.38359375 0.0671875 0.078125
0 0.946875 0.1796875 0.07421875 0.08046875
0 0.4859375 0.303125 0.0296875 0.028125
0 0.26484375 0.075 0.03984375 0.0375
0 0.5140625 0.55078125 0.0265625 0.0265625
0 0.50078125 0.878125 0.025 0.02421875
0 0.8234375 0.80625 0.02578125 0.02578125
0 0.865625 0.2734375 0.0359375 0.04765625
0 0.82578125 0.340625 0.046875 0.0484375
0 0.04296875 0.790625 0.02421875 0.02421875
0 0.76953125 0.35078125 0.05 0.0453125
0 0.90859375 0.58515625 0.02734375 0.03046875
0 0.1546875 0.7578125 0.09140625 0.08203125
0 0.62421875 0.90703125 0.0546875 0.05234375
0 0.0546875 0.39296875 0.06875 0.07421875
0 0.70703125 0.1546875 0.02421875 0.0234375
0 0.96875 0.68671875 0.040625 0.04296875
0 0.85625 0.67578125 0.02265625 0.0234375
0 0.65 0.871875 0.03203125 0.03046875
0 0.11640625 0.5875 0.046875 0.0453125
0 0.1625 0.47578125 0.0359375 0.0359375
0 0.31875 0.6515625 0.05 0.05234375
0 0.86796875 0.9296875 0.02265625 0.02265625
0 0.96640625 0.646875 0.0203125 0.02265625
0 0.928125 0.8578125 0.06015625 0.07421875
0 0.96171875 0.76328125 0.015625 0.01953125
0 0.8578125 0.8953125 0.02109375 0.0234375
0 0.8109375 0.86015625 0.028125 0.02890625
0 0.11640625 0.81328125 0.02734375 0.02890625
0 0.18125 0.11796875 0.053125 0.05390625
0 0.884375 0.56953125 0.025 0.02890625
0 0.3734375 0.51015625 0.04453125 0.04140625
1 0.9484375 0.17890625 0.02421875 0.034375