0 0.415625 0.27421875 0.015625 0.0171875
0 0.47265625 0.22578125 0.01328125 0.0140625
0 0.48515625 0.36953125 0.015625 0.0171875
0 0.415625 0.23828125 0.01796875 0.0171875
0 0.3671875 0.1828125 0.0125 0.0125
0 0.71953125 0.3390625 0.0140625 0.01484375
0 0.3 0.21796875 0.01328125 0.0125
0 0.2859375 0.35625 0.0140625 0.0140625
0 0.440625 0.36328125 0.028125 0.02578125
0 0.61796875 0.5171875 0.015625 0.01640625
0 0.5546875 0.37265625 0.03984375 0.03828125
0 0.63515625 0.22421875 0.01953125 0.02109375
0 0.35078125 0.08671875 0.040625 0.040625
0 0.8703125 0.42265625 0.02890625 0.02890625
0 0.865625 0.72265625 0.0125 0.01328125
0 0.2328125 0.4078125 0.0140625 0.01328125
0 0.91640625 0.41484375 0.015625 0.015625
0 0.47421875 0.48671875 0.0140625 0.015625
0 0.38359375 0.33125 0.02578125 0.02265625
0 0.03125 0.2078125 0.0125 0.01328125
0 0.48359375 0.7296875 0.0109375 0.01328125
0 0.2015625 0.04765625 0.0171875 0.015625
0 0.6359375 0.0859375 0.015625 0.0140625
0 0.1921875 0.50078125 0.01171875 0.0125
0 0.45859375 0.4296875 0.028125 0.02890625
0 0.89296875 0.15234375 0.02109375 0.02109375
0 0.15234375 0.165625 0.02578125 0.0234375
0 0.8265625 0.46484375 0.02734375 0.02734375
0 0.66875 0.2875 0.02890625 0.0265625
0 0.60625 0.09609375 0.0296875 0.02734375
0 0.30390625 0.3625 0.0171875 0.01875
0 0.19453125 0.196875 0.0203125 0.01875
0 0.16796875 0.28203125 0.0203125 0.01796875
0 0.40546875 0.496875 0.02890625 0.03125
0 0.14140625 0.23828125 0.0171875 0.015625
0 0.91171875 0.38125 0.025 0.02734375
0 0.5640625 0.3015625 0.05078125 0.05546875
0 0.3125 0.03828125 0.03828125 0.03359375
0 0.9328125 0.54921875 0.01953125 0.02109375
0 0.6359375 0.65546875 0.0125 0.01328125
0 0.72578125 0.228125 0.0125 0.01171875
0 0.4078125 0.32265625 0.015625 0.01640625
0 0.2171875 0.1078125 0.0203125 0.01953125
0 0.12109375 0.05390625 0.02890625 0.02578125
0 0.3875 0.1453125 0.02109375 0.0203125
0 0.78828125 0.32734375 0.02734375 0.028125
0 0.4625 0.19609375 0.01640625 0.01953125
0 0.83984375 0.184375 0.0203125 0.01953125
0 0.18984375 0.11953125 0.01640625 0.01484375
0 0.3375 0.11875 0.01640625 0.015625
0 0.503125 0.303125 0.0234375 0.021875
0 0.9 0.259375 0.02734375 0.025
0 0.3296875 0.58359375 0.01328125 0.0140625
0 0.1078125 0.565625 0.0125 0.01328125
0 0.67578125 0.32421875 0.02578125 0.02890625
0 0.77109375 0.14453125 0.03828125 0.03515625
0 0.89921875 0.0359375 0.0125 0.01171875
0 0.9359375 0.34765625 0.021875 0.02265625
0 0.271875 0.43203125 0.02734375 0.02578125
0 0.71640625 0.12890625 0.02109375 0.01875
0 0.48046875 0.10546875 0.02265625 0.02109375
0 0.57109375 0.1078125 0.03046875 0.028125
0 0.15703125 0.01875 0.0171875 0.0171875
0 0.978125 0.4703125 0.01015625 0.009375
0 0.05859375 0.3640625 0.0125 0.01328125
0 0.378125 0.2265625 0.0203125 0.01875
0 0.0296875 0.065625 0.03125 0.03359375
0 0.0625 0.09140625 0.0171875 0.01796875
0 0.290625 0.1328125 0.02109375 0.01953125
0 0.290625 0.1703125 0.0453125 0.0453125
0 0.95625 0.5359375 0.05859375 0.0546875
0 0.40078125 0.0625 0.04765625 0.03984375
0 0.109375 0.31484375 0.040625 0.05625
0 0.70625 0.14140625 0.03359375 0.03125
0 0.08828125 0.46875 0.03359375 0.0359375
0 0.20390625 0.175 0.05625 0.0609375
0 0.09296875 0.33984375 0.015625 0.015625
0 0.06171875 0.2671875 0.015625 0.0171875
0 0.18125 0.47578125 0.0234375 0.021875
0 0.95859375 0.86796875 0.02265625 0.02265625
0 0.70625 0.009375 0.01640625 0.0140625
0 0.92265625 0.9234375 0.01640625 0.015625
0 0.78984375 0.82578125 0.0125 0.01328125
0 0.0359375 0.53984375 0.0203125 0.025
0 0.4078125 0.54765625 0.02578125 0.028125
0 0.3140625 0.865625 0.01328125 0.0140625
0 0.0171875 0.47734375 0.01484375 0.0140625
0 0.83125 0.27265625 0.1109375 0.1046875
0 0.23828125 0.5265625 0.03984375 0.040625
0 0.69296875 0.04453125 0.08359375 0.07265625
0 0.9265625 0.21796875 0.0890625 0.10078125
0 0.465625 0.6203125 0.01484375 0.01640625
0 0.3875 0.834375 0.0109375 0.01484375
0 0.01640625 0.31875 0.02734375 0.03359375
0 0.675 0.4609375 0.0859375 0.0890625
0 0.32109375 0.01953125 0.06328125 0.03828125
0 0.7703125 0.37734375 0.04765625 0.05625
0 0.5421875 0.85234375 0.01640625 0.01484375
0 0.97890625 0.5890625 0.04140625 0.05390625
0 0.68046875 0.928125 0.01953125 0.02578125
0 0.20078125 0.77109375 0.01953125 0.01875
0 0.59296875 0.4203125 0.0640625 0.06875
1 0.73828125 0.590625 0.02421875 0.05703125
1 0.2890625 0.7796875 0.04140625 0.0484375
1 0.35859375 0.68125 0.046875 0.04375
1 0.321875 0.73828125 0.04140625 0.03828125
1 0.9015625 0.68203125 0.0328125 0.02578125