0 0.39453125 0.321875 0.01171875 0.01171875
0 0.2625 0.159375 0.01796875 0.0171875
0 0.01875 0.1734375 0.01328125 0.0140625
0 0.44921875 0.3921875 0.0140625 0.0140625
0 0.2796875 0.303125 0.0125 0.01328125
0 0.3984375 0.28671875 0.01484375 0.015625
0 0.1546875 0.140625 0.01328125 0.01171875
0 0.3890625 0.10390625 0.02578125 0.02421875
0 0.88046875 0.2390625 0.01328125 0.01171875
0 0.08203125 0.3109375 0.0140625 0.01171875
0 0.06015625 0.37734375 0.01953125 0.01875
0 0.67265625 0.0578125 0.01328125 0.0125
0 0.9609375 0.04609375 0.0140625 0.01328125
0 0.94609375 0.11171875 0.0125 0.0125
0 0.85078125 0.04296875 0.01640625 0.01875
0 0.22890625 0.32578125 0.02265625 0.02109375
0 0.0765625 0.10078125 0.0125 0.01171875
0 0.24296875 0.3640625 0.02265625 0.02421875
0 0.67265625 0.2328125 0.0203125 0.01953125
0 0.4953125 0.1015625 0.0265625 0.0265625
0 0.10703125 0.07890625 0.0140625 0.0140625
0 0.925 0.1125 0.01328125 0.0125
0 0.77890625 0.125 0.01015625 0.0109375
0 0.22734375 0.21875 0.0234375 0.0234375
0 0.11953125 0.25859375 0.0234375 0.01953125
0 0.5703125 0.025 0.02421875 0.02109375
0 0.2109375 0.09453125 0.01171875 0.0125
0 0.13984375 0.11484375 0.009375 0.009375
0 0.909375 0.17890625 0.0125 0.0125
0 0.73046875 0.01171875 0.0140625 0.0125
0 0.14921875 0.08125 0.0203125 0.01953125
0 0.42109375 0.0484375 0.0109375 0.01015625
0 0.584375 0.1515625 0.02578125 0.02578125
0 0.6625 0.15390625 0.01875 0.01953125
0 0.0140625 0.240625 0.0125 0.01015625
0 0.7828125 0.10078125 0.0125 0.01328125
0 0.7328125 0.1421875 0.01484375 0.01484375
0 0.07421875 0.26796875 0.01328125 0.0109375
0 0.60859375 0.11171875 0.0234375 0.025
0 0.80390625 0.1375 0.01796875 0.01796875
0 0.8640625 0.16171875 0.01328125 0.0125
0 0.08203125 0.1875 0.01015625 0.009375
0 0.62109375 0.08046875 0.02265625 0.021875
0 0.7375 0.09375 0.03125 0.028125
0 0.0203125 0.10703125 0.0140625 0.0140625
0 0.55703125 0.19296875 0.02421875 0.0234375
0 0.02578125 0.09296875 0.01640625 0.01640625
0 0.440625 0.11328125 0.0125 0.0125
0 0.20703125 0.034375 0.0140625 0.015625
0 0.225 0.0359375 0.01171875 0.01171875
0 0.98125 0.071875 0.01640625 0.01484375
0 0.93046875 0.02734375 0.0125 0.015625
0 0.73359375 0.046875 0.02265625 0.02265625
0 0.39921875 0.16796875 0.01640625 0.0140625
0 0.7984375 0.18125 0.01484375 0.01484375
0 0.6234375 0.13515625 0.01640625 0.01484375
0 0.97265625 0.09609375 0.00859375 0.00859375
0 0.69765625 0.125 0.0140625 0.0125
0 0.70390625 0.046875 0.0234375 0.02109375
0 0.5 0.3328125 0.0484375 0.0453125
0 0.7828125 0.37109375 0.03515625 0.03671875
0 0.70234375 0.10703125 0.0328125 0.0296875
0 0.0796875 0.03046875 0.03515625 0.0296875
0 0.40234375 0.12578125 0.028125 0.02109375
0 0.8921875 0.275 0.028125 0.028125
0 0.9578125 0.16328125 0.0390625 0.040625
0 0.19375 0.20078125 0.01015625 0.0109375
1 0.23828125 0.4890625 0.0484375 0.03515625
1 0.22734375 0.58984375 0.059375 0.03515625
1 0.34296875 0.54296875 0.0328125 0.0625
1 0.3046875 0.48671875 0.04375 0.03515625
1 0.21640625 0.5390625 0.05 0.04140625
1 0.30078125 0.59921875 0.02265625 0.03671875
0 0.31015625 0.14140625 0.05234375 0.05
0 0.43828125 0.23125 0.078125 0.08203125
0 0.31484375 0.19453125 0.03828125 0.03984375
1 0.6515625 0.38203125 0.04140625 0.0453125
1 0.43359375 0.4640625 0.03515625 0.05546875
1 0.61328125 0.22265625 0.03828125 0.03125
0 0.67265625 0.37890625 0.08046875 0.065625
1 0.8546875 0.0984375 0.0546875 0.05078125