0 0.7015625 0.89921875 0.05234375 0.046875
0 0.221875 0.16875 0.04296875 0.0453125
0 0.26484375 0.08984375 0.03046875 0.028125
0 0.3078125 0.7375 0.05390625 0.046875
0 0.1546875 0.0875 0.028125 0.028125
0 0.834375 0.84765625 0.02578125 0.0265625
0 0.39765625 0.06015625 0.04765625 0.0375
0 0.35625 0.09453125 0.0296875 0.02734375
0 0.040625 0.82265625 0.05234375 0.05390625
0 0.1390625 0.1625 0.0453125 0.0453125
0 0.1578125 0.02265625 0.0390625 0.0328125
0 0.10859375 0.69453125 0.04609375 0.046875
0 0.234375 0.14140625 0.025 0.0234375
0 0.38203125 0.028125 0.053125 0.04296875
0 0.82578125 0.15703125 0.065625 0.06796875
0 0.6609375 0.03515625 0.03203125 0.0265625
0 0.753125 0.07890625 0.06875 0.05859375
0 0.6625 0.84375 0.0671875 0.05390625
0 0.95625 0.02734375 0.05 0.03828125
0 0.93046875 0.1 0.05546875 0.05078125
0 0.1546875 0.2125 0.02265625 0.0265625
0 0.58046875 0.01953125 0.0453125 0.03046875
0 0.884375 0.01796875 0.0453125 0.0296875
0 0.9390625 0.29765625 0.0203125 0.0203125
0 0.60625 0.06171875 0.0296875 0.028125
0 0.79921875 0.0828125 0.03984375 0.03671875
0 0.0921875 0.18828125 0.02734375 0.0265625
0 0.42109375 0.87421875 0.01953125 0.01796875
0 0.63203125 0.053125 0.02421875 0.021875
0 0.86171875 0.51796875 0.02890625 0.03203125
0 0.190625 0.459375 0.015625 0.0171875
0 0.846875 0.725 0.0328125 0.0390625
0 0.9078125 0.32109375 0.02734375 0.03515625
0 0.309375 0.11484375 0.0234375 0.021875
0 0.24375 0.03203125 0.03046875 0.028125
0 0.06953125 0.09453125 0.015625 0.01640625
0 0.23046875 0.0671875 0.0203125 0.0203125
0 0.1890625 0.25 0.0578125 0.065625
0 0.51796875 0.72890625 0.02890625 0.02578125