0 0.1015625 0.415625 0.0578125 0.071875
0 0.45625 0.3734375 0.040625 0.046875
0 0.3359375 0.40234375 0.0359375 0.0328125
0 0.03203125 0.5640625 0.0328125 0.0375
0 0.03515625 0.5 0.03125 0.04375
0 0.2640625 0.43828125 0.04375 0.0390625
0 0.5828125 0.45 0.0453125 0.046875
0 0.15 0.4671875 0.0234375 0.02265625
0 0.18046875 0.45078125 0.01328125 0.0140625
0 0.22109375 0.45 0.0203125 0.02578125
0 0.2015625 0.503125 0.028125 0.02578125
0 0.2359375 0.48828125 0.021875 0.0203125
0 0.31484375 0.4984375 0.01640625 0.015625
0 0.4109375 0.546875 0.02109375 0.025
0 0.4140625 0.51640625 0.0203125 0.01484375
0 0.5671875 0.33671875 0.0453125 0.04609375
0 0.6234375 0.35625 0.0359375 0.034375
0 0.65546875 0.33828125 0.0296875 0.0203125
0 0.79375 0.234375 0.0484375 0.04375
0 0.5484375 0.25078125 0.053125 0.04921875
0 0.25234375 0.37890625 0.028125 0.0328125
0 0.278125 0.35390625 0.028125 0.03046875
0 0.23671875 0.38671875 0.03203125 0.02734375
0 0.096875 0.63046875 0.0265625 0.0296875
0 0.1609375 0.5515625 0.0296875 0.01875
0 0.165625 0.51171875 0.03046875 0.0328125
0 0.51328125 0.37890625 0.0578125 0.0640625
0 0.7203125 0.31171875 0.0234375 0.0265625
0 0.69296875 0.39140625 0.02265625 0.0234375
0 0.6671875 0.390625 0.0265625 0.01640625
0 0.6203125 0.38828125 0.0265625 0.02421875
0 0.64375 0.3 0.03359375 0.02890625
0 0.66171875 0.26015625 0.0265625 0.02734375
0 0.83359375 0.23828125 0.034375 0.03984375
0 0.9109375 0.265625 0.0296875 0.025
0 0.3359375 0.359375 0.0234375 0.025
0 0.1078125 0.46015625 0.03125 0.0296875
0 0.890625 0.3171875 0.0359375 0.034375