0 0.3265625 0.2484375 0.01484375 0.0140625
0 0.11015625 0.2234375 0.01640625 0.01640625
1 0.2140625 0.0453125 0.04453125 0.0390625
0 0.1484375 0.24921875 0.0265625 0.025
1 0.05625 0.17734375 0.02265625 0.0234375
0 0.190625 0.27109375 0.01640625 0.0171875
0 0.79375 0.05625 0.04375 0.034375
0 0.225 0.28515625 0.01640625 0.0171875
0 0.71796875 0.1046875 0.03828125 0.03203125
0 0.50859375 0.1546875 0.0484375 0.0390625
0 0.37265625 0.22578125 0.03046875 0.02890625
0 0.33359375 0.04296875 0.04296875 0.0359375
0 0.0765625 0.409375 0.01953125 0.02265625
0 0.13125 0.39453125 0.01796875 0.0203125
0 0.471875 0.04765625 0.03671875 0.03203125
0 0.41484375 0.14921875 0.01953125 0.01875
1 0.06484375 0.34765625 0.028125 0.03203125
0 0.0796875 0.28828125 0.0109375 0.0109375
0 0.02734375 0.44609375 0.0125 0.01484375
1 0.08828125 0.0859375 0.08203125 0.0734375
1 0.3375 0.0859375 0.046875 0.02734375