0 0.6921875 0.69140625 0.028125 0.0328125
0 0.64375 0.76171875 0.0578125 0.0640625
0 0.5640625 0.72421875 0.0234375 0.0296875
0 0.33125 0.76484375 0.040625 0.0421875
0 0.2296875 0.8015625 0.0890625 0.06953125
0 0.9421875 0.553125 0.03671875 0.04375
0 0.8453125 0.5046875 0.0421875 0.05
0 0.86171875 0.3796875 0.0359375 0.03828125
0 0.4328125 0.64375 0.053125 0.05
1 0.43125 0.64765625 0.01875 0.01796875
0 0.31796875 0.65 0.0578125 0.053125
0 0.0640625 0.67265625 0.06171875 0.0546875
0 0.51015625 0.70625 0.03203125 0.0375
0 0.75546875 0.76171875 0.034375 0.0359375
0 0.8078125 0.715625 0.0296875 0.03828125
0 0.9046875 0.74609375 0.03984375 0.05859375
0 0.890625 0.65390625 0.02734375 0.03671875
0 0.840625 0.62734375 0.025 0.03046875
0 0.59375 0.71171875 0.0203125 0.0234375