0 0.5359375 0.3421875 0.04453125 0.04140625
0 0.8875 0.22421875 0.04140625 0.04140625
0 0.6890625 0.34375 0.0359375 0.03671875
0 0.8234375 0.16640625 0.0796875 0.07734375
0 0.634375 0.3046875 0.03671875 0.03515625
0 0.82890625 0.5171875 0.05390625 0.053125
0 0.6609375 0.54375 0.09765625 0.08984375
0 0.80546875 0.22265625 0.04453125 0.04296875
0 0.17734375 0.3734375 0.06328125 0.05859375
0 0.07578125 0.31875 0.03125 0.03203125
0 0.9234375 0.5734375 0.11328125 0.12734375
0 0.5 0.5921875 0.046875 0.04375
0 0.9625 0.3546875 0.03046875 0.03203125
0 0.646875 0.20703125 0.021875 0.02109375
0 0.78828125 0.33671875 0.0234375 0.02109375
0 0.59453125 0.2140625 0.0421875 0.03671875
0 0.6140625 0.87578125 0.0421875 0.0359375
0 0.97265625 0.2734375 0.0546875 0.090625
0 0.634375 0.1453125 0.05546875 0.046875
0 0.8625 0.29140625 0.015625 0.01640625
0 0.46484375 0.4359375 0.0171875 0.01640625
0 0.24609375 0.58671875 0.02265625 0.0234375
0 0.63046875 0.3546875 0.0234375 0.021875
0 0.896875 0.41484375 0.0203125 0.0203125
0 0.5734375 0.48359375 0.05625 0.05078125
0 0.9546875 0.9109375 0.04453125 0.0453125
0 0.709375 0.10625 0.02109375 0.0203125
0 0.80546875 0.36015625 0.03359375 0.03359375
0 0.9046875 0.79375 0.0828125 0.08046875
0 0.453125 0.53359375 0.028125 0.0234375