0 0.23046875 0.884375 0.015625 0.0140625
0 0.5140625 0.61171875 0.01640625 0.01640625
0 0.64921875 0.43515625 0.0140625 0.0140625
0 0.59296875 0.7109375 0.01640625 0.0171875
0 0.7046875 0.659375 0.0171875 0.01875
0 0.79921875 0.6203125 0.01875 0.01953125
0 0.7125 0.73125 0.015625 0.015625
0 0.46484375 0.91171875 0.01796875 0.01484375
0 0.28125 0.84453125 0.021875 0.01953125
0 0.51875 0.64921875 0.01171875 0.0125
0 0.1859375 0.665625 0.0125 0.01328125
0 0.68046875 0.94375 0.021875 0.01953125
0 0.40625 0.42265625 0.0234375 0.02421875
0 0.67890625 0.43203125 0.01328125 0.0140625
0 0.934375 0.50390625 0.0171875 0.021875
0 0.4484375 0.359375 0.021875 0.02109375
0 0.08828125 0.415625 0.015625 0.01953125
0 0.44453125 0.565625 0.0125 0.0125
0 0.09765625 0.6625 0.021875 0.0265625
0 0.51328125 0.3140625 0.021875 0.02109375
0 0.77890625 0.128125 0.01640625 0.01484375
0 0.83515625 0.7796875 0.02421875 0.02734375
0 0.0359375 0.68671875 0.01953125 0.028125
0 0.55703125 0.53984375 0.01015625 0.0109375
0 0.9140625 0.36328125 0.02265625 0.02578125
0 0.4265625 0.2515625 0.025 0.025
0 0.9203125 0.46171875 0.02265625 0.0296875
0 0.54921875 0.571875 0.01015625 0.01171875
0 0.7171875 0.09375 0.01640625 0.0140625
0 0.43828125 0.8015625 0.01015625 0.009375
0 0.2625 0.221875 0.021875 0.02265625
0 0.48671875 0.94765625 0.02109375 0.01796875
0 0.625 0.9828125 0.021875 0.01640625
0 0.05625 0.415625 0.01640625 0.02109375
0 0.6109375 0.92265625 0.01015625 0.01015625
0 0.26953125 0.26171875 0.015625 0.01484375
0 0.5 0.171875 0.0140625 0.01328125
0 0.0625 0.3328125 0.0140625 0.0171875
0 0.8890625 0.540625 0.0375 0.04375
0 0.0421875 0.3671875 0.02578125 0.0296875
0 0.53046875 0.1703125 0.0140625 0.0140625
0 0.3609375 0.6203125 0.01875 0.01796875
0 0.396875 0.3359375 0.01640625 0.015625
0 0.55 0.23046875 0.01328125 0.01328125
0 0.84453125 0.365625 0.009375 0.0109375
0 0.07265625 0.5453125 0.01796875 0.02109375
0 0.45703125 0.2875 0.0171875 0.01796875
0 0.0875 0.2578125 0.01875 0.02265625
0 0.65703125 0.05 0.01640625 0.015625
0 0.49765625 0.2625 0.015625 0.015625
0 0.90703125 0.19453125 0.03203125 0.03828125
0 0.60859375 0.10859375 0.02109375 0.01953125
0 0.54453125 0.95859375 0.01484375 0.0140625
0 0.5984375 0.8171875 0.02734375 0.0203125
0 0.9421875 0.39921875 0.01171875 0.0140625
0 0.64140625 0.85625 0.01015625 0.01015625
0 0.3453125 0.15625 0.021875 0.01875
0 0.8234375 0.10078125 0.0109375 0.0125
0 0.0828125 0.5765625 0.02109375 0.0265625
0 0.45859375 0.1703125 0.01875 0.01796875
0 0.740625 0.246875 0.046875 0.04609375
0 0.8140625 0.1546875 0.01328125 0.01328125
0 0.34765625 0.84921875 0.01015625 0.009375
0 0.4171875 0.6125 0.009375 0.009375
0 0.9515625 0.2671875 0.02578125 0.0328125
0 0.4203125 0.6390625 0.0140625 0.0140625
0 0.946875 0.25625 0.0125 0.0140625
1 0.93203125 0.66796875 0.03984375 0.046875
1 0.953125 0.79140625 0.05390625 0.03125
1 0.9359375 0.83046875 0.03671875 0.03828125
1 0.96796875 0.57734375 0.0296875 0.03828125