1 0.39296875 0.209375 0.0265625 0.02734375
0 0.34765625 0.3140625 0.0140625 0.0140625
0 0.54765625 0.13203125 0.0109375 0.0109375
0 0.44921875 0.40234375 0.02265625 0.025
0 0.60625 0.353125 0.02421875 0.02421875
0 0.46640625 0.20625 0.0109375 0.0109375
0 0.75078125 0.27578125 0.015625 0.015625
0 0.71953125 0.39765625 0.0203125 0.0203125
0 0.84140625 0.57109375 0.01484375 0.01484375
0 0.5859375 0.35546875 0.0171875 0.021875
0 0.365625 0.2375 0.0125 0.01171875
0 0.8171875 0.3296875 0.015625 0.0140625
0 0.38359375 0.2546875 0.02265625 0.02109375
0 0.44921875 0.72734375 0.02109375 0.0203125
1 0.12578125 0.86171875 0.02734375 0.0265625
0 0.4140625 0.459375 0.02109375 0.025
0 0.5296875 0.20859375 0.01015625 0.01015625
0 0.51640625 0.2953125 0.02265625 0.0234375
0 0.87265625 0.8234375 0.0140625 0.015625
0 0.56328125 0.59140625 0.01171875 0.0125
0 0.3734375 0.865625 0.01171875 0.01171875
0 0.421875 0.5515625 0.01015625 0.0109375
0 0.22578125 0.26484375 0.0125 0.01328125
0 0.32109375 0.7640625 0.0109375 0.0109375
0 0.87890625 0.42734375 0.01171875 0.01171875
0 0.28359375 0.8078125 0.01015625 0.0109375
0 0.6421875 0.63203125 0.01640625 0.01640625
0 0.7890625 0.3375 0.01640625 0.015625
1 0.3046875 0.83515625 0.02578125 0.02421875
0 0.30625 0.25859375 0.01875 0.01796875
0 0.60390625 0.0625 0.01875 0.02109375
0 0.49765625 0.58515625 0.015625 0.015625
0 0.165625 0.84453125 0.01171875 0.01171875
0 0.684375 0.84296875 0.015625 0.015625
0 0.5953125 0.73359375 0.01171875 0.01171875
1 0.76171875 0.1125 0.05 0.0484375
1 0.5265625 0.246875 0.0390625 0.0375
0 0.278125 0.1609375 0.0109375 0.0109375
0 0.75859375 0.8234375 0.021875 0.01875
0 0.3546875 0.87578125 0.0140625 0.015625
0 0.30234375 0.040625 0.0109375 0.0109375
0 0.25390625 0.90546875 0.0171875 0.01640625
0 0.9671875 0.37109375 0.0125 0.01328125
0 0.70234375 0.19921875 0.01796875 0.0171875
0 0.90625 0.05703125 0.0171875 0.0171875
0 0.9125 0.0328125 0.01640625 0.01640625
0 0.65 0.73203125 0.01484375 0.01484375
0 0.59296875 0.16171875 0.01796875 0.0171875
0 0.5453125 0.0375 0.02109375 0.02421875
0 0.24453125 0.72890625 0.0203125 0.0203125
0 0.2109375 0.88984375 0.0125 0.01484375
0 0.8421875 0.1703125 0.04765625 0.0484375
0 0.10546875 0.6015625 0.0109375 0.0109375
1 0.4421875 0.0796875 0.028125 0.0265625
0 0.8921875 0.3609375 0.03046875 0.03125
0 0.53125 0.821875 0.009375 0.01015625
0 0.8703125 0.37890625 0.01796875 0.02265625
0 0.73828125 0.5140625 0.02890625 0.028125
0 0.49453125 0.01875 0.0125 0.0109375
0 0.47421875 0.56484375 0.0140625 0.0140625
1 0.37890625 0.7265625 0.03203125 0.03046875
0 0.13984375 0.35859375 0.01015625 0.01015625
0 0.29375 0.27890625 0.01015625 0.0109375
0 0.375 0.0390625 0.0140625 0.01328125
0 0.959375 0.378125 0.02109375 0.021875
0 0.95234375 0.80703125 0.0125 0.01328125
1 0.7140625 0.065625 0.03671875 0.03515625
0 0.34453125 0.80703125 0.009375 0.01015625
0 0.325 0.69375 0.0140625 0.01484375
0 0.3703125 0.94140625 0.0109375 0.0109375
0 0.90234375 0.7453125 0.0125 0.01328125
0 0.98046875 0.3015625 0.0390625 0.0484375
0 0.08671875 0.88359375 0.02265625 0.021875
0 0.1046875 0.42265625 0.009375 0.01015625
0 0.1234375 0.5 0.0109375 0.01171875
0 0.31171875 0.9 0.01953125 0.02109375
0 0.7390625 0.9328125 0.0109375 0.01484375
0 0.65 0.75625 0.0125 0.015625
0 0.3875 0.50703125 0.0203125 0.0234375
0 0.475 0.68125 0.040625 0.03984375
0 0.33984375 0.6078125 0.01015625 0.0109375
0 0.7984375 0.68828125 0.01953125 0.0203125
0 0.3265625 0.0171875 0.015625 0.0140625
0 0.64609375 0.1921875 0.02265625 0.02109375
0 0.9609375 0.67109375 0.01796875 0.01875
0 0.9 0.16484375 0.02421875 0.0234375
0 0.9796875 0.45859375 0.0125 0.01328125
0 0.46328125 0.015625 0.0140625 0.01328125
0 0.996875 0.415625 0.00625 0.0125
0 0.775 0.6125 0.05703125 0.059375
0 0.63046875 0.67265625 0.02265625 0.02265625
0 0.79609375 0.171875 0.0328125 0.03046875
0 0.53671875 0.421875 0.0328125 0.034375
0 0.0890625 0.7859375 0.01484375 0.015625
0 0.7921875 0.4296875 0.01875 0.01875
0 0.67578125 0.303125 0.02421875 0.025
0 0.5609375 0.88203125 0.01015625 0.0109375
0 0.8984375 0.72578125 0.0265625 0.0265625
0 0.30078125 0.77578125 0.01015625 0.01015625
0 0.95390625 0.021875 0.02265625 0.0203125
0 0.04609375 0.5765625 0.01953125 0.0203125
0 0.9625 0.6390625 0.0109375 0.0109375
0 0.86875 0.6296875 0.02890625 0.03125
1 0.5203125 0.50703125 0.04609375 0.053125
0 0.584375 0.94609375 0.0140625 0.01484375
0 0.39375 0.68203125 0.01640625 0.01875
0 0.83359375 0.603125 0.034375 0.040625
1 0.8390625 0.01640625 0.03828125 0.02890625
0 0.1953125 0.19296875 0.02578125 0.0296875
0 0.4046875 0.01953125 0.01484375 0.01640625
0 0.38203125 0.61484375 0.02890625 0.0296875
0 0.3875 0.9625 0.0140625 0.01328125
0 0.746875 0.38359375 0.03046875 0.03359375
0 0.5046875 0.52734375 0.015625 0.01796875
0 0.921875 0.7796875 0.025 0.02734375
0 0.96484375 0.2109375 0.06015625 0.07421875
1 0.346875 0.028125 0.034375 0.0265625
0 0.91875 0.38515625 0.03984375 0.05546875
0 0.646875 0.83984375 0.0140625 0.01640625
0 0.953125 0.50703125 0.02890625 0.0359375
0 0.8765625 0.9671875 0.0109375 0.0109375
0 0.51953125 0.75625 0.0546875 0.053125
0 0.5140625 0.728125 0.0125 0.015625
0 0.28828125 0.97890625 0.0109375 0.0109375
0 0.8078125 0.75625 0.02578125 0.02578125
0 0.9578125 0.85078125 0.0125 0.0171875
0 0.62890625 0.92890625 0.015625 0.01484375
0 0.7375 0.0109375 0.02734375 0.02109375
0 0.17421875 0.76953125 0.0609375 0.05390625
1 0.87109375 0.79140625 0.01875 0.0453125
1 0.303125 0.90703125 0.02265625 0.03046875
1 0.38359375 0.8421875 0.01171875 0.01640625
1 0.97734375 0.8953125 0.0125 0.0203125
1 0.325 0.85859375 0.02890625 0.02578125
1 0.328125 0.88515625 0.01796875 0.02265625
1 0.6546875 0.89375 0.0171875 0.0234375
1 0.42890625 0.7671875 0.015625 0.01796875
1 0.715625 0.9859375 0.01171875 0.015625
1 0.959375 0.95 0.015625 0.01484375
1 0.26015625 0.915625 0.03515625 0.03984375
1 0.63984375 0.9828125 0.0125 0.01171875
1 0.690625 0.8453125 0.04609375 0.04609375
1 0.0359375 0.9125 0.0234375 0.02734375
1 0.653125 0.96796875 0.02734375 0.0296875
1 0.4421875 0.47578125 0.0390625 0.04296875
1 0.9265625 0.553125 0.01875 0.0421875
1 0.58359375 0.53125 0.04140625 0.040625