0 0.3953125 0.171875 0.0453125 0.03515625
0 0.2953125 0.2296875 0.0328125 0.034375
0 0.4078125 0.22734375 0.04609375 0.04921875
0 0.5125 0.15859375 0.040625 0.0234375
0 0.553125 0.14609375 0.028125 0.02421875
0 0.725 0.18828125 0.0421875 0.04609375
0 0.7625 0.2109375 0.0453125 0.040625
0 0.15625 0.2984375 0.03125 0.0375
0 0.1515625 0.2734375 0.040625 0.040625
0 0.08359375 0.271875 0.0265625 0.03125
0 0.309375 0.17109375 0.028125 0.02109375
0 0.6375 0.184375 0.028125 0.015625
0 0.653125 0.15390625 0.0125 0.0171875
0 0.60546875 0.13203125 0.0234375 0.0140625
0 0.55234375 0.10234375 0.034375 0.0234375
0 0.5859375 0.0984375 0.05078125 0.04140625
0 0.359375 0.125 0.025 0.025
0 0.42578125 0.10234375 0.01953125 0.01796875
0 0.4921875 0.11484375 0.040625 0.0359375
0 0.4765625 0.1765625 0.0203125 0.02578125
0 0.1859375 0.1875 0.02421875 0.01640625
0 0.2734375 0.1765625 0.034375 0.03125