0 0.1875 0.54453125 0.0546875 0.06796875
0 0.140625 0.58984375 0.0359375 0.04296875
0 0.2625 0.6578125 0.040625 0.040625
0 0.2953125 0.69765625 0.046875 0.0515625
0 0.09453125 0.4953125 0.02890625 0.02890625
0 0.09453125 0.4625 0.025 0.021875
0 0.35 0.79765625 0.03984375 0.03359375
0 0.45 0.82578125 0.0453125 0.03984375
0 0.5203125 0.878125 0.05234375 0.04140625
0 0.578125 0.9453125 0.034375 0.028125
0 0.421875 0.953125 0.0671875 0.04375
0 0.478125 0.95859375 0.0390625 0.0296875
0 0.175 0.6015625 0.025 0.025
0 0.51640625 0.95546875 0.025 0.0203125