0 0.76015625 0.33359375 0.03671875 0.03984375
0 0.56015625 0.1 0.04453125 0.03984375
1 0.90234375 0.5515625 0.021875 0.03125
0 0.64453125 0.3046875 0.03125 0.03046875
1 0.83984375 0.534375 0.0234375 0.02734375
0 0.91328125 0.24453125 0.03125 0.03515625
1 0.84375 0.6609375 0.025 0.0265625
0 0.6015625 0.23671875 0.0375 0.0375
0 0.69609375 0.2859375 0.03125 0.02890625
1 0.79453125 0.6546875 0.03359375 0.03125
1 0.9671875 0.52421875 0.0140625 0.01953125
1 0.8671875 0.81171875 0.01875 0.01953125
0 0.659375 0.17421875 0.03125 0.03125
0 0.665625 0.04375 0.0359375 0.02578125
0 0.78125 0.44140625 0.02734375 0.0296875
1 0.8828125 0.41171875 0.01484375 0.01875
1 0.87109375 0.74921875 0.025 0.0296875
0 0.840625 0.39140625 0.03125 0.034375
1 0.75078125 0.46015625 0.028125 0.03515625
0 0.8953125 0.68984375 0.02890625 0.0296875
0 0.9234375 0.4875 0.0328125 0.0375
1 0.77109375 0.5140625 0.0296875 0.0328125
0 0.92890625 0.3359375 0.01171875 0.01328125
0 0.984375 0.60703125 0.02421875 0.0421875
1 0.82421875 0.78515625 0.0359375 0.03828125
1 0.9546875 0.5671875 0.0140625 0.02578125
1 0.81484375 0.871875 0.03359375 0.03125
0 0.55 0.23125 0.0234375 0.0234375
1 0.96953125 0.67109375 0.0125 0.02265625
1 0.6234375 0.06171875 0.03046875 0.03046875
1 0.80078125 0.928125 0.03125 0.0296875
1 0.775 0.571875 0.02890625 0.03046875
0 0.83515625 0.44765625 0.04453125 0.05078125
0 0.76328125 0.25703125 0.02890625 0.03125
1 0.9328125 0.6953125 0.0140625 0.01640625
1 0.86796875 0.89296875 0.01875 0.01796875
0 0.84140625 0.190625 0.0234375 0.02890625
0 0.8796875 0.4890625 0.02265625 0.028125
0 0.8078125 0.2828125 0.02578125 0.0265625
0 0.86796875 0.27265625 0.01328125 0.01640625
0 0.8578125 0.565625 0.0328125 0.0484375
0 0.9390625 0.7078125 0.01328125 0.0171875
0 0.8 0.36015625 0.046875 0.05078125
1 0.8109375 0.61796875 0.0390625 0.0390625
0 0.909375 0.43671875 0.0140625 0.01796875
0 0.628125 0.31875 0.03828125 0.03359375
1 0.71796875 0.48671875 0.02890625 0.03046875
0 0.8578125 0.35078125 0.0390625 0.04375
0 0.87421875 0.340625 0.03984375 0.04453125
0 0.91796875 0.3859375 0.0171875 0.02109375
0 0.7296875 0.0671875 0.025 0.0234375
0 0.7421875 0.225 0.0125 0.01171875
0 0.965625 0.38828125 0.01328125 0.0203125
0 0.66796875 0.209375 0.05390625 0.046875
0 0.5 0.0828125 0.03359375 0.028125
1 0.79609375 0.80234375 0.01640625 0.01953125
0 0.7484375 0.4359375 0.03359375 0.02734375
1 0.853125 0.8921875 0.0203125 0.02265625
0 0.77265625 0.17734375 0.015625 0.0234375
0 0.6484375 0.35390625 0.01796875 0.01875
0 0.809375 0.21875 0.01640625 0.02109375
0 0.7953125 0.0890625 0.04765625 0.04296875
0 0.8265625 0.19140625 0.01640625 0.0203125
0 0.93515625 0.3265625 0.01796875 0.02421875
1 0.81171875 0.8359375 0.040625 0.0453125
0 0.7890625 0.23515625 0.0203125 0.01875
0 0.49375 0.0328125 0.07421875 0.05390625
0 0.6578125 0.46484375 0.01875 0.02578125
1 0.56171875 0.03359375 0.0296875 0.0265625
1 0.7171875 0.07109375 0.02890625 0.02578125
1 0.775 0.6109375 0.0375 0.03046875
0 0.853125 0.23046875 0.01875 0.02109375
1 0.61015625 0.02109375 0.02109375 0.0140625
0 0.67890625 0.5921875 0.01640625 0.028125
0 0.73828125 0.23828125 0.04140625 0.0421875
0 0.50078125 0.0078125 0.02890625 0.0140625
0 0.534375 0.05625 0.059375 0.0484375
1 0.68046875 0.37890625 0.0328125 0.0359375
0 0.95 0.4234375 0.0171875 0.0234375
1 0.8453125 0.50625 0.03984375 0.03828125
1 0.97890625 0.784375 0.034375 0.04296875
1 0.8015625 0.478125 0.01796875 0.0203125
1 0.6359375 0.19609375 0.02578125 0.02578125
1 0.69296875 0.15390625 0.03046875 0.0375
0 0.73515625 0.37734375 0.0328125 0.03828125
1 0.89765625 0.384375 0.01953125 0.0234375
1 0.675 0.46875 0.02578125 0.034375
1 0.87890625 0.8734375 0.04140625 0.04296875
1 0.903125 0.6140625 0.03984375 0.04296875
0 0.83203125 0.27578125 0.01640625 0.0171875
0 0.91171875 0.34375 0.01640625 0.01953125
0 0.5953125 0.0421875 0.025 0.02265625
0 0.78203125 0.2953125 0.0125 0.0140625
0 0.84453125 0.2953125 0.05 0.05390625
0 0.78828125 0.41171875 0.0453125 0.04921875
1 0.690625 0.521875 0.0203125 0.021875
0 0.89375 0.565625 0.03984375 0.040625
1 0.91484375 0.81171875 0.0390625 0.0421875
1 0.88671875 0.521875 0.028125 0.05703125
0 0.6234375 0.1140625 0.08125 0.06328125