0 0.634375 0.08203125 0.04765625 0.04140625
0 0.44375 0.165625 0.0484375 0.03515625
1 0.3875 0.0296875 0.0546875 0.04609375
0 0.48203125 0.0390625 0.03359375 0.028125
1 0.14296875 0.0609375 0.05 0.0453125
0 0.3421875 0.109375 0.04140625 0.03515625
0 0.6078125 0.12421875 0.04140625 0.0359375
0 0.66796875 0.15390625 0.0515625 0.04453125
0 0.2921875 0.11015625 0.04375 0.040625
0 0.3265625 0.053125 0.06015625 0.05625
0 0.1390625 0.115625 0.07265625 0.06640625
0 0.2484375 0.11953125 0.0609375 0.053125
1 0.56015625 0.0328125 0.07578125 0.06171875
0 0.67578125 0.04453125 0.04140625 0.03359375
0 0.56953125 0.1546875 0.07890625 0.071875
0 0.8984375 0.07109375 0.028125 0.025
0 0.68828125 0.18203125 0.04140625 0.0359375
0 0.61484375 0.2515625 0.04921875 0.040625
0 0.78046875 0.22421875 0.03828125 0.03359375
0 0.54375 0.12578125 0.02421875 0.02109375
0 0.7875 0.1640625 0.03125 0.028125
0 0.96796875 0.10546875 0.01953125 0.01796875
0 0.8234375 0.14375 0.05703125 0.0453125
0 0.92421875 0.103125 0.02421875 0.02109375
0 0.7 0.07578125 0.021875 0.02109375
1 0.9390625 0.2328125 0.0765625 0.07109375
0 0.72109375 0.17734375 0.0359375 0.03125
0 0.5140625 0.11796875 0.021875 0.01953125
1 0.11171875 0.02734375 0.05859375 0.0421875
0 0.69453125 0.1296875 0.01640625 0.015625
0 0.06875 0.0171875 0.02265625 0.01796875
0 0.46171875 0.11328125 0.0203125 0.015625
0 0.36796875 0.1 0.02265625 0.021875
0 0.7171875 0.03125 0.0234375 0.0203125
1 0.753125 0.028125 0.09140625 0.05234375
1 0.4421875 0.228125 0.0875 0.08984375
0 0.51484375 0.0703125 0.0203125 0.0171875
1 0.24765625 0.03203125 0.028125 0.025
1 0.0578125 0.0609375 0.0203125 0.01875
1 0.01015625 0.08984375 0.0203125 0.0234375
0 0.178125 0.05546875 0.0203125 0.01875
0 0.98125 0.14140625 0.028125 0.0234375
0 0.809375 0.29296875 0.0328125 0.0328125
1 0.7796875 0.29921875 0.03046875 0.028125
0 0.865625 0.13828125 0.03671875 0.0328125
0 0.728125 0.10234375 0.0203125 0.01640625
0 0.71015625 0.20625 0.06171875 0.0546875
1 0.8734375 0.34296875 0.071875 0.07265625
0 0.2875 0.03671875 0.0140625 0.0140625
0 0.51484375 0.24921875 0.028125 0.0265625
1 0.26875 0.00625 0.0296875 0.01171875
0 0.46953125 0.01796875 0.0140625 0.0125
0 0.18125 0.08203125 0.02265625 0.0203125
0 0.85390625 0.17734375 0.0234375 0.0234375
0 0.8578125 0.0453125 0.06015625 0.03046875
0 0.19765625 0.16015625 0.05625 0.05390625
0 0.746875 0.09453125 0.02109375 0.0171875
1 0.715625 0.12578125 0.034375 0.0296875
0 0.65 0.21640625 0.04453125 0.0390625