0 0.36953125 0.21484375 0.06171875 0.0515625
0 0.40234375 0.146875 0.05859375 0.04375
0 0.271875 0.4359375 0.05390625 0.04375
0 0.19296875 0.471875 0.04375 0.0375
0 0.2109375 0.51015625 0.03515625 0.0359375
0 0.1671875 0.56796875 0.06875 0.06796875
0 0.19375 0.6859375 0.0734375 0.06953125
0 0.128125 0.63046875 0.0359375 0.0453125
0 0.1765625 0.60390625 0.034375 0.0359375
0 0.4765625 0.34296875 0.0390625 0.0421875
0 0.359375 0.38515625 0.0421875 0.0359375
0 0.33515625 0.35625 0.03671875 0.03125
0 0.3046875 0.5296875 0.059375 0.059375
0 0.2390625 0.54609375 0.0640625 0.06484375
0 0.26171875 0.61640625 0.0390625 0.05234375
0 0.13125 0.73203125 0.05390625 0.0765625
0 0.33671875 0.5671875 0.0453125 0.04140625
0 0.4859375 0.24453125 0.059375 0.0515625
0 0.6234375 0.24765625 0.03125 0.0296875
0 0.646875 0.1921875 0.03828125 0.03125
0 0.5890625 0.12109375 0.0375 0.0328125
0 0.4671875 0.625 0.046875 0.040625
0 0.29765625 0.64765625 0.0453125 0.03671875
0 0.2046875 0.846875 0.04375 0.034375
0 0.24765625 0.8578125 0.04375 0.03828125
0 0.32734375 0.77890625 0.03671875 0.0296875
0 0.39453125 0.3859375 0.03125 0.02578125
0 0.4234375 0.36171875 0.04375 0.02734375
0 0.47421875 0.40625 0.03984375 0.03203125