0 0.690625 0.6171875 0.05078125 0.0640625
0 0.50234375 0.76015625 0.078125 0.07109375
0 0.35625 0.7609375 0.0484375 0.04140625
0 0.20234375 0.76171875 0.04375 0.05
0 0.14765625 0.678125 0.01953125 0.046875
0 0.1015625 0.55234375 0.05859375 0.059375
0 0.29296875 0.2703125 0.03671875 0.03515625
0 0.3734375 0.225 0.04296875 0.0296875
0 0.48046875 0.33046875 0.04375 0.04140625
0 0.5171875 0.41484375 0.03125 0.034375
0 0.60078125 0.44921875 0.02265625 0.04296875
0 0.94921875 0.39140625 0.03984375 0.05546875
0 0.93203125 0.1734375 0.028125 0.03984375
0 0.97265625 0.1703125 0.03125 0.04296875
0 0.5953125 0.23359375 0.0484375 0.02734375
0 0.3796875 0.296875 0.04375 0.0453125
0 0.41640625 0.428125 0.04296875 0.0328125
0 0.0265625 0.41875 0.03828125 0.034375
0 0.06953125 0.66328125 0.04296875 0.0625
0 0.3796875 0.82421875 0.04140625 0.05
0 0.49375 0.6 0.046875 0.05546875
0 0.9578125 0.5125 0.03828125 0.03671875
1 0.7359375 0.6796875 0.03984375 0.02734375
0 0.13984375 0.6734375 0.03203125 0.02890625
0 0.60703125 0.45 0.0390625 0.0265625
0 0.56953125 0.2171875 0.0203125 0.0203125
0 0.04609375 0.4484375 0.0234375 0.0234375
0 0.44375 0.840625 0.04375 0.040625
0 0.09921875 0.65703125 0.04140625 0.04296875
0 0.2328125 0.3421875 0.03828125 0.0390625
0 0.05234375 0.56171875 0.03671875 0.04140625
0 0.353125 0.79609375 0.0265625 0.02421875
0 0.19609375 0.8296875 0.04140625 0.03671875
0 0.178125 0.73359375 0.0234375 0.02421875
0 0.4375 0.21484375 0.02421875 0.02265625
0 0.51875 0.4359375 0.02578125 0.02578125
0 0.5734375 0.3375 0.0421875 0.03984375
0 0.01796875 0.7328125 0.0328125 0.04140625
0 0.2265625 0.66328125 0.01953125 0.01953125
0 0.1015625 0.6078125 0.03046875 0.02578125
0 0.48828125 0.1328125 0.040625 0.03203125
0 0.52265625 0.825 0.05546875 0.0484375
0 0.03515625 0.4890625 0.025 0.0265625
0 0.36171875 0.465625 0.01484375 0.01484375
0 0.159375 0.0828125 0.0234375 0.021875
0 0.2875 0.93671875 0.034375 0.03125
0 0.4390625 0.80078125 0.04296875 0.034375
0 0.03125 0.76171875 0.03828125 0.04375
0 0.30234375 0.14453125 0.015625 0.0140625
0 0.7296875 0.29140625 0.0171875 0.01953125
0 0.246875 0.92578125 0.0421875 0.03671875
0 0.43125 0.15625 0.01796875 0.01796875
0 0.0203125 0.20078125 0.02890625 0.0328125
0 0.5296875 0.62578125 0.0234375 0.021875
0 0.4375 0.53203125 0.02265625 0.021875
0 0.47578125 0.421875 0.02109375 0.02109375
0 0.62109375 0.61015625 0.021875 0.02265625
0 0.37265625 0.5625 0.02109375 0.02109375
0 0.459375 0.54765625 0.01796875 0.0171875
0 0.17421875 0.6796875 0.03515625 0.0328125
0 0.3375 0.7875 0.02578125 0.02578125
0 0.8625 0.69375 0.025 0.0234375
0 0.40078125 0.28203125 0.01640625 0.01640625
0 0.2859375 0.5515625 0.02578125 0.02734375
0 0.178125 0.59296875 0.053125 0.053125
0 0.259375 0.80546875 0.04609375 0.046875
0 0.934375 0.3109375 0.015625 0.01640625
0 0.525 0.08203125 0.01953125 0.0171875
0 0.15 0.19140625 0.053125 0.046875
0 0.08203125 0.17890625 0.034375 0.034375
0 0.3546875 0.08125 0.015625 0.01484375
0 0.16328125 0.23828125 0.01640625 0.01640625
0 0.425 0.60546875 0.05078125 0.04296875
0 0.2796875 0.83984375 0.03671875 0.03828125
0 0.2078125 0.54375 0.01640625 0.015625
0 0.23671875 0.79375 0.04140625 0.0453125
0 0.94921875 0.45625 0.0171875 0.01875
0 0.1609375 0.653125 0.01953125 0.0203125
0 0.53984375 0.06953125 0.01640625 0.01484375
0 0.4140625 0.484375 0.021875 0.01875
0 0.56328125 0.73984375 0.06015625 0.0515625
0 0.64140625 0.18671875 0.015625 0.015625
0 0.43203125 0.91640625 0.053125 0.04609375
0 0.0796875 0.83671875 0.0296875 0.03046875
0 0.6359375 0.36796875 0.02421875 0.02109375
0 0.40078125 0.83828125 0.046875 0.04453125
0 0.6140625 0.3515625 0.01640625 0.01640625
0 0.2609375 0.09296875 0.01328125 0.0125
0 0.60234375 0.6703125 0.028125 0.0234375
0 0.0078125 0.44140625 0.01484375 0.02109375
0 0.13046875 0.82109375 0.03828125 0.0359375
0 0.278125 0.66484375 0.04375 0.0375
0 0.73671875 0.1984375 0.01640625 0.015625
0 0.81953125 0.03828125 0.0484375 0.04140625
0 0.3890625 0.5078125 0.015625 0.0140625
0 0.209375 0.08671875 0.0140625 0.01328125
0 0.4140625 0.6046875 0.01796875 0.0171875
0 0.42109375 0.2546875 0.015625 0.01640625
0 0.15703125 0.78984375 0.0234375 0.0234375
0 0.92265625 0.0421875 0.03828125 0.0375
0 0.02421875 0.834375 0.021875 0.02265625
0 0.08671875 0.17109375 0.0171875 0.01640625
0 0.1859375 0.4046875 0.05 0.04453125
0 0.559375 0.40859375 0.01484375 0.0140625
0 0.2296875 0.50703125 0.0171875 0.015625
0 0.09921875 0.36484375 0.06953125 0.06953125
0 0.36875 0.4359375 0.01875 0.01953125
0 0.5453125 0.19921875 0.01328125 0.01328125
0 0.35546875 0.67265625 0.0171875 0.01640625
0 0.503125 0.15859375 0.0125 0.0125
0 0.784375 0.50625 0.053125 0.0484375
0 0.1046875 0.4484375 0.025 0.0203125
0 0.50703125 0.4859375 0.02109375 0.01875
0 0.453125 0.065625 0.02421875 0.021875
0 0.3265625 0.54296875 0.01796875 0.01640625
0 0.68828125 0.40625 0.021875 0.0234375
0 0.7140625 0.3125 0.0140625 0.0140625
0 0.4453125 0.17734375 0.03125 0.03125
0 0.3375 0.11171875 0.01484375 0.0140625
0 0.3453125 0.2578125 0.05234375 0.0515625
0 0.61796875 0.38671875 0.021875 0.0203125
0 0.1546875 0.021875 0.03828125 0.03203125
0 0.71015625 0.184375 0.02890625 0.02734375
0 0.7859375 0.60625 0.040625 0.04140625
0 0.9609375 0.2421875 0.01328125 0.01328125
0 0.04609375 0.9234375 0.0328125 0.0265625
0 0.40703125 0.78046875 0.01640625 0.01484375
0 0.0171875 0.875 0.03203125 0.04921875
0 0.3671875 0.3953125 0.01640625 0.0140625
0 0.99609375 0.13125 0.0078125 0.01875
0 0.78359375 0.48515625 0.028125 0.02421875
0 0.57265625 0.1421875 0.02109375 0.01953125
0 0.05625 0.51484375 0.0671875 0.0640625
0 0.23984375 0.8828125 0.01875 0.0203125
0 0.4765625 0.12890625 0.0171875 0.015625