0 0.4 0.34921875 0.0125 0.0125
0 0.18359375 0.3734375 0.015625 0.01640625
0 0.3375 0.3859375 0.01640625 0.0171875
0 0.3328125 0.25859375 0.01640625 0.01640625
0 0.0625 0.25546875 0.015625 0.01640625
0 0.2 0.7328125 0.01484375 0.01640625
0 0.07421875 0.66171875 0.01328125 0.0140625
1 0.06171875 0.11484375 0.08828125 0.09140625
0 0.21875 0.6515625 0.0140625 0.0140625
0 0.4125 0.23046875 0.01171875 0.0125
0 0.24921875 0.38359375 0.0359375 0.03046875
0 0.14296875 0.68671875 0.0109375 0.0109375
0 0.15625 0.40234375 0.00859375 0.01015625
0 0.30390625 0.19921875 0.02109375 0.02109375
0 0.1265625 0.55 0.01015625 0.0109375
0 0.5375 0.20546875 0.0609375 0.06328125
0 0.25390625 0.053125 0.01015625 0.01015625
0 0.1578125 0.665625 0.01953125 0.0203125
0 0.52109375 0.1578125 0.01875 0.0203125
0 0.3734375 0.39375 0.01875 0.01875
0 0.23671875 0.4109375 0.01484375 0.01796875
0 0.2359375 0.67265625 0.025 0.02421875
0 0.38984375 0.134375 0.01015625 0.01015625
0 0.05390625 0.56796875 0.009375 0.009375
0 0.0171875 0.478125 0.009375 0.009375
0 0.50703125 0.1265625 0.0109375 0.01171875
0 0.15234375 0.6265625 0.009375 0.01171875
0 0.03828125 0.4140625 0.00859375 0.009375
1 0.0484375 0.4828125 0.01015625 0.01328125
0 0.3359375 0.2671875 0.028125 0.03359375
0 0.07109375 0.4734375 0.009375 0.009375
0 0.575 0.26171875 0.0875 0.0921875
0 0.1 0.45625 0.0078125 0.00859375
0 0.0359375 0.26328125 0.01015625 0.01015625
0 0.10859375 0.2046875 0.009375 0.01015625
0 0.46015625 0.26328125 0.07109375 0.109375
0 0.21953125 0.3078125 0.07265625 0.05546875
0 0.31328125 0.46875 0.0640625 0.034375
0 0.24921875 0.61796875 0.05 0.03984375
0 0.559375 0.12890625 0.0390625 0.03828125
1 0.2109375 0.728125 0.10078125 0.10390625