0 0.27578125 0.68984375 0.03984375 0.04375
0 0.31171875 0.56875 0.01484375 0.015625
0 0.5765625 0.4109375 0.01484375 0.01484375
0 0.64765625 0.4625 0.01796875 0.01796875
0 0.540625 0.45 0.01484375 0.01484375
0 0.55625 0.53125 0.04140625 0.0390625
0 0.34921875 0.4265625 0.02109375 0.02109375
0 0.20859375 0.540625 0.03046875 0.0359375
0 0.1984375 0.590625 0.0109375 0.0125
0 0.2359375 0.53671875 0.025 0.0265625
0 0.346875 0.21875 0.01484375 0.01484375
0 0.6515625 0.59453125 0.06015625 0.0640625
0 0.3890625 0.58203125 0.01484375 0.015625
0 0.27421875 0.44140625 0.0234375 0.025
0 0.33828125 0.54453125 0.03359375 0.03203125
0 0.27890625 0.5046875 0.0203125 0.02109375
0 0.47890625 0.48203125 0.025 0.02578125
0 0.55546875 0.6046875 0.03671875 0.03828125
0 0.1640625 0.59296875 0.0171875 0.02109375
0 0.3125 0.68046875 0.04765625 0.0484375
0 0.21015625 0.409375 0.0171875 0.0171875
0 0.28984375 0.6 0.0359375 0.0375
0 0.16171875 0.68671875 0.04765625 0.0625
0 0.38515625 0.553125 0.02421875 0.0234375
0 0.10625 0.54296875 0.0390625 0.0546875
0 0.25546875 0.6046875 0.0265625 0.0296875
0 0.76171875 0.359375 0.01484375 0.01484375
0 0.14296875 0.4234375 0.025 0.03125
0 0.69453125 0.37265625 0.021875 0.02109375
0 0.353125 0.515625 0.01171875 0.01328125
0 0.26015625 0.64140625 0.01875 0.01953125
0 0.3375 0.47734375 0.0390625 0.03828125
0 0.1875 0.63828125 0.02109375 0.0234375
0 0.290625 0.3875 0.02421875 0.025
0 0.60234375 0.40390625 0.0234375 0.0234375
0 0.38671875 0.28203125 0.03984375 0.0390625
0 0.25859375 0.27578125 0.0171875 0.01796875
0 0.53359375 0.26015625 0.01953125 0.01796875
0 0.21953125 0.33671875 0.01953125 0.01953125
0 0.31640625 0.221875 0.02421875 0.02265625
0 0.23515625 0.7328125 0.0296875 0.03125
0 0.26640625 0.31015625 0.01875 0.01796875
0 0.34453125 0.3421875 0.028125 0.028125
0 0.35 0.66796875 0.0390625 0.0421875
0 0.2734375 0.58515625 0.02421875 0.0265625
0 0.5046875 0.12890625 0.02109375 0.01875
0 0.128125 0.5703125 0.03828125 0.05390625
0 0.19453125 0.29375 0.01875 0.0203125
0 0.4171875 0.48203125 0.0453125 0.04609375
0 0.34453125 0.4 0.01640625 0.01640625
0 0.3890625 0.6125 0.02265625 0.02421875
0 0.27578125 0.6046875 0.015625 0.01640625
0 0.1359375 0.365625 0.04609375 0.0625
0 0.58671875 0.69453125 0.03515625 0.03984375
0 0.42578125 0.5828125 0.02578125 0.02421875
0 0.6921875 0.48515625 0.01875 0.01875
0 0.0875 0.60703125 0.01640625 0.025
0 0.325 0.18359375 0.02421875 0.02265625
0 0.14296875 0.5359375 0.021875 0.02734375
0 0.2265625 0.22578125 0.021875 0.0234375
0 0.29375 0.46640625 0.021875 0.02265625
0 0.696875 0.4265625 0.02578125 0.02890625
0 0.425 0.22578125 0.034375 0.03046875
0 0.1640625 0.61796875 0.02421875 0.0328125
0 0.38359375 0.1171875 0.0234375 0.01953125
0 0.19140625 0.7484375 0.01640625 0.01796875
0 0.2046875 0.67734375 0.03671875 0.04921875
0 0.34140625 0.31640625 0.02421875 0.02421875
0 0.3953125 0.72578125 0.02109375 0.01953125
0 0.13671875 0.5078125 0.021875 0.0296875
0 0.378125 0.39921875 0.028125 0.02890625
0 0.53203125 0.33515625 0.03515625 0.0359375
0 0.121875 0.67578125 0.0203125 0.028125
0 0.10234375 0.4359375 0.021875 0.0328125
0 0.603125 0.27421875 0.0171875 0.01484375
0 0.4609375 0.21953125 0.04140625 0.040625
0 0.17890625 0.66484375 0.03125 0.0484375
0 0.084375 0.57109375 0.02578125 0.03828125
0 0.33515625 0.8359375 0.065625 0.0625
0 0.3890625 0.0921875 0.0203125 0.01796875
0 0.065625 0.584375 0.01484375 0.021875
0 0.45078125 0.675 0.06640625 0.0640625
0 0.0921875 0.6296875 0.02109375 0.0296875
0 0.353125 0.38359375 0.02421875 0.02734375
0 0.1984375 0.796875 0.01875 0.021875
0 0.36328125 0.0953125 0.02421875 0.01953125
0 0.7203125 0.21171875 0.053125 0.0484375
0 0.18515625 0.20078125 0.01953125 0.02265625
0 0.11328125 0.48671875 0.01875 0.03125
1 0.07109375 0.684375 0.01640625 0.0296875
1 0.08671875 0.328125 0.02109375 0.0328125
0 0.91484375 0.46171875 0.0265625 0.028125
0 0.4453125 0.125 0.021875 0.01796875
0 0.51328125 0.72578125 0.059375 0.06953125
0 0.11640625 0.7296875 0.0234375 0.03359375
0 0.503125 0.41328125 0.02890625 0.0296875
0 0.4125 0.06953125 0.025 0.02109375
1 0.19140625 0.1609375 0.06875 0.0546875
0 0.7921875 0.690625 0.02578125 0.02890625
0 0.49609375 0.909375 0.04765625 0.03828125
0 0.4078125 0.91328125 0.0296875 0.02421875
0 0.20390625 0.35703125 0.01015625 0.0109375
0 0.31171875 0.10625 0.021875 0.02265625
0 0.4515625 0.1828125 0.0328125 0.02890625
1 0.06640625 0.39765625 0.028125 0.05703125
0 0.26796875 0.85234375 0.01484375 0.01640625
0 0.34296875 0.0703125 0.0296875 0.021875
0 0.40859375 0.15859375 0.04140625 0.0390625
0 0.0546875 0.59296875 0.0140625 0.03046875
0 0.57890625 0.8125 0.01953125 0.01953125
0 0.1 0.33984375 0.015625 0.02421875
0 0.17421875 0.81015625 0.02421875 0.02734375
0 0.2015625 0.5078125 0.0296875 0.02890625
1 0.08984375 0.3515625 0.0203125 0.03828125
1 0.2203125 0.1375 0.0203125 0.0234375
0 0.0953125 0.70078125 0.0140625 0.02109375