0 0.94765625 0.25859375 0.01171875 0.01328125
0 0.85859375 0.275 0.01875 0.01796875
0 0.2859375 0.1140625 0.04140625 0.03125
0 0.6921875 0.24296875 0.03125 0.02890625
1 0.715625 0.2171875 0.02421875 0.02265625
0 0.63984375 0.21484375 0.0515625 0.03359375
0 0.790625 0.3 0.02890625 0.0265625
1 0.15078125 0.10546875 0.02421875 0.01796875
1 0.2328125 0.12578125 0.02734375 0.02421875
0 0.4125 0.1421875 0.04765625 0.0390625
1 0.053125 0.1875 0.03125 0.03203125
0 0.9765625 0.26796875 0.0203125 0.03046875
0 0.784375 0.23046875 0.028125 0.025
0 0.846875 0.32109375 0.02265625 0.02265625
0 0.359375 0.07109375 0.04296875 0.025
0 0.68515625 0.1359375 0.03671875 0.03046875
0 0.384375 0.103125 0.04765625 0.0296875
1 0.29375 0.0859375 0.01875 0.0140625
1 0.17109375 0.075 0.02109375 0.01484375
0 0.1296875 0.15078125 0.053125 0.0484375
1 0.0984375 0.15703125 0.0328125 0.03203125
0 0.8515625 0.1421875 0.0125 0.01171875
1 0.803125 0.24140625 0.025 0.02109375
0 0.19609375 0.15234375 0.05234375 0.0484375
1 0.321875 0.0875 0.021875 0.01484375
0 0.77890625 0.0953125 0.01875 0.01328125
1 0.5125 0.0796875 0.021875 0.0140625
1 0.7609375 0.12109375 0.0171875 0.01328125
0 0.2265625 0.08359375 0.03828125 0.02265625
0 0.98515625 0.30859375 0.01953125 0.0296875
1 0.25703125 0.10703125 0.0234375 0.01796875
1 0.61640625 0.0859375 0.03046875 0.01484375
1 0.13046875 0.0953125 0.03125 0.025
0 0.81875 0.17421875 0.01015625 0.009375