0 0.32578125 0.078125 0.02578125 0.02265625
0 0.41171875 0.47734375 0.0265625 0.025
0 0.17109375 0.22265625 0.021875 0.02265625
0 0.153125 0.45078125 0.0296875 0.0328125
0 0.33828125 0.246875 0.01484375 0.015625
0 0.23359375 0.10078125 0.02734375 0.025
0 0.234375 0.34375 0.02890625 0.02890625
0 0.2328125 0.1328125 0.0328125 0.02890625
0 0.15078125 0.60234375 0.01484375 0.015625
0 0.2875 0.37890625 0.0171875 0.0171875
0 0.13515625 0.24140625 0.02734375 0.0296875
0 0.20078125 0.1328125 0.02734375 0.02734375
0 0.38359375 0.1875 0.01484375 0.0140625
0 0.37890625 0.26640625 0.034375 0.03125
0 0.14453125 0.4 0.02421875 0.0265625
0 0.2546875 0.72578125 0.05390625 0.0546875
0 0.23984375 0.51953125 0.0640625 0.0625
0 0.34453125 0.4859375 0.05625 0.0546875
0 0.021875 0.325 0.01875 0.02109375
0 0.03046875 0.5765625 0.0171875 0.0203125
0 0.26171875 0.225 0.0359375 0.03203125
0 0.0859375 0.353125 0.03046875 0.03125
0 0.0296875 0.59921875 0.01328125 0.01484375
0 0.04765625 0.64375 0.01796875 0.0203125
0 0.17109375 0.16796875 0.02265625 0.02421875
0 0.178125 0.10078125 0.03359375 0.03125
0 0.01875 0.7859375 0.01484375 0.01640625
0 0.41328125 0.13046875 0.0203125 0.01796875
0 0.11484375 0.4640625 0.0234375 0.028125
0 0.06640625 0.56328125 0.015625 0.015625
0 0.44609375 0.12734375 0.03125 0.02578125
0 0.17265625 0.57734375 0.01328125 0.0140625
0 0.21875 0.17734375 0.0265625 0.025
0 0.18671875 0.621875 0.0265625 0.03125
0 0.15078125 0.8421875 0.0609375 0.05859375
0 0.44765625 0.4640625 0.02109375 0.02109375
0 0.66015625 0.24296875 0.025 0.02421875
0 0.01796875 0.73359375 0.01640625 0.0171875
0 0.065625 0.51875 0.0328125 0.03671875
0 0.1453125 0.54765625 0.0125 0.01328125
0 0.01171875 0.546875 0.009375 0.0109375
0 0.0265625 0.6828125 0.0171875 0.01953125
0 0.41328125 0.40625 0.0390625 0.0375
0 0.28515625 0.31953125 0.025 0.025
0 0.16015625 0.48046875 0.01875 0.01875
0 0.33359375 0.365625 0.01640625 0.0171875
0 0.096875 0.7859375 0.03984375 0.04453125
0 0.05625 0.5046875 0.01796875 0.01875
0 0.45703125 0.1765625 0.01484375 0.015625