0 0.54765625 0.70390625 0.03515625 0.03515625
0 0.478125 0.68359375 0.0421875 0.04375
0 0.71953125 0.578125 0.04140625 0.0390625
0 0.86484375 0.49296875 0.0234375 0.02890625
0 0.59453125 0.509375 0.03515625 0.03359375
0 0.48828125 0.77421875 0.01875 0.01875
0 0.665625 0.57734375 0.065625 0.06171875
0 0.36640625 0.76640625 0.04609375 0.046875
0 0.35 0.6078125 0.02109375 0.0203125
0 0.35078125 0.87890625 0.01953125 0.01796875
0 0.35234375 0.18828125 0.03828125 0.0328125
0 0.55546875 0.90390625 0.0390625 0.0328125
0 0.3921875 0.50546875 0.03046875 0.03046875
0 0.52734375 0.58203125 0.0609375 0.0609375
0 0.54765625 0.76640625 0.02890625 0.028125
0 0.4578125 0.8796875 0.0390625 0.03671875
0 0.76640625 0.2375 0.04140625 0.0390625
0 0.30625 0.8078125 0.04921875 0.04140625
0 0.87421875 0.39296875 0.034375 0.0390625
0 0.6671875 0.2640625 0.034375 0.034375
0 0.73359375 0.52734375 0.02421875 0.025
0 0.559375 0.52578125 0.02890625 0.02734375
0 0.478125 0.81484375 0.02421875 0.02421875
0 0.52265625 0.4578125 0.07578125 0.075
0 0.76953125 0.6296875 0.0234375 0.025
0 0.3578125 0.12578125 0.02890625 0.0234375
0 0.7828125 0.3734375 0.03359375 0.0375
0 0.7203125 0.28125 0.025 0.02421875
0 0.76796875 0.515625 0.0453125 0.04921875
0 0.453125 0.478125 0.0140625 0.01484375
0 0.596875 0.61328125 0.03046875 0.03125
0 0.30546875 0.87734375 0.05390625 0.0453125
0 0.2078125 0.625 0.06015625 0.0671875
0 0.50390625 0.8765625 0.02578125 0.02421875
0 0.43203125 0.75078125 0.0484375 0.05078125
0 0.49140625 0.84765625 0.021875 0.02109375
0 0.7953125 0.675 0.02734375 0.0296875
0 0.85546875 0.33125 0.053125 0.06015625
0 0.7765625 0.315625 0.03125 0.0328125
0 0.61875 0.44140625 0.05625 0.05390625
0 0.8859375 0.4984375 0.06484375 0.07890625
0 0.90625 0.146875 0.0171875 0.0203125
0 0.5734375 0.30703125 0.03828125 0.0375
0 0.61015625 0.38359375 0.06015625 0.0546875
0 0.71796875 0.18828125 0.0296875 0.02734375
0 0.3703125 0.378125 0.0328125 0.0296875
0 0.54375 0.87421875 0.03125 0.028125
0 0.7828125 0.48515625 0.02421875 0.02734375
0 0.2703125 0.8078125 0.025 0.02421875
0 0.271875 0.2875 0.03828125 0.04140625
0 0.51875 0.8109375 0.028125 0.02578125
0 0.68203125 0.78046875 0.0359375 0.0359375
0 0.92421875 0.38671875 0.02578125 0.0328125
0 0.840625 0.35546875 0.02109375 0.02578125
0 0.2421875 0.3078125 0.0265625 0.0296875
0 0.40234375 0.534375 0.025 0.02578125
0 0.709375 0.4203125 0.0453125 0.04921875
0 0.7359375 0.45234375 0.02421875 0.025
0 0.61328125 0.83515625 0.071875 0.0625
0 0.92265625 0.4359375 0.01953125 0.02421875
0 0.66875 0.659375 0.04921875 0.04609375
0 0.61640625 0.17421875 0.0234375 0.025
0 0.71875 0.83203125 0.0265625 0.02734375
0 0.840625 0.61015625 0.03984375 0.04296875
0 0.8109375 0.23828125 0.040625 0.04140625
0 0.22109375 0.4859375 0.0328125 0.0296875
0 0.88828125 0.284375 0.04140625 0.0515625
0 0.66875 0.43828125 0.04296875 0.04296875
1 0.98515625 0.353125 0.025 0.04140625
0 0.61953125 0.06171875 0.0546875 0.04375
1 0.9078125 0.68828125 0.0234375 0.03125
0 0.0609375 0.8265625 0.0375 0.04609375
0 0.95 0.26953125 0.02421875 0.03125
0 0.82421875 0.11796875 0.02734375 0.028125
0 0.81171875 0.746875 0.0296875 0.034375
0 0.8171875 0.17421875 0.02890625 0.0265625
0 0.63359375 0.9015625 0.0359375 0.03359375
0 0.1921875 0.92734375 0.02265625 0.02109375
0 0.42421875 0.91015625 0.028125 0.021875
0 0.39375 0.23359375 0.0296875 0.02890625
0 0.86328125 0.13203125 0.02734375 0.02734375
1 0.85859375 0.73671875 0.02421875 0.028125
0 0.678125 0.3609375 0.0328125 0.03359375
0 0.81171875 0.4265625 0.06171875 0.0671875
1 0.9234375 0.58671875 0.0234375 0.03203125
0 0.73125 0.646875 0.046875 0.05078125
0 0.97265625 0.4109375 0.0375 0.059375
0 0.26171875 0.8875 0.034375 0.0328125
0 0.74296875 0.11796875 0.02578125 0.0234375
0 0.7375 0.7359375 0.01171875 0.0125
1 0.9703125 0.575 0.03515625 0.046875
0 0.88359375 0.6859375 0.0265625 0.0328125
0 0.93125 0.1921875 0.03046875 0.0359375
0 0.74296875 0.07890625 0.0390625 0.03515625
0 0.9640625 0.28515625 0.02421875 0.03203125
0 0.60703125 0.08984375 0.03828125 0.0296875
0 0.79765625 0.81953125 0.03828125 0.04296875
1 0.9328125 0.3 0.025 0.0328125
1 0.9421875 0.49453125 0.01953125 0.0265625
1 0.8703125 0.61640625 0.02734375 0.034375
0 0.68828125 0.915625 0.034375 0.03203125
0 0.90859375 0.7828125 0.0234375 0.0296875
0 0.6234375 0.7015625 0.04296875 0.04296875
0 0.390625 0.0515625 0.0265625 0.021875
0 0.49921875 0.93203125 0.0328125 0.028125
0 0.525 0.38125 0.03359375 0.0328125
1 0.8609375 0.659375 0.0375 0.04609375
0 0.934375 0.5234375 0.034375 0.04921875
0 0.2953125 0.921875 0.02109375 0.0171875
0 0.0390625 0.3265625 0.03125 0.0390625
0 0.82578125 0.08984375 0.0296875 0.03125
0 0.84296875 0.86796875 0.01953125 0.021875
0 0.91015625 0.10546875 0.025 0.02734375
0 0.61171875 0.95625 0.02578125 0.02109375
0 0.8890625 0.83671875 0.01484375 0.01875
1 0.9671875 0.175 0.02734375 0.03828125
0 0.68359375 0.109375 0.0328125 0.0359375
1 0.9734375 0.5046875 0.0375 0.06171875
0 0.88515625 0.2203125 0.02890625 0.03359375
1 0.7765625 0.896875 0.028125 0.02890625
0 0.47734375 0.01953125 0.0328125 0.02109375
1 0.94296875 0.1328125 0.025 0.03046875