0 0.39375 0.67265625 0.05390625 0.04296875
0 0.36328125 0.81875 0.0546875 0.0453125
0 0.62578125 0.6765625 0.0328125 0.03125
0 0.2953125 0.4078125 0.03515625 0.034375
0 0.4671875 0.6546875 0.05234375 0.04375
0 0.5046875 0.74609375 0.05 0.040625
0 0.7734375 0.715625 0.06171875 0.0609375
0 0.53515625 0.48671875 0.0453125 0.04296875
0 0.8921875 0.6125 0.02890625 0.03125
0 0.2765625 0.4859375 0.06484375 0.059375
0 0.59609375 0.40625 0.0421875 0.03984375
0 0.309375 0.94375 0.05078125 0.0359375
0 0.5515625 0.72109375 0.03828125 0.03359375
0 0.809375 0.48671875 0.03828125 0.03828125
0 0.62734375 0.87578125 0.04140625 0.034375
0 0.671875 0.9046875 0.03671875 0.02734375
0 0.740625 0.67109375 0.03828125 0.0359375
0 0.76640625 0.80546875 0.0296875 0.0265625
0 0.65703125 0.75625 0.03515625 0.03515625
0 0.44140625 0.3828125 0.025 0.02421875
0 0.475 0.5671875 0.03125 0.02734375
0 0.18125 0.6890625 0.040625 0.03828125
0 0.67265625 0.5359375 0.0375 0.0359375
0 0.18828125 0.8046875 0.0390625 0.0359375
0 0.346875 0.73359375 0.03984375 0.02890625
0 0.275 0.56171875 0.04609375 0.04296875
0 0.38046875 0.62578125 0.028125 0.02578125
0 0.61171875 0.61796875 0.06640625 0.06796875
0 0.43203125 0.4828125 0.0328125 0.03125
0 0.0765625 0.63203125 0.0375 0.03984375
0 0.25390625 0.63359375 0.053125 0.0484375
0 0.21875 0.603125 0.04375 0.0421875
0 0.60078125 0.5984375 0.03515625 0.03515625
0 0.490625 0.78046875 0.02578125 0.02421875
0 0.34453125 0.5234375 0.03203125 0.0328125
0 0.19375 0.33515625 0.0453125 0.040625
0 0.66328125 0.1453125 0.04375 0.0390625
0 0.65390625 0.58515625 0.03671875 0.0328125
0 0.81953125 0.778125 0.0328125 0.03203125
0 0.7609375 0.14453125 0.0359375 0.03203125
0 0.8046875 0.5859375 0.0296875 0.03046875
0 0.3 0.8609375 0.03359375 0.02734375
0 0.45234375 0.76875 0.02890625 0.0265625
0 0.4859375 0.60859375 0.02890625 0.028125
0 0.88359375 0.5734375 0.01953125 0.02109375
0 0.35 0.70390625 0.025 0.021875
0 0.528125 0.60078125 0.02890625 0.02734375
0 0.39921875 0.9484375 0.0515625 0.028125
0 0.64375 0.9421875 0.03125 0.02265625
0 0.8078125 0.23671875 0.05078125 0.05
0 0.75703125 0.55390625 0.034375 0.03515625
0 0.2546875 0.771875 0.0296875 0.0296875
0 0.4515625 0.55390625 0.02265625 0.021875
0 0.50390625 0.35390625 0.0265625 0.025
0 0.84140625 0.25078125 0.07578125 0.08203125
0 0.49140625 0.8875 0.0453125 0.03359375
0 0.2171875 0.48359375 0.0328125 0.034375
0 0.6203125 0.7984375 0.0375 0.03046875
0 0.4984375 0.23125 0.04296875 0.0328125
0 0.24921875 0.9328125 0.03671875 0.02734375
0 0.89765625 0.334375 0.01640625 0.01953125
0 0.83828125 0.14921875 0.0359375 0.034375
0 0.71484375 0.821875 0.02890625 0.02578125
0 0.69609375 0.38203125 0.02265625 0.02265625
0 0.75859375 0.43984375 0.025 0.02734375
0 0.1625 0.74140625 0.02734375 0.028125
0 0.67265625 0.87265625 0.0375 0.03125
0 0.58203125 0.92109375 0.034375 0.02578125
0 0.85859375 0.765625 0.015625 0.01796875
0 0.3890625 0.43359375 0.034375 0.0296875
0 0.65703125 0.79765625 0.03125 0.02890625
0 0.2890625 0.3296875 0.0328125 0.03203125
0 0.52890625 0.30703125 0.03046875 0.02890625
0 0.55390625 0.63671875 0.0453125 0.0421875
0 0.8390625 0.496875 0.0296875 0.03671875
0 0.66328125 0.3390625 0.0296875 0.02890625
0 0.01875 0.73359375 0.02265625 0.03046875
0 0.48984375 0.38671875 0.05703125 0.05
0 0.12890625 0.865625 0.04609375 0.04453125
0 0.896875 0.24921875 0.071875 0.08671875
0 0.94921875 0.575 0.0140625 0.01796875
0 0.4828125 0.4625 0.0203125 0.0203125
0 0.56953125 0.9578125 0.0359375 0.02109375
0 0.728125 0.7609375 0.01796875 0.0171875
0 0.59453125 0.47578125 0.0234375 0.02265625
0 0.06171875 0.3671875 0.046875 0.0515625
0 0.759375 0.50625 0.021875 0.021875
0 0.51640625 0.4046875 0.04453125 0.04296875
0 0.2921875 0.603125 0.0296875 0.028125
0 0.51328125 0.55546875 0.0234375 0.021875
0 0.259375 0.2671875 0.0859375 0.078125
0 0.7703125 0.41484375 0.0296875 0.03203125
0 0.75234375 0.9265625 0.03203125 0.02734375
0 0.6953125 0.6609375 0.02421875 0.025
0 0.634375 0.41953125 0.0296875 0.0296875
0 0.41796875 0.55078125 0.025 0.02109375
0 0.49609375 0.8 0.02421875 0.0203125
0 0.53203125 0.846875 0.02734375 0.021875
0 0.77421875 0.92109375 0.0203125 0.02109375
0 0.415625 0.496875 0.02734375 0.02421875
0 0.771875 0.31796875 0.025 0.0265625
0 0.85234375 0.71171875 0.02578125 0.02421875
0 0.19140625 0.43046875 0.02421875 0.02421875
0 0.3734375 0.48671875 0.02265625 0.02265625
0 0.57890625 0.2984375 0.0265625 0.02421875
0 0.596875 0.82265625 0.02421875 0.02109375
0 0.60234375 0.15703125 0.03515625 0.03125
0 0.38046875 0.8890625 0.040625 0.03203125
0 0.90625 0.7625 0.01484375 0.01796875
0 0.3125 0.23359375 0.03125 0.03203125
0 0.71953125 0.56640625 0.02265625 0.02265625
0 0.7375 0.075 0.03046875 0.0296875
0 0.390625 0.86015625 0.040625 0.03046875
0 0.05 0.22265625 0.04921875 0.0671875
0 0.84453125 0.81171875 0.02265625 0.0234375
0 0.16171875 0.16015625 0.0453125 0.05390625
0 0.24609375 0.4046875 0.02265625 0.0234375
0 0.5578125 0.54765625 0.02578125 0.0296875
0 0.928125 0.34765625 0.0109375 0.0140625
0 0.99609375 0.64765625 0.0078125 0.02109375
0 0.4078125 0.290625 0.0359375 0.03046875
0 0.5328125 0.98515625 0.02890625 0.0140625
0 0.04609375 0.81640625 0.0234375 0.0265625
0 0.47421875 0.971875 0.0390625 0.01640625
0 0.9078125 0.8484375 0.01796875 0.01796875
0 0.99609375 0.759375 0.0078125 0.02265625
0 0.91796875 0.64765625 0.01640625 0.02421875
0 0.928125 0.49296875 0.0125 0.015625