0 0.15546875 0.58203125 0.01328125 0.0140625
0 0.196875 0.65703125 0.0140625 0.01484375
0 0.25 0.709375 0.01953125 0.0203125
0 0.2265625 0.709375 0.0125 0.01328125
0 0.27265625 0.68828125 0.0140625 0.015625
0 0.22578125 0.7984375 0.0203125 0.02109375
0 0.2015625 0.88046875 0.015625 0.01640625
0 0.53359375 0.73359375 0.02265625 0.02265625
0 0.3546875 0.8671875 0.01328125 0.015625
0 0.35234375 0.68671875 0.0140625 0.015625
0 0.1421875 0.8921875 0.01640625 0.0171875
0 0.24296875 0.7546875 0.01171875 0.0125
0 0.3984375 0.87734375 0.01953125 0.01953125
0 0.4546875 0.92734375 0.03984375 0.0359375
0 0.39296875 0.95234375 0.03203125 0.02890625
0 0.075 0.346875 0.009375 0.0109375
0 0.4625 0.81015625 0.015625 0.01640625
0 0.04765625 0.72578125 0.01015625 0.0140625
0 0.421875 0.721875 0.01328125 0.01484375
0 0.17265625 0.30703125 0.02109375 0.0234375
0 0.196875 0.784375 0.02421875 0.025
0 0.5046875 0.83125 0.01484375 0.0171875
0 0.3015625 0.3609375 0.01015625 0.0125
0 0.2953125 0.9 0.0203125 0.01953125
0 0.27890625 0.76015625 0.01484375 0.015625
0 0.41484375 0.6890625 0.01484375 0.01796875
0 0.23671875 0.52734375 0.021875 0.0234375
0 0.3546875 0.95390625 0.02890625 0.0234375
0 0.2359375 0.9046875 0.01640625 0.01796875
0 0.16640625 0.8796875 0.015625 0.01796875
0 0.25859375 0.54609375 0.0265625 0.02734375
0 0.29765625 0.934375 0.0203125 0.0203125
0 0.4015625 0.89921875 0.01171875 0.01328125
0 0.059375 0.6640625 0.01328125 0.01875
0 0.3328125 0.87265625 0.0125 0.0140625
0 0.55078125 0.86875 0.0140625 0.015625
0 0.325 0.4859375 0.02578125 0.02734375
0 0.46171875 0.89609375 0.03046875 0.03046875
0 0.14453125 0.871875 0.01484375 0.01796875
0 0.334375 0.73828125 0.03203125 0.03359375
0 0.51953125 0.25390625 0.0296875 0.02890625
0 0.22578125 0.459375 0.0203125 0.02265625
0 0.3109375 0.8359375 0.01640625 0.0171875
0 0.3296875 0.921875 0.01171875 0.0125
0 0.5140625 0.37578125 0.0203125 0.0203125
0 0.24296875 0.43359375 0.01953125 0.021875
0 0.07109375 0.5140625 0.0125 0.01796875
0 0.33828125 0.38125 0.015625 0.0171875
1 0.578125 0.5078125 0.03984375 0.040625
0 0.290625 0.8140625 0.01171875 0.01484375
1 0.425 0.6015625 0.02265625 0.0265625
0 0.35859375 0.90703125 0.01171875 0.01328125
0 0.0515625 0.4546875 0.01171875 0.015625
0 0.51640625 0.83125 0.01953125 0.01796875
0 0.43359375 0.828125 0.01875 0.01875
0 0.4953125 0.925 0.01953125 0.01875
0 0.53984375 0.65390625 0.01640625 0.0203125
0 0.34296875 0.70390625 0.015625 0.01875
1 0.4640625 0.490625 0.02109375 0.0234375
0 0.2484375 0.96015625 0.01328125 0.0140625
0 0.1171875 0.28046875 0.0265625 0.02890625
0 0.3734375 0.68515625 0.015625 0.01796875
0 0.57421875 0.60390625 0.0203125 0.021875
1 0.56796875 0.4484375 0.02421875 0.0296875