0 0.840625 0.615625 0.0578125 0.0515625
0 0.6125 0.425 0.03515625 0.0359375
0 0.86015625 0.7765625 0.053125 0.05234375
0 0.19140625 0.54453125 0.03046875 0.034375
0 0.6359375 0.515625 0.07265625 0.071875
0 0.8625 0.37109375 0.04375 0.04609375
0 0.684375 0.6671875 0.04453125 0.04296875
0 0.09453125 0.44140625 0.040625 0.04453125
0 0.125 0.603125 0.040625 0.0390625
0 0.2015625 0.7921875 0.053125 0.0484375
0 0.23828125 0.7265625 0.0375 0.03359375
0 0.11640625 0.7375 0.03984375 0.04296875
0 0.45234375 0.42265625 0.07890625 0.0609375
0 0.96796875 0.57734375 0.02890625 0.034375
0 0.2609375 0.38203125 0.0234375 0.02421875
0 0.71796875 0.39453125 0.03125 0.03046875
0 0.675 0.58515625 0.04609375 0.046875
0 0.4734375 0.79765625 0.0515625 0.03984375
0 0.41640625 0.70078125 0.03828125 0.0328125
0 0.5140625 0.51171875 0.028125 0.028125
0 0.446875 0.4109375 0.034375 0.03203125
0 0.80625 0.5796875 0.02421875 0.025
0 0.2890625 0.88515625 0.05390625 0.040625
0 0.78046875 0.4203125 0.03828125 0.0390625
0 0.73125 0.321875 0.025 0.0265625
0 0.25703125 0.403125 0.0265625 0.0265625
0 0.95859375 0.43984375 0.03515625 0.040625
0 0.96953125 0.60859375 0.025 0.03125
0 0.83046875 0.475 0.02421875 0.025
0 0.82109375 0.7078125 0.04140625 0.0359375
0 0.28828125 0.5421875 0.07578125 0.0671875
0 0.46640625 0.646875 0.03046875 0.028125
0 0.6765625 0.88984375 0.04921875 0.04296875
0 0.0796875 0.528125 0.03046875 0.03828125
0 0.5546875 0.3578125 0.040625 0.040625
0 0.4078125 0.96484375 0.03671875 0.03828125
0 0.24765625 0.928125 0.0375 0.0296875
0 0.0875 0.815625 0.03515625 0.0390625
0 0.8265625 0.93828125 0.0578125 0.03984375
0 0.6890625 0.93828125 0.0296875 0.02265625
0 0.43203125 0.93828125 0.0390625 0.03203125
0 0.153125 0.93671875 0.028125 0.028125
0 0.740625 0.80390625 0.03046875 0.028125
0 0.4359375 0.90078125 0.03515625 0.02578125
0 0.6515625 0.9796875 0.03046875 0.021875
0 0.40703125 0.88203125 0.03515625 0.028125
0 0.7625 0.978125 0.04921875 0.02734375
0 0.54140625 0.9828125 0.03046875 0.0203125
0 0.57109375 0.740625 0.028125 0.02578125
0 0.228125 0.85625 0.03359375 0.0328125
0 0.05546875 0.740625 0.03671875 0.04375
0 0.190625 0.865625 0.03046875 0.028125
0 0.06875 0.71015625 0.03828125 0.03984375
0 0.6296875 0.8421875 0.02890625 0.025
0 0.73359375 0.65078125 0.03125 0.0296875
0 0.63515625 0.875 0.034375 0.03046875
0 0.50625 0.75703125 0.03203125 0.03125
0 0.0109375 0.5828125 0.021875 0.0265625
0 0.81171875 0.67578125 0.025 0.02578125
0 0.91328125 0.67421875 0.02265625 0.02734375
0 0.6765625 0.7203125 0.0265625 0.0265625
0 0.79921875 0.7515625 0.02890625 0.02734375
0 0.9453125 0.6265625 0.03359375 0.040625
0 0.778125 0.671875 0.0203125 0.02265625
0 0.8546875 0.4734375 0.028125 0.028125
0 0.1984375 0.6484375 0.0265625 0.0265625
0 0.39453125 0.315625 0.0296875 0.0328125
0 0.23828125 0.46484375 0.03203125 0.03359375
0 0.60078125 0.7171875 0.02578125 0.02421875
0 0.38359375 0.521875 0.0265625 0.02578125
0 0.3484375 0.7390625 0.03359375 0.0296875
0 0.01875 0.5 0.02734375 0.0421875
0 0.41796875 0.846875 0.046875 0.0359375
0 0.44140625 0.53125 0.03671875 0.03359375
0 0.87734375 0.44375 0.021875 0.0234375
0 0.309375 0.6203125 0.0421875 0.03828125
0 0.54453125 0.7171875 0.02109375 0.0203125
0 0.5203125 0.6453125 0.02578125 0.02578125
0 0.9359375 0.48515625 0.03203125 0.0375
0 0.6046875 0.5609375 0.034375 0.03515625
0 0.55390625 0.64765625 0.03046875 0.028125
0 0.6 0.64765625 0.02265625 0.02265625
0 0.884375 0.559375 0.04140625 0.04375
0 0.7515625 0.64375 0.0453125 0.040625
0 0.5578125 0.45 0.03046875 0.02890625
0 0.63359375 0.7734375 0.0390625 0.0359375
0 0.98125 0.4015625 0.0265625 0.03046875
0 0.6359375 0.71796875 0.0234375 0.02265625
0 0.86015625 0.265625 0.03359375 0.03671875
0 0.415625 0.571875 0.02890625 0.02734375
0 0.34765625 0.6046875 0.01953125 0.01953125
0 0.3890625 0.240625 0.0328125 0.03203125
0 0.98203125 0.778125 0.0265625 0.03359375
0 0.45078125 0.63203125 0.02578125 0.0265625
0 0.2703125 0.1734375 0.0328125 0.0328125
0 0.353125 0.54296875 0.0265625 0.02578125
0 0.4734375 0.92265625 0.046875 0.03515625
0 0.46484375 0.60859375 0.0421875 0.03828125
0 0.89375 0.33359375 0.02109375 0.02421875
0 0.7328125 0.45390625 0.02421875 0.02421875
0 0.62890625 0.89140625 0.02890625 0.025
0 0.715625 0.61484375 0.02734375 0.02734375
0 0.72734375 0.50546875 0.03359375 0.03359375
0 0.340625 0.50859375 0.040625 0.0328125
0 0.3578125 0.31875 0.053125 0.053125
0 0.5890625 0.36875 0.02734375 0.028125
0 0.80859375 0.37421875 0.01875 0.0203125
0 0.63984375 0.65859375 0.05625 0.05546875
0 0.0984375 0.271875 0.0328125 0.03203125
0 0.08984375 0.31796875 0.01796875 0.01796875
0 0.08828125 0.90390625 0.04140625 0.0390625
0 0.8 0.3046875 0.0375 0.04140625
0 0.55234375 0.153125 0.02734375 0.021875
0 0.91171875 0.88984375 0.05234375 0.04921875
0 0.271875 0.31640625 0.05078125 0.05234375
0 0.17734375 0.38125 0.02109375 0.02421875
0 0.5234375 0.58125 0.04453125 0.04296875
0 0.565625 0.3015625 0.0265625 0.025
0 0.753125 0.2125 0.03515625 0.03359375
0 0.69375 0.965625 0.02734375 0.0203125
0 0.3265625 0.2921875 0.02578125 0.02734375
0 0.503125 0.2546875 0.03828125 0.03671875
0 0.59453125 0.14375 0.02734375 0.021875
0 0.7703125 0.30625 0.04375 0.0453125
0 0.225 0.3734375 0.0421875 0.05234375
0 0.365625 0.45234375 0.03125 0.0296875
0 0.31796875 0.4546875 0.0546875 0.04765625
0 0.56015625 0.21640625 0.0390625 0.03046875
0 0.459375 0.35390625 0.02890625 0.0234375
0 0.3984375 0.75078125 0.06171875 0.0578125
0 0.1640625 0.40703125 0.06328125 0.06484375
0 0.31953125 0.37578125 0.021875 0.02109375
0 0.58046875 0.5484375 0.0203125 0.0203125