0 0.128125 0.56171875 0.02734375 0.03359375
0 0.209375 0.55625 0.02734375 0.03046875
0 0.54765625 0.26640625 0.0296875 0.02734375
0 0.63359375 0.20546875 0.0375 0.02890625
0 0.2453125 0.3171875 0.03125 0.0328125
0 0.48046875 0.346875 0.0375 0.03671875
0 0.38984375 0.14921875 0.03984375 0.03125
0 0.63828125 0.284375 0.0328125 0.028125
0 0.525 0.2953125 0.040625 0.0328125
0 0.69453125 0.59609375 0.0328125 0.02890625
0 0.771875 0.2140625 0.040625 0.03203125
0 0.5453125 0.6203125 0.046875 0.03515625
0 0.47421875 0.3765625 0.0296875 0.0265625
0 0.68125 0.38984375 0.04609375 0.04375
0 0.721875 0.32265625 0.025 0.0234375
0 0.76875 0.2671875 0.03515625 0.02890625
0 0.31328125 0.3359375 0.03984375 0.03671875
0 0.6515625 0.16640625 0.0296875 0.0234375
0 0.19375 0.50703125 0.0296875 0.0265625
0 0.31484375 0.1703125 0.0234375 0.0203125
0 0.3453125 0.27421875 0.02734375 0.02734375
0 0.15625 0.2203125 0.03203125 0.03203125
0 0.6671875 0.21171875 0.028125 0.02109375
0 0.4953125 0.4265625 0.03515625 0.03359375
0 0.478125 0.22890625 0.02578125 0.02109375
0 0.42421875 0.63984375 0.03515625 0.0328125
0 0.6234375 0.359375 0.0328125 0.02734375
0 0.7 0.43984375 0.0296875 0.0265625
0 0.14609375 0.53203125 0.02578125 0.02890625
0 0.6234375 0.13125 0.0484375 0.0375
0 0.77890625 0.3953125 0.0296875 0.02890625
0 0.32890625 0.38125 0.02734375 0.02890625
0 0.45546875 0.63828125 0.0296875 0.0296875
0 0.72734375 0.496875 0.03046875 0.03203125
0 0.6734375 0.48671875 0.02734375 0.02578125
0 0.8046875 0.33125 0.03828125 0.04140625
0 0.16484375 0.259375 0.02734375 0.028125
0 0.584375 0.47578125 0.0234375 0.021875
0 0.209375 0.4046875 0.03359375 0.03515625
0 0.49609375 0.390625 0.028125 0.02734375
0 0.5203125 0.553125 0.034375 0.02890625
0 0.64140625 0.3359375 0.02265625 0.0203125
0 0.8234375 0.56796875 0.03359375 0.028125
0 0.5828125 0.1453125 0.0390625 0.02890625
0 0.4921875 0.140625 0.02734375 0.025
0 0.340625 0.45703125 0.03515625 0.03203125
0 0.584375 0.30234375 0.0203125 0.01796875
0 0.19140625 0.34765625 0.03203125 0.03125
0 0.265625 0.2203125 0.04453125 0.034375
0 0.675 0.690625 0.04296875 0.03828125
0 0.65 0.36640625 0.025 0.0234375
0 0.8890625 0.3734375 0.02734375 0.03203125
0 0.63359375 0.18125 0.025 0.01953125
0 0.90703125 0.3984375 0.028125 0.03125
0 0.11640625 0.61015625 0.053125 0.06015625
0 0.9390625 0.3546875 0.0234375 0.03359375
0 0.84375 0.24765625 0.0234375 0.021875
0 0.68359375 0.27109375 0.04453125 0.03984375
0 0.3171875 0.31171875 0.02265625 0.021875
0 0.27890625 0.5140625 0.040625 0.04296875
0 0.93515625 0.49140625 0.021875 0.02265625
0 0.37890625 0.3984375 0.04609375 0.04140625
0 0.2984375 0.403125 0.0328125 0.0328125
0 0.7625 0.51875 0.0375 0.034375
0 0.8078125 0.49375 0.04609375 0.04921875
0 0.321875 0.07578125 0.0328125 0.02265625
0 0.56328125 0.42421875 0.04140625 0.02890625
0 0.4296875 0.265625 0.03125 0.02734375
0 0.86640625 0.471875 0.04140625 0.04921875
0 0.58984375 0.253125 0.01875 0.01640625
0 0.28828125 0.11171875 0.02734375 0.01640625
0 0.10234375 0.4484375 0.01875 0.02265625
0 0.4421875 0.528125 0.03984375 0.03984375
0 0.5796875 0.5125 0.03984375 0.040625
0 0.5 0.0875 0.05 0.02890625
0 0.91171875 0.28671875 0.025 0.02734375
0 0.4765625 0.46015625 0.03359375 0.03359375
0 0.21875 0.6265625 0.02578125 0.0265625
0 0.6375 0.65 0.071875 0.0421875
0 0.74296875 0.18515625 0.015625 0.01484375
0 0.32265625 0.62265625 0.05859375 0.04609375
0 0.21796875 0.509375 0.02421875 0.0265625
0 0.9109375 0.5796875 0.0296875 0.03046875
0 0.2375 0.45859375 0.0203125 0.028125