0 0.559375 0.39609375 0.01328125 0.0140625
0 0.65546875 0.534375 0.01796875 0.01796875
0 0.60234375 0.53046875 0.01328125 0.0140625
0 0.296875 0.31484375 0.01484375 0.0140625
0 0.6796875 0.42890625 0.015625 0.01484375
0 0.39921875 0.4765625 0.01875 0.01875
0 0.48671875 0.4375 0.01953125 0.01875
0 0.48359375 0.59296875 0.0125 0.0125
0 0.3859375 0.24765625 0.01484375 0.01328125
0 0.70078125 0.3859375 0.01875 0.01875
0 0.453125 0.28828125 0.015625 0.01484375
0 0.74296875 0.43203125 0.015625 0.0171875
0 0.68515625 0.54375 0.02109375 0.021875
0 0.81640625 0.603125 0.0109375 0.01328125
0 0.6375 0.325 0.02265625 0.02109375
0 0.2640625 0.590625 0.01953125 0.01796875
0 0.69453125 0.29375 0.03125 0.0328125
0 0.17265625 0.33984375 0.0140625 0.015625
0 0.6265625 0.4984375 0.0171875 0.01796875
0 0.71953125 0.32890625 0.03046875 0.03046875
0 0.84375 0.653125 0.0125 0.01640625
0 0.8640625 0.67109375 0.0125 0.01640625
0 0.65546875 0.40078125 0.01640625 0.0171875
0 0.2515625 0.60234375 0.0203125 0.01953125
0 0.39765625 0.56875 0.01328125 0.0140625
0 0.128125 0.3453125 0.0140625 0.01484375
0 0.6078125 0.4515625 0.01796875 0.01875
0 0.7671875 0.46796875 0.01484375 0.01953125
0 0.8390625 0.58828125 0.01328125 0.015625
0 0.7515625 0.4921875 0.0140625 0.015625
0 0.58359375 0.5625 0.0140625 0.01484375
0 0.871875 0.6359375 0.0125 0.0140625
0 0.40703125 0.596875 0.01953125 0.0203125
0 0.57734375 0.26640625 0.01796875 0.01875
0 0.21171875 0.2765625 0.01875 0.01796875
0 0.54375 0.72734375 0.03125 0.0296875
0 0.87578125 0.5890625 0.01796875 0.02421875
0 0.62421875 0.43671875 0.0203125 0.02109375
0 0.8546875 0.57734375 0.01640625 0.02109375
0 0.30390625 0.346875 0.025 0.0234375
0 0.365625 0.64140625 0.04765625 0.04140625
0 0.515625 0.45 0.0234375 0.02265625
0 0.5203125 0.7140625 0.02421875 0.0234375
1 0.88515625 0.66796875 0.01640625 0.0203125
0 0.8140625 0.45 0.02890625 0.03359375
0 0.21640625 0.32578125 0.025 0.02421875
0 0.553125 0.57578125 0.0265625 0.02265625
1 0.86796875 0.5375 0.02109375 0.025
0 0.19453125 0.275 0.0171875 0.01640625
0 0.87109375 0.69921875 0.0265625 0.03515625
0 0.790625 0.565625 0.0125 0.01484375
0 0.5546875 0.6984375 0.0234375 0.02265625
0 0.81171875 0.5359375 0.02265625 0.02734375
0 0.59921875 0.2671875 0.03125 0.028125
0 0.625 0.471875 0.02890625 0.0265625
0 0.88828125 0.64609375 0.01484375 0.01796875
0 0.51875 0.2171875 0.0359375 0.0296875
0 0.7671875 0.55390625 0.0203125 0.02265625
0 0.1859375 0.42265625 0.02890625 0.02578125
0 0.51640625 0.29921875 0.0296875 0.0234375
0 0.40390625 0.3734375 0.02734375 0.02734375
0 0.55390625 0.4515625 0.03046875 0.028125
0 0.05859375 0.3640625 0.01875 0.01875
0 0.72109375 0.77421875 0.0359375 0.0375
0 0.54765625 0.18359375 0.028125 0.021875
0 0.7171875 0.60859375 0.0265625 0.02734375
0 0.6359375 0.7640625 0.03828125 0.0359375
0 0.44453125 0.16796875 0.04375 0.03515625
0 0.4984375 0.19140625 0.03046875 0.025
0 0.2671875 0.69375 0.02578125 0.025
0 0.25859375 0.29609375 0.0125 0.01171875
0 0.434375 0.3671875 0.025 0.0234375
1 0.65703125 0.31953125 0.025 0.0234375
0 0.47578125 0.3140625 0.0265625 0.0234375
0 0.5609375 0.775 0.03359375 0.03046875
0 0.55625 0.534375 0.0265625 0.02578125
0 0.79375 0.61796875 0.02265625 0.02578125
0 0.4640625 0.70234375 0.04609375 0.0421875
0 0.60859375 0.68046875 0.0375 0.034375
0 0.296875 0.72890625 0.028125 0.025
0 0.51171875 0.584375 0.02890625 0.02734375
0 0.7421875 0.64375 0.028125 0.028125
0 0.6453125 0.64453125 0.0328125 0.03046875
0 0.36875 0.37421875 0.03515625 0.03359375
0 0.3421875 0.2734375 0.03203125 0.028125
0 0.46796875 0.75 0.034375 0.03125
0 0.528125 0.409375 0.03359375 0.03359375
0 0.746875 0.55078125 0.02890625 0.03125
0 0.6203125 0.3953125 0.034375 0.03125
0 0.5078125 0.6578125 0.0421875 0.03515625
0 0.659375 0.3734375 0.01328125 0.01328125
0 0.53671875 0.1578125 0.05 0.034375
0 0.7796875 0.72265625 0.01328125 0.015625
0 0.81328125 0.70390625 0.028125 0.028125
0 0.2328125 0.6953125 0.025 0.02421875
0 0.7078125 0.49375 0.03125 0.03125
0 0.52421875 0.5046875 0.02890625 0.028125
0 0.68203125 0.86640625 0.0296875 0.02734375
0 0.2921875 0.3984375 0.040625 0.0359375
0 0.7078125 0.5453125 0.0390625 0.03828125
1 0.746875 0.878125 0.01640625 0.01953125
1 0.80625 0.859375 0.02734375 0.03125
1 0.8953125 0.7359375 0.02734375 0.0359375
0 0.21640625 0.2265625 0.01015625 0.009375
0 0.43515625 0.08046875 0.046875 0.03046875
0 0.61875 0.82578125 0.0453125 0.03984375
0 0.6921875 0.71484375 0.04375 0.03984375
0 0.440625 0.1109375 0.0359375 0.02578125
0 0.6515625 0.26015625 0.03359375 0.03046875
0 0.4734375 0.2484375 0.0546875 0.04921875
0 0.72734375 0.4546875 0.01640625 0.01484375
0 0.359375 0.88125 0.025 0.03046875
0 0.590625 0.4234375 0.03515625 0.03359375
0 0.23515625 0.1875 0.0234375 0.021875
0 0.78828125 0.81015625 0.0265625 0.02734375
0 0.68671875 0.85078125 0.0359375 0.03046875
1 0.55703125 0.83671875 0.02109375 0.0203125
0 0.3265625 0.23515625 0.0375 0.03125
1 0.83046875 0.8 0.025 0.0296875
0 0.7046875 0.80390625 0.0296875 0.0296875
0 0.37265625 0.1546875 0.01015625 0.00859375
0 0.68125 0.76328125 0.04609375 0.04375
0 0.75390625 0.5875 0.03671875 0.0359375
1 0.77421875 0.7703125 0.03125 0.0296875
0 0.33125 0.1609375 0.00859375 0.0078125
1 0.41875 0.1421875 0.02578125 0.01796875
1 0.29140625 0.1828125 0.0171875 0.0171875
1 0.8046875 0.71328125 0.0171875 0.0203125
1 0.1484375 0.66015625 0.03203125 0.0265625
0 0.38359375 0.71328125 0.06328125 0.05234375
1 0.29921875 0.08125 0.0203125 0.015625
1 0.8484375 0.7984375 0.01328125 0.0171875
1 0.4234375 0.8703125 0.01484375 0.0140625
1 0.85859375 0.72421875 0.02890625 0.040625
0 0.52734375 0.33984375 0.06328125 0.05625
0 0.103125 0.56328125 0.04921875 0.0546875
1 0.1 0.25 0.02265625 0.01875
0 0.4875 0.5421875 0.04453125 0.0390625
0 0.603125 0.3515625 0.04375 0.0453125
0 0.4046875 0.534375 0.01875 0.01953125
0 0.4125 0.09921875 0.0171875 0.01328125
0 0.42421875 0.44921875 0.06953125 0.06484375
1 0.4984375 0.84453125 0.01328125 0.01640625