0 0.0875 0.103125 0.03125 0.03125
0 0.07578125 0.13671875 0.04375 0.04375
0 0.1046875 0.30625 0.034375 0.0328125
0 0.12265625 0.259375 0.0265625 0.0265625
0 0.05546875 0.4546875 0.1109375 0.125
0 0.1234375 0.75625 0.0609375 0.059375
0 0.2171875 0.10703125 0.03125 0.03125
0 0.2796875 0.19375 0.03125 0.03125
0 0.28359375 0.35078125 0.03125 0.03125
0 0.60546875 0.4890625 0.0265625 0.0265625
0 0.646875 0.52421875 0.028125 0.028125
0 0.6078125 0.8015625 0.04375 0.04375
0 0.55859375 0.8328125 0.040625 0.040625
0 0.6421875 0.95703125 0.04375 0.04375
0 0.71875 0.96875 0.034375 0.034375
0 0.375 0.9078125 0.0265625 0.0265625
0 0.3171875 0.96484375 0.0296875 0.0296875
0 0.00234375 0.00234375 0.0015625 0.0015625
0 0.55078125 0.09609375 0.0265625 0.0265625
0 0.571875 0.084375 0.025 0.025
0 0.5984375 0.103125 0.034375 0.034375
0 0.61640625 0.1359375 0.040625 0.040625
0 0.67421875 0.04921875 0.034375 0.034375
0 0.6875 0.0296875 0.0296875 0.0296875
0 0.68125 0.0171875 0.025 0.025
0 0.665625 0.00703125 0.025 0.0140625
0 0.865625 0.29296875 0.0296875 0.0296875
0 0.86875 0.3484375 0.0296875 0.0296875
0 0.33984375 0.94921875 0.034375 0.034375
0 0.5421875 0.63359375 0.228125 0.228125
0 0.8125 0.64765625 0.1546875 0.153125