0 0.9515625 0.24765625 0.0453125 0.034375
0 0.38828125 0.2359375 0.4859375 0.35625
0 0.27890625 0.50390625 0.0703125 0.0515625
0 0.25625 0.53984375 0.0390625 0.028125
0 0.14765625 0.4421875 0.0875 0.065625
0 0.22109375 0.38828125 0.1453125 0.10625
0 0.05390625 0.5625 0.05625 0.0390625
0 0.196875 0.84375 0.1875 0.134375
0 0.2359375 0.459375 0.084375 0.0609375
0 0.80625 0.59765625 0.115625 0.084375
0 0.7140625 0.540625 0.1375 0.0984375
0 0.85234375 0.2984375 0.034375 0.0234375
0 0.42890625 0.84765625 0.0578125 0.040625
0 0.62890625 0.88125 0.178125 0.128125