0 0.15625 0.453125 0.0359375 0.0359375
0 0.1453125 0.553125 0.040625 0.040625
0 0.27421875 0.0921875 0.0765625 0.0765625
0 0.56796875 0.01171875 0.0421875 0.0234375
0 0.821875 0.1234375 0.0296875 0.0296875
0 0.06875 0.2875 0.0265625 0.0265625
0 0.10703125 0.40859375 0.0296875 0.0265625
0 0.67421875 0.61875 0.0484375 0.0484375
0 0.9890625 0.61328125 0.021875 0.03125
0 0.9328125 0.09609375 0.0265625 0.0265625
0 0.9828125 0.790625 0.03125 0.03125
0 0.56953125 0.86875 0.0359375 0.0359375
0 0.56484375 0.6984375 0.0359375 0.0359375
0 0.55859375 0.6765625 0.0453125 0.0453125
0 0.5375 0.6359375 0.04375 0.04375
0 0.47265625 0.821875 0.0265625 0.0265625
0 0.68984375 0.8234375 0.0359375 0.0359375
0 0.66796875 0.8578125 0.0453125 0.04375
0 0.321875 0.75 0.1140625 0.1109375
0 0.40390625 0.828125 0.0296875 0.0296875
0 0.44921875 0.88828125 0.04375 0.04375
0 0.0171875 0.9578125 0.034375 0.034375
0 0.0171875 0.93125 0.0296875 0.0296875