0 0.19921875 0.80625 0.2671875 0.2640625
0 0.31484375 0.7640625 0.1015625 0.1015625
0 0.3921875 0.83515625 0.1078125 0.1078125
0 0.009375 0.65390625 0.01875 0.0359375
0 0.18125 0.1203125 0.084375 0.084375
0 0.1875 0.18984375 0.1421875 0.1390625
0 0.50390625 0.49140625 0.240625 0.2390625
0 0.25390625 0.353125 0.034375 0.0328125
0 0.48671875 0.2859375 0.028125 0.0296875
0 0.515625 0.19140625 0.096875 0.09375
0 0.45703125 0.12734375 0.0890625 0.0875
0 0.17578125 0.30078125 0.04375 0.04375
0 0.29296875 0.3765625 0.04375 0.04375
0 0.7796875 0.5984375 0.134375 0.1328125
0 0.6828125 0.634375 0.0828125 0.0828125
0 0.828125 0.82109375 0.0484375 0.0484375
0 0.8921875 0.44375 0.0359375 0.034375
0 0.85 0.4703125 0.0296875 0.0265625
0 0.72734375 0.40234375 0.028125 0.0296875
0 0.7078125 0.44453125 0.040625 0.040625
0 0.69921875 0.3765625 0.0484375 0.0453125
0 0.946875 0.18515625 0.0453125 0.0453125
0 0.9265625 0.0625 0.0265625 0.0265625
0 0.9109375 0.04453125 0.0296875 0.0296875
0 0.90625 0.0734375 0.1875 0.146875
0 0.74140625 0.18125 0.0578125 0.0578125
0 0.73671875 0.2453125 0.0484375 0.0484375
0 0.396875 0.0375 0.034375 0.034375
0 0.09609375 0.07421875 0.040625 0.040625