0 0.00234375 0.00234375 0.0015625 0.0015625
0 0.734375 0.7234375 0.034375 0.03125
0 0.5328125 0.94921875 0.05625 0.0484375
0 0.5 0.875 0.0578125 0.0515625
0 0.5671875 0.84765625 0.0671875 0.0578125
0 0.5734375 0.890625 0.0671875 0.0578125
0 0.0203125 0.9328125 0.03125 0.0296875
0 0.23828125 0.92890625 0.0984375 0.0875
0 0.34140625 0.7703125 0.0796875 0.0703125
0 0.3125 0.72734375 0.084375 0.075
0 0.58984375 0.75859375 0.03125 0.028125
0 0.64921875 0.875 0.065625 0.0578125
0 0.421875 0.75390625 0.0359375 0.03125
0 0.453125 0.72578125 0.0609375 0.053125
0 0.64765625 0.79453125 0.040625 0.0359375
0 0.61171875 0.8125 0.04375 0.0390625
0 0.23046875 0.375 0.15 0.1296875
0 0.39296875 0.271875 0.04375 0.0390625
0 0.79921875 0.43359375 0.09375 0.0828125
0 0.81484375 0.509375 0.040625 0.0359375
0 0.8609375 0.21640625 0.0359375 0.03125
0 0.521875 0.6703125 0.0359375 0.03125
0 0.2125 0.05390625 0.0515625 0.04375
0 0.2984375 0.0765625 0.0328125 0.028125