0 0.8640625 0.55078125 0.0265625 0.0265625
0 0.853125 0.53515625 0.0390625 0.0390625
0 0.92890625 0.43359375 0.0265625 0.0265625
0 0.84375 0.2359375 0.0296875 0.0296875
0 0.3734375 0.23828125 0.0625 0.0625
0 0.55390625 0.47578125 0.028125 0.0296875
0 0.334375 0.5296875 0.0234375 0.025
0 0.26796875 0.43125 0.0390625 0.0390625
0 0.0984375 0.484375 0.034375 0.034375
0 0.02734375 0.2703125 0.040625 0.040625
0 0.2546875 0.1890625 0.0390625 0.0390625
0 0.2703125 0.29296875 0.04375 0.04375
0 0.31015625 0.31953125 0.03125 0.03125
0 0.2453125 0.22734375 0.0390625 0.0390625
0 0.27421875 0.203125 0.03125 0.03125
0 0.07578125 0.16796875 0.0265625 0.0265625
0 0.1234375 0.77421875 0.0265625 0.0265625
0 0.06875 0.86796875 0.05625 0.05625
0 0.56484375 0.9640625 0.040625 0.040625
0 0.3125 0.7015625 0.034375 0.034375
0 0.28125 0.6 0.0390625 0.0390625
0 0.71171875 0.94609375 0.0515625 0.0515625
0 0.678125 0.984375 0.034375 0.03125
0 0.821875 0.97109375 0.0296875 0.0296875
0 0.89765625 0.66796875 0.0359375 0.0359375
0 0.16796875 0.7609375 0.034375 0.034375