0 0.0015625 0.0015625 0.003125 0.003125
0 0.8234375 0.77890625 0.0578125 0.04375
0 0.97734375 0.77734375 0.03125 0.025
0 0.1984375 0.27890625 0.040625 0.03125
0 0.56875 0.2640625 0.246875 0.1875
0 0.834375 0.3171875 0.05625 0.04375
0 0.85546875 0.225 0.2671875 0.2046875
0 0.81875 0.0640625 0.2546875 0.128125
0 0.7015625 0.12890625 0.090625 0.0703125
0 0.5265625 0.03515625 0.1375 0.0703125
0 0.9625 0.41328125 0.0390625 0.0296875
0 0.8390625 0.4 0.2359375 0.1796875
0 0.1859375 0.4859375 0.16875 0.1296875
0 0.3640625 0.6765625 0.034375 0.0265625
0 0.34609375 0.51328125 0.040625 0.03125
0 0.3796875 0.49140625 0.0359375 0.0265625
0 0.446875 0.83203125 0.034375 0.0265625
0 0.48671875 0.43046875 0.0359375 0.0265625
0 0.640625 0.540625 0.03125 0.025
0 0.00078125 0.0015625 0.0015625 0.0015625