0 0.13203125 0.8578125 0.0484375 0.04375
0 0.19453125 0.759375 0.3890625 0.3796875
0 0.5328125 0.79453125 0.0765625 0.0671875
0 0.5609375 0.86875 0.0828125 0.075
0 0.615625 0.834375 0.065625 0.0578125
0 0.625 0.91796875 0.04375 0.0390625
0 0.66953125 0.94140625 0.0578125 0.0515625
0 0.71640625 0.94375 0.0671875 0.0609375
0 0.890625 0.9515625 0.0515625 0.04375
0 0.9671875 0.81015625 0.0484375 0.04375
0 0.9203125 0.81875 0.0671875 0.0609375
0 0.8890625 0.85546875 0.0359375 0.03125
0 0.8125 0.76953125 0.0921875 0.0828125
0 0.76953125 0.9171875 0.053125 0.0484375
0 0.73203125 0.89765625 0.0875 0.0765625
0 0.67578125 0.87734375 0.0984375 0.0875
0 0.4546875 0.91484375 0.0453125 0.040625
0 0.94921875 0.6265625 0.05625 0.0515625
0 0.80546875 0.1890625 0.0453125 0.040625
0 0.72109375 0.2234375 0.065625 0.0578125
0 0.775 0.50390625 0.0484375 0.04375
0 0.90625 0.51953125 0.0625 0.05625
0 0.74296875 0.61328125 0.0515625 0.0453125
0 0.65390625 0.709375 0.0515625 0.0453125
0 0.48828125 0.60546875 0.0296875 0.0265625
0 0.4265625 0.6453125 0.04375 0.0390625
0 0.30390625 0.5421875 0.1375 0.1234375
0 0.52265625 0.4484375 0.040625 0.0359375
0 0.62734375 0.5609375 0.034375 0.03125
0 0.678125 0.56015625 0.053125 0.0453125
0 0.67578125 0.5984375 0.071875 0.0625
0 0.68359375 0.65 0.084375 0.075
0 0.7640625 0.43359375 0.0359375 0.03125
0 0.62109375 0.3890625 0.04375 0.0390625
0 0.59140625 0.36640625 0.0390625 0.0359375
0 0.46015625 0.41953125 0.0390625 0.034375
0 0.4703125 0.23671875 0.040625 0.0359375
0 0.61796875 0.20078125 0.034375 0.03125
0 0.803125 0.13125 0.034375 0.0296875
0 0.51171875 0.02265625 0.034375 0.0296875
0 0.33203125 0.0265625 0.0515625 0.0453125
0 0.328125 0.15 0.2234375 0.196875
0 0.25390625 0.3375 0.0296875 0.0265625
0 0.1234375 0.38359375 0.084375 0.075
0 0.10546875 0.12734375 0.2109375 0.2546875
0 0.32421875 0.32109375 0.0578125 0.0515625