0 0.2296875 0.0890625 0.2328125 0.178125
0 0.0015625 0.00234375 0.003125 0.003125
0 0.02265625 0.03984375 0.03125 0.0265625
0 0.80078125 0.2875 0.0828125 0.0671875
0 0.75 0.3109375 0.0921875 0.0765625
0 0.640625 0.234375 0.0515625 0.04375
0 0.5921875 0.2203125 0.059375 0.0515625
0 0.51796875 0.2234375 0.040625 0.034375
0 0.61328125 0.38828125 0.0296875 0.0234375
0 0.45078125 0.3265625 0.0296875 0.0234375
0 0.37734375 0.50625 0.03125 0.0265625
0 0.12890625 0.42578125 0.0453125 0.0390625
0 0.12890625 0.2234375 0.21875 0.1828125
0 0.05390625 0.48828125 0.040625 0.0359375
0 0.040625 0.55546875 0.034375 0.028125
0 0.2015625 0.75390625 0.0359375 0.0296875
0 0.28359375 0.8546875 0.0484375 0.0390625
0 0.16796875 0.790625 0.0359375 0.028125
0 0.12109375 0.85 0.040625 0.034375
0 0.20703125 0.86796875 0.0484375 0.040625
0 0.43671875 0.98515625 0.0359375 0.0296875
0 0.06484375 0.78515625 0.0359375 0.03125