0 0.76953125 0.98046875 0.0515625 0.0390625
0 0.1203125 0.44375 0.0546875 0.0515625
0 0.10546875 0.50859375 0.071875 0.065625
0 0.021875 0.56484375 0.04375 0.0453125
0 0.26328125 0.3890625 0.0359375 0.03125
0 0.21640625 0.3890625 0.065625 0.0578125
0 0.0375 0.803125 0.040625 0.0359375
0 0.0453125 0.7609375 0.0875 0.0765625
0 0.2390625 0.66484375 0.0453125 0.040625
0 0.13359375 0.95546875 0.0609375 0.05625
0 0.41015625 0.68046875 0.0390625 0.0359375
0 0.80859375 0.790625 0.0921875 0.084375
0 0.8578125 0.8640625 0.040625 0.0390625
0 0.6671875 0.79921875 0.0390625 0.034375
0 0.640625 0.8328125 0.04375 0.0390625
0 0.6625 0.6875 0.0703125 0.0625
0 0.65625 0.66015625 0.0609375 0.05625
0 0.65625 0.634375 0.0390625 0.0359375
0 0.6859375 0.765625 0.034375 0.03125
0 0.7234375 0.89453125 0.040625 0.0390625
0 0.87890625 0.93046875 0.075 0.0671875
0 0.896875 0.86328125 0.0625 0.0578125
0 0.93125 0.896875 0.0625 0.0578125
0 0.1671875 0.7953125 0.0328125 0.03125
0 0.58515625 0.4625 0.1296875 0.11875
0 0.5640625 0.5609375 0.028125 0.0265625
0 0.8640625 0.6078125 0.0671875 0.0625
0 0.959375 0.45703125 0.0390625 0.0359375
0 0.9203125 0.37109375 0.0625 0.0578125
0 0.86875 0.34609375 0.05625 0.0515625
0 0.7921875 0.36171875 0.084375 0.0765625
0 0.81875 0.3234375 0.0484375 0.04375
0 0.83203125 0.4015625 0.034375 0.0296875
0 0.7765625 0.40390625 0.034375 0.0296875
0 0.72578125 0.44140625 0.028125 0.0265625
0 0.7015625 0.3015625 0.10625 0.096875
0 0.6859375 0.29921875 0.028125 0.0265625
0 0.80546875 0.2453125 0.04375 0.040625
0 0.62890625 0.3484375 0.034375 0.03125
0 0.6921875 0.171875 0.053125 0.0484375
0 0.66953125 0.19375 0.028125 0.0265625
0 0.5453125 0.20546875 0.1203125 0.1109375
0 0.46484375 0.20546875 0.096875 0.0875
0 0.18515625 0.0265625 0.1109375 0.053125
0 0.0609375 0.0671875 0.0671875 0.0609375
0 0.05390625 0.13359375 0.0609375 0.05625
0 0.025 0.14609375 0.05 0.0890625
0 0.13203125 0.15625 0.0625 0.0578125
0 0.12890625 0.11640625 0.04375 0.0390625
0 0.03125 0.2171875 0.0390625 0.034375
0 0.0109375 0.27421875 0.021875 0.03125
0 0.14453125 0.2515625 0.0359375 0.03125
0 0.1234375 0.29453125 0.040625 0.0359375
0 0.2484375 0.10546875 0.04375 0.040625
0 0.26171875 0.1453125 0.040625 0.0359375
0 0.046875 0.553125 0.0671875 0.059375
0 0.6234375 0.73671875 0.03125 0.028125