0 0.00234375 0.0015625 0.003125 0.003125
0 0.0015625 0.0015625 0.0015625 0.0015625
0 0.15390625 0.96640625 0.0328125 0.03125
0 0.4640625 0.884375 0.034375 0.03125
0 0.16953125 0.82421875 0.0296875 0.0296875
0 0.21015625 0.8234375 0.0625 0.059375
0 0.15390625 0.76171875 0.3078125 0.3125
0 0.36875 0.9203125 0.0484375 0.0453125
0 0.3328125 0.71640625 0.0890625 0.0875
0 0.3296875 0.771875 0.0328125 0.03125
0 0.46640625 0.83515625 0.0390625 0.0359375
0 0.51796875 0.765625 0.0265625 0.0265625
0 0.51796875 0.85703125 0.128125 0.121875
0 0.5015625 0.70703125 0.0296875 0.0265625
0 0.70546875 0.9234375 0.0390625 0.0390625
0 0.70546875 0.9578125 0.03125 0.03125
0 0.74140625 0.8609375 0.090625 0.0890625
0 0.81953125 0.90625 0.04375 0.040625
0 0.91015625 0.5984375 0.04375 0.040625
0 0.88203125 0.73203125 0.05625 0.053125
0 0.90625 0.7984375 0.034375 0.03125
0 0.98046875 0.2515625 0.0390625 0.0359375
0 0.5796875 0.33515625 0.0984375 0.09375
0 0.60546875 0.23671875 0.03125 0.0296875
0 0.32109375 0.51328125 0.0578125 0.05625
0 0.50859375 0.5765625 0.040625 0.040625
0 0.4703125 0.55546875 0.0578125 0.0546875
0 0.3234375 0.3734375 0.0453125 0.04375
0 0.3328125 0.46640625 0.0609375 0.0578125
0 0.27734375 0.5140625 0.2546875 0.2453125
0 0.296875 0.41953125 0.053125 0.0515625
0 0.5359375 0.38828125 0.3328125 0.3171875
0 0.5453125 0.4046875 0.065625 0.0625
0 0.22265625 0.334375 0.0390625 0.0359375
0 0.5765625 0.11796875 0.0484375 0.0453125
0 0.77421875 0.06640625 0.04375 0.040625
0 0.8015625 0.2015625 0.034375 0.03125
0 0.81484375 0.46484375 0.03125 0.0296875
0 0.73671875 0.08203125 0.0265625 0.025
0 0.81640625 0.040625 0.0453125 0.0453125
0 0.646875 0.009375 0.034375 0.01875
0 0.7234375 0.08046875 0.0625 0.059375
0 0.084375 0.3234375 0.0625 0.0578125
0 0.15859375 0.33984375 0.065625 0.0625
0 0.05078125 0.4703125 0.0578125 0.05625
0 0.0734375 0.43125 0.03125 0.03125
0 0.1390625 0.25625 0.034375 0.0328125
0 0.27890625 0.2796875 0.1203125 0.115625
0 0.1875 0.1921875 0.0265625 0.025
0 0.4953125 0.02421875 0.034375 0.03125
0 0.00703125 0.4734375 0.0140625 0.0265625
0 0.1359375 0.54921875 0.0296875 0.0265625
0 0.1515625 0.59609375 0.040625 0.0390625
0 0.09140625 0.603125 0.0265625 0.025
0 0.21171875 0.6109375 0.0265625 0.0265625
0 0.14453125 0.396875 0.0921875 0.0875
0 0.77265625 0.1625 0.1015625 0.096875
0 0.89765625 0.359375 0.0265625 0.025