0 0.87109375 0.8171875 0.04375 0.04375
0 0.875 0.8453125 0.0390625 0.0390625
0 0.875 0.8796875 0.03125 0.03125
0 0.8546875 0.9015625 0.034375 0.034375
0 0.76953125 0.890625 0.0359375 0.0359375
0 0.73671875 0.88359375 0.0265625 0.0265625
0 0.59765625 0.9421875 0.03125 0.03125
0 0.55625 0.84765625 0.0453125 0.0453125
0 0.5515625 0.8796875 0.028125 0.0296875
0 0.44921875 0.91015625 0.0390625 0.0390625
0 0.41015625 0.88125 0.03125 0.03125
0 0.34140625 0.8703125 0.03125 0.03125
0 0.41953125 0.98046875 0.0265625 0.025
0 0.703125 0.70703125 0.0265625 0.0265625
0 0.87890625 0.75859375 0.0265625 0.0265625
0 0.9 0.64296875 0.03125 0.03125
0 0.915625 0.54453125 0.0515625 0.0515625
0 0.8265625 0.58984375 0.0609375 0.0609375
0 0.70078125 0.484375 0.028125 0.0296875
0 0.6859375 0.5484375 0.071875 0.0703125
0 0.5015625 0.68125 0.0484375 0.0484375
0 0.46640625 0.66015625 0.0359375 0.0359375
0 0.50703125 0.64921875 0.0390625 0.0390625
0 0.671875 0.67890625 0.0265625 0.0265625
0 0.6703125 0.7078125 0.028125 0.0265625
0 0.7125 0.6515625 0.028125 0.0265625
0 0.76328125 0.73671875 0.134375 0.1328125
0 0.63828125 0.7640625 0.0265625 0.0265625
0 0.5765625 0.47578125 0.028125 0.0296875
0 0.76796875 0.9375 0.034375 0.034375
0 0.63359375 0.91484375 0.03125 0.03125
0 0.30078125 0.975 0.0359375 0.0359375
0 0.3859375 0.953125 0.0390625 0.0390625
0 0.32890625 0.9875 0.0265625 0.025
0 0.19609375 0.91796875 0.03125 0.0296875
0 0.19140625 0.828125 0.034375 0.034375
0 0.03984375 0.86875 0.0265625 0.0265625
0 0.478125 0.96484375 0.0265625 0.0265625
0 0.025 0.10703125 0.05 0.0734375
0 0.06953125 0.38125 0.0359375 0.0359375
0 0.1046875 0.41953125 0.025 0.025
0 0.09765625 0.50390625 0.0515625 0.0484375
0 0.03984375 0.634375 0.0546875 0.053125
0 0.03125 0.71015625 0.0453125 0.0453125
0 0.21640625 0.615625 0.0359375 0.034375
0 0.30078125 0.5609375 0.0359375 0.0359375
0 0.1734375 0.33671875 0.2078125 0.2046875
0 0.115625 0.10546875 0.0359375 0.034375
0 0.12265625 0.0421875 0.1453125 0.084375
0 0.1109375 0.18984375 0.05625 0.05625
0 0.2609375 0.08671875 0.0625 0.0609375
0 0.39765625 0.171875 0.1765625 0.1703125
0 0.53125 0.27265625 0.084375 0.0828125
0 0.5609375 0.37109375 0.0265625 0.0265625
0 0.53515625 0.37890625 0.0265625 0.0265625
0 0.42890625 0.44140625 0.0578125 0.0578125
0 0.51171875 0.54296875 0.0265625 0.0265625
0 0.56640625 0.68984375 0.025 0.025
0 0.5421875 0.7484375 0.03125 0.03125
0 0.55625 0.76953125 0.025 0.025
0 0.375 0.5921875 0.0703125 0.0703125
0 0.3890625 0.7765625 0.2625 0.2578125
0 0.26953125 0.7859375 0.11875 0.115625
0 0.14296875 0.77890625 0.053125 0.053125
0 0.6984375 0.009375 0.034375 0.01875
0 0.553125 0.11796875 0.0484375 0.0484375
0 0.65859375 0.17421875 0.0359375 0.0328125
0 0.6578125 0.08203125 0.2046875 0.1640625
0 0.74140625 0.36328125 0.0515625 0.0515625
0 0.6515625 0.33203125 0.09375 0.0921875
0 0.665625 0.41484375 0.028125 0.0265625
0 0.68515625 0.390625 0.034375 0.03125
0 0.84765625 0.5 0.1234375 0.1203125
0 0.85234375 0.40234375 0.0453125 0.0453125
0 0.975 0.37109375 0.025 0.025
0 0.9203125 0.19921875 0.040625 0.0390625
0 0.94375 0.57421875 0.025 0.025
0 0.9875 0.04453125 0.025 0.0265625
0 0.89453125 0.04296875 0.0484375 0.0453125
0 0.8921875 0.0140625 0.04375 0.028125
0 0.8328125 0.3375 0.0484375 0.0484375
0 0.775 0.41484375 0.0671875 0.0671875
0 0.98984375 0.56328125 0.0203125 0.0265625
0 0.8546875 0.0515625 0.03125 0.03125
0 0.76171875 0.525 0.0390625 0.0390625