0 0.92578125 0.7484375 0.065625 0.065625
0 0.86640625 0.92421875 0.0609375 0.0609375
0 0.9015625 0.89453125 0.034375 0.034375
0 0.6796875 0.98984375 0.025 0.0203125
0 0.78515625 0.5625 0.0453125 0.0453125
0 0.55546875 0.515625 0.0265625 0.0265625
0 0.49296875 0.6265625 0.034375 0.034375
0 0.5359375 0.6390625 0.053125 0.053125
0 0.61796875 0.64296875 0.0390625 0.0390625
0 0.4171875 0.42890625 0.0265625 0.0265625
0 0.14765625 0.15390625 0.0359375 0.0359375
0 0.15234375 0.17890625 0.0390625 0.0375
0 0.13203125 0.22109375 0.04375 0.04375
0 0.10703125 0.31015625 0.0703125 0.0703125
0 0.15234375 0.265625 0.0484375 0.0484375
0 0.1984375 0.26953125 0.03125 0.03125
0 0.2234375 0.2828125 0.03125 0.03125
0 0.203125 0.3296875 0.034375 0.0328125
0 0.49375 0.3265625 0.0296875 0.0296875
0 0.21171875 0.0953125 0.0296875 0.0296875
0 0.28125 0.046875 0.034375 0.034375
0 0.47734375 0.21484375 0.040625 0.0390625
0 0.25390625 0.28125 0.0265625 0.0265625
0 0.87265625 0.56875 0.025 0.025
0 0.95078125 0.54921875 0.025 0.025
0 0.790625 0.45546875 0.03125 0.03125
0 0.6828125 0.61875 0.0515625 0.0515625
0 0.51796875 0.4375 0.0265625 0.0265625
0 0.2296875 0.41796875 0.0296875 0.0296875
0 0.16953125 0.79296875 0.0296875 0.0296875
0 0.53359375 0.5515625 0.034375 0.034375
0 0.546875 0.571875 0.0359375 0.0359375
0 0.57578125 0.609375 0.0359375 0.0359375
0 0.8921875 0.6109375 0.0296875 0.028125
0 0.04453125 0.75234375 0.03125 0.03125
0 0.290625 0.11796875 0.0390625 0.0390625
0 0.4 0.08671875 0.0328125 0.034375
0 0.47265625 0.228125 0.0296875 0.0296875
0 0.4828125 0.28828125 0.0296875 0.0296875
0 0.384375 0.359375 0.0328125 0.034375
0 0.23671875 0.334375 0.0296875 0.0296875
0 0.7015625 0.0578125 0.025 0.025
0 0.6765625 0.078125 0.0265625 0.0265625
0 0.58671875 0.0140625 0.0328125 0.028125
0 0.59765625 0.2015625 0.025 0.025
0 0.7046875 0.20546875 0.025 0.025