0 0.83984375 0.7125 0.065625 0.065625
0 0.68984375 0.70703125 0.040625 0.0390625
0 0.7296875 0.9484375 0.04375 0.04375
0 0.334375 0.85078125 0.075 0.075
0 0.38671875 0.55078125 0.040625 0.040625
0 0.4421875 0.74140625 0.0296875 0.028125
0 0.64921875 0.91015625 0.059375 0.0609375
0 0.8484375 0.3734375 0.0265625 0.0265625
0 0.93125 0.38125 0.065625 0.065625
0 0.4375 0.30078125 0.0265625 0.0265625
0 0.1078125 0.40234375 0.028125 0.0296875
0 0.040625 0.2078125 0.040625 0.0375
0 0.1765625 0.0140625 0.03125 0.028125
0 0.6140625 0.1390625 0.028125 0.0296875
0 0.4734375 0.05625 0.0828125 0.0828125
0 0.47109375 0.0265625 0.071875 0.053125
0 0.37421875 0.10546875 0.4234375 0.2109375
0 0.66953125 0.115625 0.0390625 0.0375
0 0.77890625 0.1578125 0.028125 0.0296875
0 0.97109375 0.34375 0.0578125 0.0609375
0 0.88125 0.146875 0.0515625 0.0515625
0 0.00234375 0.0015625 0.003125 0.003125