0 0.94453125 0.97734375 0.034375 0.034375
0 0.00234375 0.00234375 0.0015625 0.0015625
0 0.71015625 0.93359375 0.034375 0.034375
0 0.703125 0.96171875 0.03125 0.03125
0 0.1296875 0.91796875 0.08125 0.0796875
0 0.1734375 0.87109375 0.04375 0.040625
0 0.1 0.8640625 0.034375 0.034375
0 0.4078125 0.83515625 0.040625 0.040625
0 0.53515625 0.91796875 0.0359375 0.0359375
0 0.1296875 0.56875 0.03125 0.03125
0 0.0984375 0.46640625 0.03125 0.0296875
0 0.109375 0.42890625 0.034375 0.034375
0 0.0828125 0.484375 0.040625 0.040625
0 0.08515625 0.509375 0.0390625 0.0390625
0 0.11796875 0.64453125 0.0453125 0.04375
0 0.2390625 0.6671875 0.03125 0.03125
0 0.26171875 0.6078125 0.0390625 0.0359375
0 0.44453125 0.678125 0.040625 0.040625
0 0.65625 0.396875 0.03125 0.03125
0 0.74765625 0.4125 0.0390625 0.0359375
0 0.80078125 0.46015625 0.0265625 0.0265625
0 0.9328125 0.6609375 0.05625 0.0546875
0 0.65234375 0.52734375 0.284375 0.28125
0 0.4203125 0.24765625 0.21875 0.2171875
0 0.415625 0.15625 0.1484375 0.15
0 0.65234375 0.071875 0.034375 0.034375
0 0.5203125 0.053125 0.0234375 0.025
0 0.775 0.203125 0.0484375 0.0484375
0 0.0515625 0.24296875 0.04375 0.04375
0 0.02265625 0.26328125 0.03125 0.03125
0 0.115625 0.240625 0.0671875 0.0671875
0 0.0875 0.296875 0.0296875 0.0296875
0 0.07421875 0.32421875 0.0296875 0.0296875
0 0.271875 0.46640625 0.03125 0.03125
0 0.05078125 0.43984375 0.0265625 0.0265625
0 0.0484375 0.54453125 0.096875 0.10625
0 0.03359375 0.47734375 0.0671875 0.0703125
0 0.57421875 0.78125 0.3875 0.384375
0 0.25234375 0.5484375 0.5046875 0.6328125
0 0.8609375 0.50703125 0.0890625 0.0890625
0 0.87890625 0.3453125 0.0765625 0.0765625
0 0.83203125 0.01796875 0.034375 0.0328125
0 0.29453125 0.0140625 0.0296875 0.028125
0 0.25 0.06015625 0.04375 0.04375
0 0.04296875 0.1359375 0.0296875 0.0296875