0 0.05625 0.115625 0.0296875 0.0265625
0 0.11640625 0.00625 0.0265625 0.0125
0 0.0671875 0.25625 0.0296875 0.0265625
0 0.21171875 0.3265625 0.0296875 0.0296875
0 0.32421875 0.353125 0.0296875 0.0265625
0 0.3171875 0.1515625 0.0265625 0.025
0 0.46875 0.25625 0.03125 0.03125
0 0.47109375 0.21875 0.065625 0.0609375
0 0.47734375 0.1609375 0.075 0.071875
0 0.49140625 0.11328125 0.0765625 0.071875
0 0.5046875 0.07578125 0.0453125 0.0453125
0 0.21875 0.1625 0.065625 0.0609375
0 0.53359375 0.890625 0.028125 0.0265625
0 0.48828125 0.90234375 0.0265625 0.0265625
0 0.4828125 0.9203125 0.0265625 0.025
0 0.2875 0.7984375 0.0703125 0.0671875
0 0.38828125 0.71640625 0.0640625 0.0625
0 0.5421875 0.828125 0.0515625 0.0484375
0 0.515625 0.94609375 0.034375 0.034375
0 0.27265625 0.98203125 0.0453125 0.0359375
0 0.1 0.3171875 0.0359375 0.0359375
0 0.0140625 0.4953125 0.028125 0.040625