0 0.03984375 0.525 0.03125 0.03125
0 0.0765625 0.0515625 0.053125 0.053125
0 0.25625 0.1984375 0.0515625 0.0515625
0 0.18515625 0.29921875 0.1140625 0.1140625
0 0.18515625 0.19375 0.053125 0.053125
0 0.23046875 0.37265625 0.0265625 0.0265625
0 0.26953125 0.4109375 0.03125 0.03125
0 0.27890625 0.446875 0.040625 0.040625
0 0.26796875 0.51171875 0.0390625 0.0390625
0 0.25390625 0.5453125 0.0296875 0.028125
0 0.40859375 0.52890625 0.0453125 0.0453125
0 0.3796875 0.58046875 0.065625 0.065625
0 0.31875 0.3578125 0.0234375 0.0234375
0 0.6 0.30390625 0.0828125 0.0828125
0 0.6 0.4078125 0.04375 0.04375
0 0.665625 0.446875 0.065625 0.065625
0 0.61875 0.4984375 0.028125 0.028125
0 0.5140625 0.5296875 0.0484375 0.0484375
0 0.51796875 0.58984375 0.053125 0.053125
0 0.48828125 0.56484375 0.0296875 0.028125
0 0.50859375 0.4328125 0.0265625 0.0265625
0 0.6 0.0828125 0.03125 0.03125
0 0.44140625 0.07109375 0.0890625 0.0890625
0 0.73671875 0.3078125 0.0390625 0.0390625
0 0.8421875 0.39765625 0.05625 0.05625
0 0.69375 0.5453125 0.028125 0.028125
0 0.671875 0.56484375 0.0296875 0.028125
0 0.9484375 0.52890625 0.0265625 0.0265625
0 0.92421875 0.18359375 0.03125 0.03125
0 0.8765625 0.16328125 0.034375 0.0328125
0 0.71015625 0.0171875 0.0359375 0.034375
0 0.7984375 0.0453125 0.028125 0.0296875
0 0.8125 0.0109375 0.03125 0.021875
0 0.8703125 0.515625 0.1078125 0.1078125
0 0.9390625 0.57109375 0.0296875 0.028125
0 0.978125 0.62890625 0.03125 0.03125
0 0.653125 0.97421875 0.05625 0.0515625
0 0.72578125 0.9375 0.04375 0.04375
0 0.7015625 0.9625 0.040625 0.040625
0 0.67890625 0.946875 0.0359375 0.0359375
0 0.66796875 0.91796875 0.0265625 0.0265625
0 0.546875 0.95703125 0.0265625 0.0265625
0 0.81484375 0.87890625 0.040625 0.040625
0 0.74609375 0.975 0.0359375 0.0359375
0 0.97578125 0.79453125 0.0484375 0.0484375
0 0.6109375 0.69609375 0.0390625 0.0390625
0 0.63671875 0.72265625 0.03125 0.03125
0 0.640625 0.69375 0.025 0.025
0 0.62265625 0.771875 0.03125 0.03125
0 0.58984375 0.75625 0.0265625 0.0265625
0 0.5609375 0.73203125 0.0390625 0.0390625
0 0.49765625 0.80625 0.0390625 0.0390625
0 0.52265625 0.66328125 0.0453125 0.0453125
0 0.47265625 0.64921875 0.0703125 0.0703125
0 0.44453125 0.69375 0.0765625 0.0765625
0 0.74765625 0.77421875 0.0359375 0.0359375
0 0.3296875 0.93046875 0.03125 0.03125
0 0.2609375 0.85546875 0.03125 0.03125
0 0.24375 0.87734375 0.03125 0.03125
0 0.26171875 0.9265625 0.03125 0.03125
0 0.209375 0.9375 0.0328125 0.034375
0 0.28828125 0.803125 0.040625 0.0390625
0 0.34375 0.6890625 0.025 0.025
0 0.178125 0.696875 0.0609375 0.059375
0 0.1 0.946875 0.1140625 0.10625
0 0.071875 0.8171875 0.025 0.025
0 0.02265625 0.890625 0.0453125 0.0703125
0 0.02734375 0.94375 0.0546875 0.1
0 0.00859375 0.30078125 0.0171875 0.0296875
0 0.046875 0.18515625 0.0359375 0.0359375
0 0.5453125 0.38671875 0.040625 0.040625
0 0.8171875 0.196875 0.040625 0.040625
0 0.9828125 0.19609375 0.034375 0.040625
0 0.80625 0.81640625 0.15625 0.15625