0 0.5046875 0.16953125 0.040625 0.0390625
0 0.5203125 0.22734375 0.0265625 0.0265625
0 0.5765625 0.31875 0.0359375 0.0359375
0 0.57421875 0.49375 0.0265625 0.0265625
0 0.41484375 0.4171875 0.0359375 0.0359375
0 0.42578125 0.60703125 0.0296875 0.028125
0 0.55078125 0.165625 0.0609375 0.0578125
0 0.25234375 0.0484375 0.0609375 0.0578125
0 0.3375 0.1671875 0.0296875 0.0296875
0 0.4578125 0.1265625 0.03125 0.03125
0 0.390625 0.19921875 0.0390625 0.0390625
0 0.31875 0.18984375 0.0390625 0.0390625
0 0.38203125 0.48203125 0.0453125 0.04375
0 0.28984375 0.3375 0.0234375 0.0234375
0 0.12890625 0.01796875 0.0296875 0.0265625
0 0.1203125 0.19609375 0.0390625 0.0359375
0 0.0296875 0.30625 0.0296875 0.0265625
0 0.10703125 0.328125 0.034375 0.034375
0 0.0765625 0.3171875 0.028125 0.0296875
0 0.02265625 0.334375 0.0359375 0.0359375
0 0.15390625 0.428125 0.0296875 0.0296875
0 0.171875 0.53984375 0.0484375 0.0453125
0 0.18515625 0.578125 0.0484375 0.0453125
0 0.55625 0.640625 0.0671875 0.0671875
0 0.0671875 0.6140625 0.0359375 0.0359375
0 0.0453125 0.571875 0.0296875 0.028125
0 0.02421875 0.5515625 0.03125 0.028125
0 0.01796875 0.5765625 0.0359375 0.040625
0 0.10234375 0.5890625 0.0296875 0.028125
0 0.10078125 0.6140625 0.0265625 0.0234375
0 0.040625 0.98046875 0.0390625 0.0359375
0 0.159375 0.98515625 0.034375 0.0296875
0 0.0796875 0.91953125 0.034375 0.034375
0 0.5484375 0.78828125 0.028125 0.028125
0 0.484375 0.7984375 0.0296875 0.0265625
0 0.43125 0.8171875 0.0296875 0.0265625
0 0.47734375 0.8234375 0.025 0.025
0 0.1734375 0.81484375 0.040625 0.040625
0 0.1703125 0.83671875 0.0328125 0.034375
0 0.578125 0.8796875 0.0703125 0.0671875