0 0.0015625 0.00234375 0.003125 0.003125
0 0.7125 0.9375 0.034375 0.0296875
0 0.665625 0.95078125 0.034375 0.0296875
0 0.428125 0.92578125 0.03125 0.0265625
0 0.18984375 0.93125 0.0671875 0.0578125
0 0.0765625 0.9796875 0.05625 0.040625
0 0.3015625 0.68984375 0.2265625 0.190625
0 0.45546875 0.59765625 0.190625 0.159375
0 0.4546875 0.50234375 0.034375 0.0265625
0 0.6109375 0.59375 0.03125 0.025
0 0.3453125 0.4890625 0.053125 0.04375
0 0.29453125 0.4890625 0.040625 0.034375
0 0.15390625 0.5328125 0.075 0.0625
0 0.06875 0.7015625 0.0359375 0.028125
0 0.0375 0.7984375 0.0578125 0.0484375
0 0.08515625 0.85703125 0.1140625 0.09375
0 0.24765625 0.97734375 0.0359375 0.03125
0 0.0515625 0.4546875 0.0296875 0.025
0 0.346875 0.01171875 0.040625 0.0234375
0 0.2671875 0.0296875 0.03125 0.0265625
0 0.2984375 0.05078125 0.03125 0.0265625
0 0.365625 0.07109375 0.04375 0.0359375
0 0.28125 0.3796875 0.0921875 0.075
0 0.3796875 0.3328125 0.0453125 0.0390625
0 0.59609375 0.44375 0.0578125 0.0484375
0 0.7359375 0.40390625 0.053125 0.04375
0 0.8921875 0.40859375 0.04375 0.0359375
0 0.85703125 0.41953125 0.0515625 0.040625
0 0.4953125 0.3609375 0.084375 0.071875
0 0.6578125 0.3609375 0.065625 0.0546875
0 0.6671875 0.31875 0.071875 0.0609375
0 0.725 0.2953125 0.0484375 0.0390625
0 0.4796875 0.15859375 0.05625 0.0453125
0 0.3015625 0.259375 0.0890625 0.075
0 0.15390625 0.23046875 0.0609375 0.0515625
0 0.178125 0.39921875 0.1609375 0.134375
0 0.3796875 0.22734375 0.10625 0.0890625
0 0.5828125 0.2359375 0.1203125 0.1015625
0 0.69921875 0.240625 0.034375 0.0265625
0 0.790625 0.16953125 0.04375 0.0359375
0 0.7859375 0.1875 0.03125 0.0265625
0 0.8453125 0.3078125 0.034375 0.0296875
0 0.9265625 0.1078125 0.04375 0.0359375
0 0.821875 0.11328125 0.0484375 0.040625
0 0.76171875 0.1265625 0.0359375 0.0296875
0 0.76953125 0.08984375 0.034375 0.0296875
0 0.74296875 0.06640625 0.028125 0.025
0 0.7515625 0.025 0.0359375 0.0296875
0 0.87265625 0.0765625 0.03125 0.0265625