0 0.1390625 0.915625 0.040625 0.040625
0 0.24296875 0.93984375 0.0265625 0.025
0 0.50625 0.82578125 0.028125 0.0296875
0 0.5265625 0.8609375 0.103125 0.1015625
0 0.4578125 0.9203125 0.0875 0.084375
0 0.36796875 0.78125 0.2390625 0.23125
0 0.375 0.6234375 0.3421875 0.334375
0 0.10546875 0.63125 0.05625 0.05625
0 0.07578125 0.696875 0.0359375 0.0359375
0 0.11875 0.7125 0.0453125 0.04375
0 0.125 0.765625 0.040625 0.040625
0 0.1828125 0.79296875 0.0328125 0.034375
0 0.26328125 0.91328125 0.1328125 0.1296875
0 0.19609375 0.821875 0.1375 0.134375
0 0.1140625 0.5375 0.0359375 0.034375
0 0.00234375 0.00234375 0.0015625 0.0015625
0 0.86640625 0.80390625 0.0390625 0.0390625
0 0.63125 0.803125 0.0453125 0.04375
0 0.81484375 0.78125 0.0875 0.0875
0 0.7765625 0.71640625 0.0890625 0.0875
0 0.9625 0.515625 0.034375 0.034375
0 0.97578125 0.46015625 0.0296875 0.0296875
0 0.8015625 0.4390625 0.3109375 0.303125
0 0.55546875 0.55078125 0.028125 0.0296875
0 0.6671875 0.25625 0.0578125 0.0578125
0 0.77734375 0.2125 0.0296875 0.0296875
0 0.9703125 0.80390625 0.04375 0.04375
0 0.6359375 0.71484375 0.03125 0.03125
0 0.69140625 0.61796875 0.334375 0.3265625
0 0.5578125 0.3109375 0.0765625 0.075
0 0.35078125 0.4234375 0.096875 0.09375
0 0.16953125 0.5015625 0.0578125 0.05625
0 0.1703125 0.5890625 0.03125 0.03125
0 0.1765625 0.728125 0.0671875 0.065625
0 0.1203125 0.39296875 0.03125 0.0296875
0 0.15 0.34375 0.0578125 0.0578125
0 0.08984375 0.46171875 0.065625 0.0625
0 0.1140625 0.5015625 0.0359375 0.0359375
0 0.25234375 0.40625 0.053125 0.0515625
0 0.3640625 0.2828125 0.0359375 0.0359375
0 0.384375 0.3703125 0.0609375 0.0578125
0 0.30859375 0.165625 0.0609375 0.0609375
0 0.27421875 0.23046875 0.03125 0.03125
0 0.1265625 0.24375 0.0296875 0.0296875
0 0.01171875 0.3171875 0.0234375 0.040625
0 0.2390625 0.32421875 0.2015625 0.196875
0 0.08671875 0.1984375 0.1734375 0.19375
0 0.02734375 0.14296875 0.04375 0.04375
0 0.0796875 0.08515625 0.159375 0.1703125
0 0.1453125 0.015625 0.04375 0.03125
0 0.15859375 0.053125 0.0453125 0.0453125
0 0.19453125 0.13125 0.0890625 0.0875
0 0.52734375 0.1296875 0.2640625 0.2578125
0 0.42890625 0.053125 0.040625 0.040625
0 0.58984375 0.0421875 0.0796875 0.0765625
0 0.40625 0.10703125 0.0828125 0.0796875
0 0.39921875 0.1421875 0.0390625 0.0359375
0 0.25 0.0640625 0.0390625 0.0375
0 0.2203125 0.025 0.059375 0.05
0 0.328125 0.0265625 0.0390625 0.0390625
0 0.7078125 0.13203125 0.03125 0.0296875
0 0.68125 0.09765625 0.05625 0.05625
0 0.64765625 0.06015625 0.059375 0.0578125
0 0.7765625 0.08671875 0.103125 0.1015625
0 0.41796875 0.259375 0.0578125 0.0578125
0 0.4375 0.3578125 0.1875 0.1828125
0 0.396875 0.5453125 0.375 0.365625
0 0.1671875 0.28984375 0.03125 0.03125
0 0.40625 0.0265625 0.0671875 0.053125
0 0.08046875 0.775 0.1609375 0.24375