0 0.3375 0.0484375 0.0328125 0.0265625
0 0.6984375 0.0609375 0.0546875 0.04375
0 0.7921875 0.0625 0.040625 0.034375
0 0.76796875 0.11171875 0.125 0.1015625
0 0.45546875 0.16015625 0.03125 0.0265625
0 0.81484375 0.3484375 0.03125 0.0265625
0 0.95703125 0.009375 0.0359375 0.01875
0 0.34765625 0.453125 0.084375 0.0671875
0 0.41484375 0.52421875 0.034375 0.0265625
0 0.365625 0.546875 0.0453125 0.0359375
0 0.0578125 0.5765625 0.0390625 0.03125
0 0.1859375 0.24609375 0.03125 0.0265625
0 0.21640625 0.37109375 0.034375 0.0265625
0 0.62265625 0.1703125 0.0796875 0.0625
0 0.0828125 0.93125 0.0609375 0.0484375
0 0.24765625 0.73203125 0.034375 0.0265625
0 0.26796875 0.63203125 0.084375 0.0671875
0 0.2234375 0.96640625 0.0640625 0.053125
0 0.821875 0.74609375 0.0390625 0.03125
0 0.69921875 0.67890625 0.065625 0.053125
0 0.76171875 0.78359375 0.065625 0.053125
0 0.70546875 0.8078125 0.04375 0.034375
0 0.540625 0.975 0.0390625 0.03125
0 0.8546875 0.6453125 0.0390625 0.03125
0 0.5640625 0.640625 0.0765625 0.0625
0 0.9421875 0.53125 0.0921875 0.075
0 0.58671875 0.88359375 0.0546875 0.04375
0 0.6453125 0.8578125 0.0984375 0.0765625
0 0.7546875 0.9125 0.0515625 0.040625