0 0.7390625 0.25234375 0.3921875 0.3484375
0 0.3328125 0.5890625 0.1828125 0.1640625
0 0.103125 0.49296875 0.2046875 0.1828125
0 0.790625 0.54296875 0.0265625 0.025
0 0.93046875 0.9515625 0.0265625 0.025
0 0.9578125 0.73046875 0.0296875 0.0265625
0 0.86171875 0.73203125 0.075 0.0671875
0 0.7984375 0.7171875 0.059375 0.05625
0 0.7078125 0.77734375 0.0453125 0.040625
0 0.66328125 0.7640625 0.04375 0.0390625
0 0.6734375 0.740625 0.0453125 0.040625
0 0.59140625 0.9875 0.0359375 0.025
0 0.53515625 0.96640625 0.0296875 0.0265625
0 0.134375 0.9671875 0.0578125 0.053125
0 0.59609375 0.73671875 0.034375 0.03125
0 0.571875 0.7484375 0.04375 0.0390625
0 0.0578125 0.59609375 0.084375 0.075
0 0.02734375 0.6359375 0.034375 0.028125
0 0.41328125 0.83984375 0.0265625 0.025
0 0.265625 0.18125 0.03125 0.0265625
0 0.22265625 0.33984375 0.0390625 0.034375
0 0.21484375 0.33984375 0.190625 0.16875
0 0.009375 0.06875 0.01875 0.028125
0 0.0671875 0.16015625 0.0578125 0.0515625
0 0.44375 0.2125 0.1421875 0.128125
0 0.57578125 0.49296875 0.028125 0.0265625
0 0.275 0.06953125 0.0453125 0.040625
0 0.9625 0.396875 0.0359375 0.03125
0 0.82578125 0.490625 0.034375 0.03125
0 0.60234375 0.08203125 0.0578125 0.0515625
0 0.56015625 0.0296875 0.1046875 0.059375
0 0.50234375 0.05390625 0.146875 0.1078125
0 0.36796875 0.03515625 0.134375 0.0703125
0 0.109375 0.13125 0.0390625 0.034375
0 0.8015625 0.0109375 0.0390625 0.021875
0 0.73828125 0.02265625 0.053125 0.0453125
0 0.89453125 0.03359375 0.03125 0.0296875
0 0.90625 0.1109375 0.084375 0.075
0 0.946875 0.13828125 0.03125 0.0296875
0 0.796875 0.0375 0.0296875 0.0265625
0 0.94921875 0.1875 0.0609375 0.053125
0 0.37890625 0.43515625 0.0984375 0.0859375
0 0.3953125 0.103125 0.096875 0.0875