0 0.00234375 0.00078125 0.0015625 0.0015625
0 0.5453125 0.13359375 0.053125 0.0515625
0 0.8453125 0.359375 0.0265625 0.025
0 0.77734375 0.49765625 0.0296875 0.0265625
0 0.83203125 0.69140625 0.04375 0.04375
0 0.51171875 0.86328125 0.0390625 0.0359375
0 0.54921875 0.5640625 0.03125 0.03125
0 0.6140625 0.49296875 0.028125 0.0265625
0 0.5375 0.5296875 0.028125 0.028125
0 0.515625 0.58515625 0.0609375 0.0578125
0 0.5734375 0.640625 0.0265625 0.0265625
0 0.34765625 0.68046875 0.03125 0.03125
0 0.4578125 0.275 0.0296875 0.0265625
0 0.11640625 0.39921875 0.034375 0.03125
0 0.28828125 0.609375 0.0296875 0.0265625
0 0.14765625 0.05078125 0.0671875 0.065625
0 0.21015625 0.46640625 0.0296875 0.0296875
0 0.696875 0.65234375 0.0265625 0.025
0 0.73828125 0.6671875 0.034375 0.034375