0 0.0046875 0.00390625 0.009375 0.0078125
0 0.88671875 0.040625 0.0359375 0.034375
0 0.70703125 0.06484375 0.0609375 0.05625
0 0.64453125 0.07421875 0.0296875 0.0265625
0 0.86796875 0.2203125 0.0265625 0.025
0 0.7796875 0.2328125 0.03125 0.0296875
0 0.56015625 0.2484375 0.034375 0.03125
0 0.9671875 0.41796875 0.034375 0.03125
0 0.8890625 0.3796875 0.0296875 0.0265625
0 0.8953125 0.4046875 0.034375 0.03125
0 0.8734375 0.4390625 0.0296875 0.0265625
0 0.834375 0.34765625 0.0484375 0.04375
0 0.79453125 0.3296875 0.0359375 0.03125
0 0.53984375 0.31875 0.0359375 0.0328125
0 0.5828125 0.35703125 0.028125 0.0265625
0 0.62109375 0.2671875 0.0796875 0.075
0 0.959375 0.6625 0.0296875 0.0265625
0 0.97265625 0.6265625 0.0265625 0.025
0 0.984375 0.4796875 0.03125 0.0296875
0 0.946875 0.58046875 0.0296875 0.0265625
0 0.9359375 0.63125 0.04375 0.0390625
0 0.9171875 0.64453125 0.040625 0.0359375
0 0.9015625 0.54453125 0.0296875 0.0265625
0 0.8703125 0.54296875 0.0296875 0.0265625
0 0.87109375 0.51171875 0.040625 0.0390625
0 0.8921875 0.571875 0.0390625 0.0359375
0 0.79921875 0.6265625 0.0296875 0.0265625
0 0.64921875 0.87109375 0.0390625 0.0359375
0 0.6265625 0.9015625 0.03125 0.0296875
0 0.65859375 0.890625 0.03125 0.0296875
0 0.9875 0.09921875 0.025 0.0265625
0 0.96171875 0.078125 0.05625 0.0515625
0 0.8296875 0.11796875 0.0484375 0.0453125
0 0.8734375 0.25859375 0.040625 0.0359375
0 0.88359375 0.3015625 0.053125 0.0484375
0 0.853125 0.2984375 0.0296875 0.0265625
0 0.8296875 0.4046875 0.0296875 0.0265625
0 0.5765625 0.42421875 0.03125 0.0296875
0 0.5140625 0.5875 0.040625 0.0359375
0 0.765625 0.7171875 0.0296875 0.0265625
0 0.38828125 0.2015625 0.0484375 0.04375
0 0.3640625 0.1875 0.0390625 0.0359375
0 0.64765625 0.21015625 0.028125 0.0296875
0 0.62109375 0.2046875 0.03125 0.0296875
0 0.1765625 0.1078125 0.0578125 0.053125
0 0.11640625 0.15390625 0.0265625 0.025
0 0.59609375 0.009375 0.0359375 0.01875
0 0.86796875 0.01171875 0.0359375 0.0234375
0 0.95703125 0.446875 0.0359375 0.034375