0 0.8796875 0.0328125 0.0296875 0.0265625
0 0.4625 0.18125 0.0296875 0.0265625
0 0.25625 0.1984375 0.0328125 0.0296875
0 0.19375 0.1828125 0.0515625 0.04375
0 0.19140625 0.1609375 0.0359375 0.03125
0 0.1 0.30859375 0.03125 0.0265625
0 0.1890625 0.08203125 0.0390625 0.03125
0 0.071875 0.078125 0.03125 0.0265625
0 0.1109375 0.10703125 0.040625 0.034375
0 0.115625 0.13359375 0.0375 0.03125
0 0.1421875 0.14296875 0.03125 0.0265625
0 0.0140625 0.50234375 0.028125 0.0265625
0 0.45546875 0.48828125 0.034375 0.0296875
0 0.04921875 0.37734375 0.03125 0.0265625
0 0.89453125 0.30859375 0.0390625 0.034375
0 0.9390625 0.328125 0.03125 0.0265625
0 0.6515625 0.97265625 0.0453125 0.0390625
0 0.97578125 0.98046875 0.0484375 0.0390625
0 0.80625 0.92421875 0.0359375 0.03125