0 0.22734375 0.5640625 0.4546875 0.3765625
0 0.0015625 0.0015625 0.003125 0.003125
0 0.915625 0.11796875 0.0890625 0.0671875
0 0.78984375 0.05859375 0.0515625 0.0390625
0 0.771875 0.146875 0.096875 0.071875
0 0.6265625 0.15 0.034375 0.0265625
0 0.6234375 0.2171875 0.04375 0.03125
0 0.48046875 0.22734375 0.10625 0.0796875
0 0.47109375 0.38125 0.21875 0.1640625
0 0.834375 0.4203125 0.0515625 0.0359375
0 0.821875 0.4359375 0.0390625 0.0296875
0 0.703125 0.040625 0.15625 0.08125
0 0.6984375 0.1 0.2 0.1515625
0 0.9734375 0.07109375 0.034375 0.0265625
0 0.19140625 0.10703125 0.0453125 0.034375
0 0.11875 0.1859375 0.0828125 0.0609375
0 0.046875 0.12890625 0.0453125 0.0359375
0 0.29765625 0.18359375 0.5953125 0.3671875
0 0.4640625 0.93984375 0.040625 0.03125
0 0.44921875 0.7140625 0.159375 0.1171875
0 0.50390625 0.59609375 0.2015625 0.15
0 0.26328125 0.52265625 0.178125 0.1328125
0 0.6265625 0.82109375 0.071875 0.053125
0 0.6 0.88671875 0.1421875 0.103125
0 0.63359375 0.790625 0.1453125 0.1078125
0 0.6671875 0.65234375 0.0671875 0.0484375
0 0.6234375 0.62890625 0.0484375 0.0359375
0 0.578125 0.5765625 0.040625 0.028125
0 0.63828125 0.5328125 0.05625 0.040625
0 0.86796875 0.5046875 0.0453125 0.034375