0 0.21484375 0.85078125 0.0390625 0.034375
0 0.39453125 0.915625 0.034375 0.0296875
0 0.509375 0.79921875 0.0296875 0.025
0 0.6875 0.875 0.0296875 0.025
0 0.64921875 0.8859375 0.040625 0.0359375
0 0.8109375 0.97578125 0.0390625 0.034375
0 0.3640625 0.796875 0.0546875 0.0484375
0 0.2171875 0.8125 0.0578125 0.0515625
0 0.1390625 0.74296875 0.0515625 0.04375
0 0.28984375 0.74140625 0.034375 0.028125
0 0.37890625 0.74609375 0.0390625 0.034375
0 0.2921875 0.8265625 0.03125 0.0296875
0 0.2703125 0.8578125 0.0796875 0.071875
0 0.3375 0.725 0.0390625 0.034375
0 0.32109375 0.68984375 0.0359375 0.03125
0 0.9265625 0.9734375 0.0359375 0.034375
0 0.8890625 0.7984375 0.1234375 0.1078125
0 0.95625 0.76640625 0.0875 0.0859375
0 0.71875 0.6515625 0.04375 0.0390625
0 0.6078125 0.44140625 0.0453125 0.0390625
0 0.71484375 0.50859375 0.040625 0.0359375
0 0.76171875 0.5734375 0.0609375 0.053125
0 0.8578125 0.6078125 0.0828125 0.071875
0 0.93359375 0.62265625 0.03125 0.028125
0 0.93046875 0.65859375 0.0671875 0.059375
0 0.91328125 0.89765625 0.03125 0.0265625
0 0.00234375 0.00234375 0.0015625 0.0015625
0 0.296875 0.03125 0.0765625 0.0625
0 0.39765625 0.12890625 0.0796875 0.0703125
0 0.84375 0.15 0.0625 0.053125
0 0.790625 0.084375 0.053125 0.0453125
0 0.94140625 0.1984375 0.034375 0.0296875
0 0.9390625 0.2671875 0.05625 0.0484375
0 0.84140625 0.25 0.0453125 0.040625
0 0.8140625 0.271875 0.040625 0.0359375
0 0.8015625 0.29453125 0.0484375 0.04375
0 0.63359375 0.3171875 0.084375 0.075
0 0.53125 0.2171875 0.0453125 0.040625
0 0.82421875 0.3484375 0.0703125 0.0625
0 0.853125 0.3921875 0.053125 0.0484375
0 0.8890625 0.328125 0.1109375 0.0984375
0 0.96171875 0.3703125 0.040625 0.0359375
0 0.884375 0.4671875 0.0625 0.05625
0 0.41015625 0.5046875 0.034375 0.0296875
0 0.54921875 0.47109375 0.03125 0.0296875
0 0.578125 0.571875 0.2859375 0.253125
0 0.88359375 0.2484375 0.03125 0.0296875
0 0.29453125 0.4015625 0.1203125 0.10625
0 0.228125 0.46171875 0.0296875 0.0265625
0 0.03359375 0.13203125 0.0671875 0.0828125
0 0.2015625 0.06875 0.0296875 0.025
0 0.0640625 0.1734375 0.0703125 0.0609375
0 0.4859375 0.32109375 0.128125 0.1140625