0 0.94453125 0.7671875 0.0515625 0.0359375
0 0.88828125 0.803125 0.09375 0.0671875
0 0.92421875 0.84609375 0.09375 0.0671875
0 0.86796875 0.88671875 0.05625 0.040625
0 0.915625 0.915625 0.04375 0.03125
0 0.81015625 0.93046875 0.0796875 0.05625
0 0.77890625 0.88203125 0.0890625 0.0625
0 0.7609375 0.83046875 0.1171875 0.084375
0 0.60078125 0.803125 0.0453125 0.03125
0 0.4984375 0.740625 0.0390625 0.0265625
0 0.6734375 0.89453125 0.0390625 0.0296875
0 0.9265625 0.46015625 0.1328125 0.09375
0 0.7203125 0.47578125 0.071875 0.053125
0 0.7484375 0.5296875 0.084375 0.059375
0 0.80859375 0.5515625 0.09375 0.0671875
0 0.96171875 0.5203125 0.040625 0.03125
0 0.94609375 0.6359375 0.040625 0.028125
0 0.88359375 0.6203125 0.084375 0.059375
0 0.83984375 0.6609375 0.04375 0.03125
0 0.69921875 0.6765625 0.11875 0.084375
0 0.6046875 0.6875 0.071875 0.053125
0 0.57421875 0.59375 0.071875 0.053125
0 0.53984375 0.475 0.125 0.0890625
0 0.3703125 0.84375 0.1875 0.134375
0 0.11328125 0.75390625 0.0703125 0.0515625
0 0.40234375 0.74296875 0.096875 0.0703125
0 0.021875 0.95078125 0.04375 0.040625
0 0.05078125 0.978125 0.065625 0.04375
0 0.21484375 0.64140625 0.4296875 0.4171875
0 0.30859375 0.490625 0.0484375 0.034375
0 0.40625 0.53125 0.1609375 0.115625
0 0.01328125 0.55078125 0.0265625 0.034375
0 0.27890625 0.1671875 0.0484375 0.0328125
0 0.1890625 0.1296875 0.0359375 0.0265625
0 0.3375 0.225 0.0640625 0.0453125
0 0.35 0.33046875 0.0828125 0.0578125
0 0.24140625 0.3171875 0.0765625 0.0546875
0 0.01796875 0.134375 0.0359375 0.0390625
0 0.2765625 0.24609375 0.0890625 0.0625
0 0.0296875 0.415625 0.0390625 0.0265625
0 0.609375 0.428125 0.0390625 0.0265625
0 0.7015625 0.0578125 0.0390625 0.0265625
0 0.7484375 0.0484375 0.0515625 0.0359375
0 0.91484375 0.07421875 0.040625 0.0296875
0 0.4328125 0.01171875 0.040625 0.0234375
0 0.27421875 0.2046875 0.209375 0.15
0 0.478125 0.0921875 0.0359375 0.025
0 0.2359375 0.0609375 0.040625 0.0296875
0 0.90625 0.13125 0.053125 0.0390625