0 0.08984375 0.98515625 0.0359375 0.0296875
0 0.92890625 0.9125 0.05625 0.05625
0 0.79453125 0.9421875 0.04375 0.04375
0 0.5 0.95546875 0.065625 0.065625
0 0.31953125 0.9796875 0.0484375 0.040625
0 0.63671875 0.93359375 0.0296875 0.0296875
0 0.8390625 0.8078125 0.0609375 0.059375
0 0.45546875 0.66484375 0.1375 0.1375
0 0.365625 0.63203125 0.0453125 0.0453125
0 0.25703125 0.6828125 0.0703125 0.0703125
0 0.25859375 0.61875 0.0296875 0.028125
0 0.2703125 0.6 0.03125 0.03125
0 0.79296875 0.60234375 0.1015625 0.1015625
0 0.77890625 0.546875 0.0765625 0.0765625
0 0.7171875 0.54921875 0.0625 0.0625
0 0.6515625 0.66328125 0.0390625 0.0390625
0 0.63671875 0.62734375 0.0625 0.0625
0 0.56640625 0.7234375 0.040625 0.040625
0 0.90859375 0.5984375 0.05625 0.0546875
0 0.52421875 0.7828125 0.196875 0.196875
0 0.80859375 0.76171875 0.04375 0.04375
0 0.7453125 0.85703125 0.2546875 0.2515625
0 0.93515625 0.81015625 0.05625 0.05625
0 0.90625 0.7484375 0.0484375 0.0484375
0 0.00078125 0.00234375 0.0015625 0.0015625
0 0.046875 0.9671875 0.05625 0.05625
0 0.140625 0.75859375 0.28125 0.4546875
0 0.103125 0.53828125 0.04375 0.04375
0 0.2609375 0.53515625 0.03125 0.03125
0 0.29921875 0.5640625 0.1015625 0.0984375
0 0.01171875 0.42734375 0.0234375 0.0296875
0 0.08515625 0.3796875 0.025 0.0234375
0 0.0734375 0.34765625 0.0265625 0.0265625
0 0.06953125 0.1703125 0.0484375 0.0484375
0 0.1203125 0.1421875 0.0359375 0.0359375
0 0.28515625 0.3109375 0.0296875 0.0296875
0 0.35703125 0.36328125 0.0453125 0.0453125
0 0.32578125 0.38203125 0.0265625 0.0265625
0 0.271875 0.4515625 0.0234375 0.025
0 0.03515625 0.115625 0.0265625 0.0265625
0 0.30390625 0.2125 0.0703125 0.0671875
0 0.35234375 0.27890625 0.09375 0.09375
0 0.8140625 0.15390625 0.059375 0.0609375
0 0.67890625 0.2859375 0.0625 0.0625
0 0.6859375 0.3453125 0.0828125 0.0796875
0 0.6625 0.4234375 0.0828125 0.0828125
0 0.63671875 0.4890625 0.0765625 0.0765625
0 0.571875 0.41953125 0.0265625 0.0265625
0 0.7515625 0.3640625 0.034375 0.034375
0 0.72265625 0.40390625 0.0265625 0.0265625
0 0.8296875 0.365625 0.025 0.0234375
0 0.890625 0.5046875 0.0609375 0.0578125
0 0.88359375 0.16796875 0.034375 0.03125
0 0.8796875 0.265625 0.053125 0.053125
0 0.86640625 0.146875 0.0296875 0.0296875
0 0.91796875 0.10703125 0.0296875 0.0296875
0 0.9078125 0.140625 0.0390625 0.0390625
0 0.984375 0.384375 0.03125 0.03125