0 0.11875 0.5265625 0.040625 0.0390625
0 0.140625 0.47734375 0.0453125 0.04375
0 0.08046875 0.4484375 0.028125 0.0296875
0 0.1671875 0.38125 0.0359375 0.0328125
0 0.2359375 0.275 0.0265625 0.0265625
0 0.3140625 0.1453125 0.0265625 0.0265625
0 0.209375 0.109375 0.0296875 0.0265625
0 0.49609375 0.25625 0.0578125 0.05625
0 0.48203125 0.303125 0.04375 0.040625
0 0.4515625 0.2671875 0.0265625 0.0265625
0 0.46484375 0.3765625 0.034375 0.03125
0 0.45703125 0.421875 0.0515625 0.0484375
0 0.5328125 0.44453125 0.04375 0.040625
0 0.76796875 0.3890625 0.0390625 0.0359375
0 0.67421875 0.4125 0.0265625 0.025
0 0.80390625 0.19921875 0.040625 0.0390625
0 0.6796875 0.01171875 0.028125 0.0234375
0 0.8234375 0.08671875 0.0265625 0.0265625
0 0.96171875 0.14921875 0.0265625 0.025
0 0.9578125 0.2765625 0.0265625 0.0265625
0 0.7296875 0.63203125 0.0265625 0.0234375
0 0.60234375 0.78515625 0.0546875 0.053125
0 0.609375 0.88671875 0.0265625 0.025
0 0.78125 0.6828125 0.0515625 0.0484375
0 0.928125 0.35546875 0.03125 0.0296875
0 0.05078125 0.80078125 0.0296875 0.0265625