0 0.80078125 0.9390625 0.0453125 0.040625
0 0.7859375 0.9703125 0.0265625 0.025
0 0.171875 0.7140625 0.0390625 0.0359375
0 0.20078125 0.75234375 0.0609375 0.05625
0 0.15859375 0.76953125 0.0515625 0.0484375
0 0.1453125 0.80546875 0.05625 0.0515625
0 0.04296875 0.775 0.0296875 0.0265625
0 0.08046875 0.7078125 0.028125 0.0265625
0 0.228125 0.8109375 0.0390625 0.034375
0 0.1921875 0.86328125 0.0515625 0.0453125
0 0.0890625 0.8484375 0.09375 0.0875
0 0.54921875 0.27421875 0.028125 0.0265625
0 0.06015625 0.15234375 0.0265625 0.025
0 0.31640625 0.24765625 0.034375 0.03125
0 0.24140625 0.32421875 0.0453125 0.04375
0 0.8171875 0.0171875 0.065625 0.034375
0 0.69375 0.02890625 0.059375 0.05625
0 0.77265625 0.178125 0.0484375 0.04375
0 0.8796875 0.1 0.0609375 0.05625
0 0.96171875 0.3109375 0.0359375 0.0328125
0 0.82578125 0.36328125 0.03125 0.0296875
0 0.85 0.23203125 0.0609375 0.05625
0 0.78984375 0.259375 0.0390625 0.0328125
0 0.77890625 0.20078125 0.0390625 0.034375
0 0.30390625 0.40390625 0.159375 0.1453125
0 0.38828125 0.4828125 0.0484375 0.0453125
0 0.4328125 0.4703125 0.040625 0.0390625
0 0.43515625 0.49765625 0.0515625 0.0453125
0 0.70078125 0.56015625 0.028125 0.0265625
0 0.228125 0.63671875 0.0578125 0.053125
0 0.08046875 0.68125 0.034375 0.03125
0 0.046875 0.6296875 0.0609375 0.0546875
0 0.05078125 0.64765625 0.0703125 0.065625
0 0.08203125 0.578125 0.034375 0.03125
0 0.021875 0.9421875 0.0328125 0.03125
0 0.11796875 0.92578125 0.0296875 0.0265625
0 0.01796875 0.9046875 0.0296875 0.0265625
0 0.00234375 0.0015625 0.003125 0.003125
0 0.08203125 0.95078125 0.0296875 0.0265625
0 0.48671875 0.70078125 0.05625 0.0515625
0 0.14921875 0.5890625 0.040625 0.0390625
0 0.4671875 0.7609375 0.0265625 0.0234375
0 0.53515625 0.2546875 0.03125 0.0296875
0 0.73671875 0.53125 0.0359375 0.034375