0 0.59609375 0.61640625 0.6140625 0.540625
0 0.4421875 0.0296875 0.034375 0.03125
0 0.47578125 0.05078125 0.0484375 0.04375
0 0.60703125 0.0359375 0.028125 0.0265625
0 0.61328125 0.0640625 0.04375 0.0375
0 0.3375 0.1046875 0.0328125 0.03125
0 0.15 0.08046875 0.0484375 0.04375
0 0.82109375 0.08203125 0.03125 0.0265625
0 0.978125 0.75703125 0.04375 0.040625
0 0.93515625 0.5640625 0.0484375 0.04375
0 0.61875 0.73203125 0.03125 0.028125
0 0.5171875 0.49375 0.0453125 0.040625
0 0.696875 0.28125 0.040625 0.0359375
0 0.93046875 0.2078125 0.0453125 0.040625
0 0.890625 0.2140625 0.0359375 0.034375
0 0.8609375 0.2296875 0.0296875 0.0265625
0 0.9875 0.39140625 0.025 0.0265625
0 0.80546875 0.2046875 0.034375 0.03125
0 0.7671875 0.20703125 0.028125 0.0265625
0 0.396875 0.17421875 0.0296875 0.0265625
0 0.25234375 0.17890625 0.0390625 0.0328125
0 0.13203125 0.2015625 0.0375 0.0328125
0 0.11171875 0.09609375 0.034375 0.028125
0 0.2328125 0.49375 0.03125 0.0265625
0 0.3140625 0.665625 0.0328125 0.028125
0 0.11328125 0.821875 0.0390625 0.034375
0 0.0671875 0.74609375 0.0453125 0.040625
0 0.28359375 0.41796875 0.040625 0.0359375
0 0.446875 0.240625 0.034375 0.0296875
0 0.46640625 0.21015625 0.040625 0.0359375
0 0.74140625 0.20078125 0.2078125 0.1828125
0 0.60234375 0.26171875 0.134375 0.1203125
0 0.4265625 0.0875 0.0796875 0.0703125
0 0.14296875 0.13359375 0.0296875 0.025
0 0.00859375 0.296875 0.0171875 0.0265625
0 0.0140625 0.48828125 0.028125 0.0359375
0 0.09609375 0.5625 0.1921875 0.1953125
0 0.35234375 0.51953125 0.0296875 0.025
0 0.1 0.9 0.034375 0.0296875
0 0.35 0.91796875 0.0296875 0.025
0 0.1671875 0.87734375 0.0296875 0.025
0 0.384375 0.9625 0.0765625 0.0671875
0 0.47109375 0.89765625 0.0390625 0.034375