0 0.0875 0.209375 0.034375 0.0265625
0 0.9015625 0.03515625 0.03125 0.0265625
0 0.9390625 0.328125 0.0875 0.071875
0 0.91796875 0.43046875 0.0515625 0.040625
0 0.93515625 0.5140625 0.0296875 0.025
0 0.86328125 0.65234375 0.03125 0.0265625
0 0.73671875 0.615625 0.0578125 0.0484375
0 0.634375 0.19921875 0.0828125 0.0703125
0 0.6234375 0.23671875 0.0671875 0.0578125
0 0.8375 0.20703125 0.0359375 0.0296875
0 0.86796875 0.3890625 0.034375 0.0296875
0 0.68984375 0.2703125 0.0359375 0.03125
0 0.46171875 0.31875 0.04375 0.0359375
0 0.35703125 0.475 0.0359375 0.03125
0 0.3328125 0.5578125 0.065625 0.053125
0 0.42578125 0.0953125 0.0359375 0.03125
0 0.2640625 0.11875 0.0296875 0.025
0 0.146875 0.42421875 0.053125 0.04375
0 0.09375 0.61875 0.03125 0.0265625
0 0.35 0.3890625 0.03125 0.0265625
0 0.68515625 0.43984375 0.03125 0.0265625
0 0.275 0.87734375 0.0359375 0.0296875
0 0.7171875 0.94375 0.028125 0.025
0 0.46015625 0.10546875 0.0296875 0.025