0 0.853125 0.47265625 0.0578125 0.0578125
0 0.82109375 0.5015625 0.034375 0.034375
0 0.5609375 0.396875 0.025 0.025
0 0.6453125 0.5671875 0.0234375 0.0234375
0 0.62734375 0.76328125 0.034375 0.034375
0 0.6859375 0.9703125 0.028125 0.0296875
0 0.2296875 0.71875 0.03125 0.03125
0 0.5484375 0.01796875 0.025 0.025
0 0.66953125 0.25625 0.03125 0.03125
0 0.67890625 0.2703125 0.028125 0.0265625
0 0.81953125 0.15625 0.0703125 0.0671875
0 0.7875 0.20546875 0.0359375 0.0359375
0 0.6984375 0.13828125 0.0359375 0.0359375
0 0.9078125 0.11640625 0.0296875 0.0296875
0 0.890625 0.21015625 0.040625 0.040625
0 0.89921875 0.0453125 0.075 0.075