0 0.821875 0.02734375 0.115625 0.0546875
0 0.63515625 0.009375 0.0453125 0.01875
0 0.17890625 0.4734375 0.0328125 0.0265625
0 0.3421875 0.5109375 0.0796875 0.065625
0 0.23203125 0.1109375 0.0796875 0.065625
0 0.2015625 0.18125 0.084375 0.0703125
0 0.46171875 0.1453125 0.1875 0.1546875
0 0.33671875 0.134375 0.0453125 0.0390625
0 0.5671875 0.18359375 0.0359375 0.03125
0 0.4984375 0.23828125 0.04375 0.0359375
0 0.41328125 0.3859375 0.0390625 0.03125
0 0.30078125 0.28984375 0.0296875 0.0234375
0 0.3546875 0.20703125 0.071875 0.0609375
0 0.321875 0.25703125 0.0671875 0.0546875
0 0.60234375 0.41953125 0.065625 0.053125
0 0.6078125 0.33671875 0.0453125 0.0359375
0 0.40390625 0.5796875 0.03125 0.025
0 0.94140625 0.22734375 0.075 0.0625
0 0.865625 0.0984375 0.0625 0.053125
0 0.70703125 0.9671875 0.03125 0.0265625
0 0.65234375 0.82109375 0.0515625 0.040625
0 0.609375 0.9796875 0.0390625 0.03125
0 0.76328125 0.8125 0.0390625 0.03125
0 0.79453125 0.634375 0.053125 0.04375
0 0.8375 0.9359375 0.071875 0.0609375
0 0.00234375 0.00234375 0.0015625 0.0015625
0 0.3921875 0.91328125 0.0703125 0.0578125
0 0.38359375 0.86640625 0.1109375 0.0890625
0 0.271875 0.915625 0.0671875 0.05625
0 0.33984375 0.984375 0.0515625 0.03125
0 0.24765625 0.8390625 0.0671875 0.05625
0 0.2234375 0.875 0.0390625 0.03125
0 0.16328125 0.91015625 0.03125 0.025
0 0.1 0.9328125 0.0359375 0.0296875
0 0.07578125 0.90234375 0.04375 0.0359375
0 0.584375 0.13828125 0.034375 0.0296875
0 0.140625 0.25859375 0.0484375 0.040625
0 0.16484375 0.5484375 0.1546875 0.125
0 0.61640625 0.76171875 0.04375 0.034375
0 0.0515625 0.74765625 0.0484375 0.0390625