0 0.115625 0.1421875 0.23125 0.2828125
0 0.7140625 0.025 0.034375 0.03125
0 0.0328125 0.55546875 0.065625 0.0828125
0 0.15234375 0.703125 0.0890625 0.0828125
0 0.08984375 0.78828125 0.10625 0.0984375
0 0.271875 0.44140625 0.0359375 0.03125
0 0.2328125 0.72734375 0.0390625 0.0359375
0 0.6890625 0.790625 0.03125 0.028125
0 0.834375 0.765625 0.034375 0.03125
0 0.703125 0.85546875 0.0265625 0.025
0 0.85703125 0.7953125 0.040625 0.0390625
0 0.9171875 0.775 0.04375 0.040625
0 0.89921875 0.80390625 0.034375 0.03125
0 0.96484375 0.68515625 0.04375 0.0390625
0 0.91953125 0.6765625 0.0625 0.0578125
0 0.83046875 0.696875 0.0671875 0.0625
0 0.91328125 0.62734375 0.0578125 0.053125
0 0.775 0.60703125 0.04375 0.040625
0 0.646875 0.59765625 0.028125 0.0265625
0 0.85078125 0.4796875 0.0796875 0.075
0 0.8109375 0.40625 0.0296875 0.0265625
0 0.63203125 0.10546875 0.0625 0.0578125
0 0.59609375 0.16328125 0.0359375 0.03125
0 0.50625 0.59765625 0.071875 0.0671875
0 0.984375 0.8453125 0.03125 0.03125
0 0.975 0.9265625 0.040625 0.0390625
0 0.521875 0.9875 0.03125 0.025
0 0.6 0.678125 0.0984375 0.090625
0 0.4859375 0.86640625 0.0921875 0.084375
0 0.21015625 0.87109375 0.0296875 0.0265625