0 0.6421875 0.2984375 0.0265625 0.0265625
0 0.65859375 0.3546875 0.034375 0.034375
0 0.6546875 0.39296875 0.025 0.025
0 0.6265625 0.25 0.025 0.025
0 0.8796875 0.640625 0.0296875 0.0296875
0 0.396875 0.89453125 0.025 0.025
0 0.32578125 0.49140625 0.0234375 0.025
0 0.0203125 0.38671875 0.025 0.025
0 0.009375 0.75234375 0.01875 0.0265625
0 0.02890625 0.76328125 0.034375 0.034375
0 0.06875 0.13203125 0.0265625 0.0265625
0 0.0703125 0.01171875 0.025 0.0234375
0 0.09140625 0.0359375 0.0359375 0.0359375
0 0.24296875 0.01953125 0.03125 0.03125
0 0.96171875 0.01171875 0.0328125 0.0234375
0 0.7125 0.00859375 0.028125 0.0171875
0 0.2140625 0.60546875 0.0390625 0.0390625