0 0.2515625 0.6203125 0.0609375 0.053125
0 0.16328125 0.61875 0.03125 0.028125
0 0.21171875 0.4078125 0.03125 0.0296875
0 0.35078125 0.47109375 0.040625 0.0359375
0 0.3546875 0.49375 0.040625 0.0359375
0 0.3125 0.4890625 0.0296875 0.0265625
0 0.25625 0.5671875 0.0328125 0.03125
0 0.4125 0.4109375 0.0484375 0.04375
0 0.3921875 0.47578125 0.03125 0.0296875
0 0.40390625 0.44375 0.0515625 0.0484375
0 0.4953125 0.421875 0.034375 0.03125
0 0.353125 0.25390625 0.0546875 0.0515625
0 0.18046875 0.11875 0.0359375 0.03125
0 0.1109375 0.1875 0.05625 0.0515625
0 0.0984375 0.15 0.0296875 0.0265625
0 0.05390625 0.2234375 0.0390625 0.0359375
0 0.0296875 0.38671875 0.0296875 0.0265625
0 0.25 0.0578125 0.0609375 0.05625
0 0.30078125 0.0328125 0.0515625 0.0453125
0 0.28359375 0.00703125 0.0296875 0.0140625
0 0.3140625 0.178125 0.0296875 0.0265625
0 0.3453125 0.09375 0.03125 0.0296875
0 0.3125 0.26328125 0.040625 0.0359375
0 0.5609375 0.4671875 0.034375 0.03125
0 0.6109375 0.46015625 0.034375 0.03125
0 0.671875 0.58203125 0.034375 0.03125
0 0.6734375 0.60703125 0.03125 0.028125
0 0.75 0.46640625 0.0359375 0.03125
0 0.709375 0.50390625 0.03125 0.0296875
0 0.78125 0.6421875 0.034375 0.03125
0 0.64296875 0.41796875 0.040625 0.0359375
0 0.6421875 0.3703125 0.034375 0.03125
0 0.60703125 0.39453125 0.0390625 0.034375
0 0.73203125 0.1 0.028125 0.0265625
0 0.6390625 0.203125 0.0578125 0.053125
0 0.65234375 0.2546875 0.0390625 0.0359375
0 0.615625 0.25625 0.028125 0.0265625
0 0.69375 0.41953125 0.028125 0.0265625
0 0.9703125 0.6078125 0.0390625 0.0359375
0 0.8953125 0.1421875 0.03125 0.0296875
0 0.67578125 0.03359375 0.03125 0.0296875
0 0.94609375 0.140625 0.0484375 0.04375
0 0.8796875 0.0609375 0.053125 0.0484375
0 0.60078125 0.00703125 0.028125 0.0140625
0 0.86796875 0.32109375 0.03125 0.0265625
0 0.82421875 0.6875 0.03125 0.0265625
0 0.80859375 0.66953125 0.03125 0.028125
0 0.8390625 0.790625 0.0359375 0.03125
0 0.8578125 0.9203125 0.0390625 0.0359375
0 0.7828125 0.97578125 0.05625 0.0484375
0 0.4171875 0.75859375 0.034375 0.028125
0 0.29296875 0.74296875 0.03125 0.028125
0 0.2796875 0.7171875 0.0453125 0.040625
0 0.30546875 0.81875 0.040625 0.0359375
0 0.22109375 0.6828125 0.03125 0.028125
0 0.115625 0.7671875 0.0265625 0.025
0 0.0328125 0.703125 0.0265625 0.025
0 0.084375 0.41796875 0.0359375 0.034375
0 0.01953125 0.34609375 0.0390625 0.04375
0 0.0984375 0.225 0.0359375 0.034375
0 0.1359375 0.21875 0.040625 0.0390625
0 0.33984375 0.328125 0.0390625 0.0359375
0 0.40625 0.25234375 0.03125 0.0296875
0 0.28984375 0.39921875 0.0390625 0.0359375
0 0.28984375 0.43046875 0.0390625 0.0359375
0 0.28359375 0.60546875 0.0328125 0.03125
0 0.0109375 0.15 0.021875 0.0265625
0 0.19921875 0.0109375 0.0265625 0.021875
0 0.2859375 0.0734375 0.0265625 0.0265625
0 0.08671875 0.60078125 0.0296875 0.0265625
0 0.0640625 0.28125 0.034375 0.03125
0 0.64921875 0.53515625 0.028125 0.0265625
0 0.509375 0.48046875 0.0296875 0.0265625
0 0.4359375 0.4734375 0.0515625 0.0453125
0 0.5984375 0.22734375 0.028125 0.0265625
0 0.7640625 0.26171875 0.028125 0.0265625
0 0.7546875 0.15 0.028125 0.0265625
0 0.953125 0.2078125 0.0296875 0.0265625
0 0.9640625 0.228125 0.0265625 0.025
0 0.92734375 0.01171875 0.0296875 0.0234375
0 0.98671875 0.25390625 0.0265625 0.0265625
0 0.85234375 0.696875 0.0296875 0.0265625
0 0.41796875 0.7953125 0.0296875 0.0265625
0 0.30078125 0.69140625 0.0265625 0.025
0 0.3140625 0.7125 0.03125 0.028125
0 0.20078125 0.70546875 0.034375 0.03125
0 0.17890625 0.69609375 0.0375 0.0359375
0 0.115625 0.8796875 0.0296875 0.0265625
0 0.1421875 0.72109375 0.0328125 0.03125
0 0.03828125 0.98046875 0.03125 0.0296875