0 0.65390625 0.0359375 0.0890625 0.071875
0 0.93984375 0.0484375 0.0625 0.0625
0 0.79921875 0.34609375 0.0671875 0.0671875
0 0.7703125 0.39921875 0.0359375 0.0359375
0 0.86328125 0.24609375 0.0265625 0.0265625
0 0.73828125 0.18984375 0.0296875 0.0296875
0 0.6046875 0.15625 0.0703125 0.0703125
0 0.5796875 0.1859375 0.0390625 0.0390625
0 0.55859375 0.134375 0.0296875 0.0296875
0 0.54453125 0.31484375 0.1234375 0.1234375
0 0.74375 0.3734375 0.0515625 0.0515625
0 0.63359375 0.44140625 0.059375 0.0609375
0 0.5796875 0.475 0.034375 0.034375
0 0.44609375 0.4046875 0.025 0.025
0 0.3765625 0.61328125 0.0265625 0.0265625
0 0.53125 0.759375 0.0265625 0.0265625
0 0.9328125 0.678125 0.0265625 0.0265625
0 0.94609375 0.696875 0.0265625 0.0265625
0 0.984375 0.62734375 0.0265625 0.0265625
0 0.9703125 0.65 0.0265625 0.0265625
0 0.9875 0.76484375 0.025 0.0296875
0 0.93359375 0.8265625 0.0453125 0.0453125
0 0.7671875 0.5171875 0.246875 0.2453125
0 0.88828125 0.275 0.03125 0.0296875
0 0.6859375 0.2953125 0.028125 0.0296875
0 0.7125 0.70546875 0.0359375 0.0359375
0 0.26171875 0.4234375 0.0609375 0.0609375
0 0.1046875 0.2859375 0.1109375 0.1109375
0 0.196875 0.109375 0.04375 0.04375
0 0.103125 0.15625 0.0265625 0.0265625
0 0.071875 0.18984375 0.0265625 0.0265625
0 0.1734375 0.328125 0.0828125 0.0828125
0 0.1140625 0.3859375 0.053125 0.053125
0 0.13671875 0.54296875 0.1453125 0.1453125
0 0.0421875 0.63359375 0.084375 0.096875
0 0.03828125 0.4953125 0.0296875 0.0296875
0 0.0140625 0.4796875 0.028125 0.03125
0 0.13359375 0.71875 0.15625 0.15625
0 0.21484375 0.66796875 0.0453125 0.0453125
0 0.21640625 0.79453125 0.03125 0.03125
0 0.4109375 0.6296875 0.0546875 0.0546875
0 0.025 0.91484375 0.034375 0.034375
0 0.10234375 0.9390625 0.0265625 0.0265625
0 0.11328125 0.98671875 0.034375 0.0265625
0 0.24140625 0.953125 0.0234375 0.025
0 0.24296875 0.9734375 0.0296875 0.0296875
0 0.24765625 0.984375 0.034375 0.03125
0 0.178125 0.98515625 0.03125 0.0296875
0 0.08203125 0.8453125 0.146875 0.1453125
0 0.2984375 0.7296875 0.0328125 0.034375
0 0.4234375 0.91015625 0.0296875 0.0296875
0 0.47265625 0.93046875 0.03125 0.03125
0 0.58984375 0.9015625 0.0296875 0.0296875
0 0.62890625 0.84375 0.0359375 0.0359375
0 0.9515625 0.9515625 0.0453125 0.04375