0 0.29453125 0.2078125 0.2515625 0.2046875
0 0.0015625 0.0015625 0.003125 0.003125
0 0.53515625 0.03984375 0.096875 0.0765625
0 0.6984375 0.03828125 0.0359375 0.0296875
0 0.87734375 0.06640625 0.1296875 0.10625
0 0.81953125 0.1875 0.0390625 0.03125
0 0.7609375 0.228125 0.0515625 0.040625
0 0.8109375 0.4171875 0.0484375 0.0390625
0 0.946875 0.4421875 0.04375 0.034375
0 0.88671875 0.459375 0.0390625 0.03125
0 0.91953125 0.42421875 0.034375 0.0296875
0 0.4953125 0.1265625 0.0609375 0.0484375
0 0.4265625 0.15234375 0.0828125 0.0671875
0 0.35078125 0.10078125 0.0578125 0.0453125
0 0.4171875 0.01796875 0.071875 0.0359375
0 0.1359375 0.23671875 0.06875 0.05625
0 0.06015625 0.2296875 0.0359375 0.0296875
0 0.0296875 0.2765625 0.059375 0.053125
0 0.07578125 0.3109375 0.0703125 0.0578125
0 0.0171875 0.40859375 0.034375 0.0515625
0 0.015625 0.6109375 0.03125 0.040625
0 0.03125 0.5796875 0.04375 0.0359375
0 0.11796875 0.678125 0.0828125 0.065625
0 0.15234375 0.63125 0.071875 0.0578125
0 0.18046875 0.59375 0.06875 0.05625
0 0.05625 0.828125 0.1015625 0.0796875
0 0.06875 0.7359375 0.1375 0.1109375
0 0.06640625 0.978125 0.05625 0.04375
0 0.2984375 0.75390625 0.071875 0.0578125
0 0.37265625 0.8015625 0.0984375 0.0796875
0 0.27421875 0.8484375 0.165625 0.134375
0 0.32578125 0.9265625 0.0578125 0.0453125
0 0.4046875 0.8703125 0.04375 0.0359375
0 0.42578125 0.93515625 0.0578125 0.0484375
0 0.3765625 0.93984375 0.0390625 0.03125
0 0.20703125 0.95390625 0.1203125 0.0921875
0 0.33671875 0.47109375 0.1203125 0.096875
0 0.2453125 0.5109375 0.10625 0.084375
0 0.7046875 0.6453125 0.0390625 0.03125
0 0.7828125 0.8421875 0.0625 0.0515625
0 0.86640625 0.63359375 0.034375 0.0265625
0 0.9359375 0.5890625 0.0484375 0.0390625
0 0.8921875 0.97578125 0.0515625 0.040625
0 0.2546875 0.0796875 0.071875 0.0609375
0 0.16484375 0.7875 0.103125 0.0828125
0 0.18984375 0.74140625 0.071875 0.0578125
0 0.49921875 0.98515625 0.0453125 0.0296875