0 0.0203125 0.47578125 0.040625 0.0515625
0 0.09609375 0.475 0.1078125 0.0984375
0 0.20546875 0.54296875 0.040625 0.0359375
0 0.1609375 0.60078125 0.0375 0.0359375
0 0.18515625 0.7046875 0.0609375 0.05625
0 0.21484375 0.7765625 0.05625 0.0515625
0 0.14296875 0.80546875 0.0703125 0.065625
0 0.0421875 0.82109375 0.084375 0.0921875
0 0.015625 0.9359375 0.03125 0.0296875
0 0.125 0.959375 0.034375 0.03125
0 0.32578125 0.9265625 0.0625 0.0578125
0 0.365625 0.96015625 0.040625 0.0359375
0 0.3171875 0.97578125 0.04375 0.0390625
0 0.3296875 0.56484375 0.103125 0.09375
0 0.3859375 0.5359375 0.040625 0.0390625
0 0.35078125 0.49609375 0.0484375 0.04375
0 0.30625 0.4828125 0.03125 0.0296875
0 0.5203125 0.484375 0.0484375 0.04375
0 0.56015625 0.6453125 0.0703125 0.0625
0 0.46484375 0.6671875 0.040625 0.0390625
0 0.365625 0.7125 0.0625 0.0578125
0 0.125 0.63828125 0.040625 0.0390625
0 0.4625 0.8171875 0.0390625 0.034375
0 0.4484375 0.84140625 0.03125 0.0296875
0 0.3703125 0.91015625 0.0390625 0.0359375
0 0.19921875 0.3765625 0.18125 0.1640625
0 0.38125 0.34609375 0.0390625 0.0328125
0 0.5625 0.446875 0.0515625 0.0453125
0 0.53359375 0.38828125 0.0390625 0.0328125
0 0.48203125 0.328125 0.040625 0.0359375
0 0.37265625 0.30390625 0.0265625 0.0234375
0 0.39453125 0.303125 0.05625 0.0515625
0 0.28828125 0.30546875 0.03125 0.0296875
0 0.43125 0.421875 0.2515625 0.228125
0 0.5296875 0.5296875 0.040625 0.0390625
0 0.4015625 0.5796875 0.0484375 0.04375
0 0.41953125 0.5453125 0.03125 0.0265625
0 0.134375 0.2671875 0.0296875 0.0265625
0 0.0359375 0.1203125 0.0546875 0.0515625
0 0.0265625 0.0515625 0.053125 0.0546875
0 0.040625 0.01796875 0.0484375 0.0359375
0 0.0421875 0.9078125 0.084375 0.084375
0 0.084375 0.8640625 0.028125 0.0265625
0 0.1421875 0.6765625 0.1015625 0.090625
0 0.2484375 0.546875 0.05625 0.0515625
0 0.353125 0.6609375 0.0328125 0.028125
0 0.375 0.64453125 0.03125 0.0296875
0 0.75390625 0.775 0.09375 0.0875
0 0.6875 0.946875 0.0390625 0.034375
0 0.6265625 0.8703125 0.0453125 0.04375
0 0.775 0.975 0.053125 0.0484375
0 0.93125 0.703125 0.065625 0.0609375
0 0.83984375 0.78125 0.0359375 0.034375
0 0.72265625 0.88125 0.071875 0.0671875
0 0.89296875 0.65 0.0984375 0.090625
0 0.81484375 0.5296875 0.096875 0.0875
0 0.76953125 0.525 0.040625 0.0359375
0 0.7078125 0.51796875 0.040625 0.0390625
0 0.65859375 0.5375 0.0765625 0.0703125
0 0.59765625 0.5921875 0.05625 0.0515625
0 0.66328125 0.4375 0.0390625 0.0359375
0 0.6625 0.4796875 0.0453125 0.040625
0 0.6203125 0.4734375 0.075 0.0671875
0 0.578125 0.39453125 0.03125 0.0265625
0 0.865625 0.43125 0.0703125 0.0625
0 0.92421875 0.5171875 0.146875 0.1328125
0 0.96015625 0.63828125 0.0453125 0.04375
0 0.95078125 0.59609375 0.0828125 0.075
0 0.82578125 0.36328125 0.0984375 0.0890625
0 0.9 0.3921875 0.071875 0.0640625
0 0.634375 0.36875 0.0453125 0.04375
0 0.60546875 0.359375 0.0296875 0.0265625
0 0.75 0.25234375 0.2234375 0.2015625
0 0.94453125 0.3125 0.034375 0.03125
0 0.959375 0.27421875 0.0390625 0.034375
0 0.94609375 0.35078125 0.0265625 0.0234375
0 0.63125 0.1140625 0.028125 0.0265625
0 0.5984375 0.225 0.0890625 0.0828125
0 0.365625 0.071875 0.053125 0.0484375
0 0.26796875 0.0640625 0.0453125 0.040625
0 0.228125 0.06875 0.1921875 0.1375
0 0.28515625 0.1421875 0.053125 0.0484375
0 0.29921875 0.1765625 0.0515625 0.0453125
0 0.23671875 0.18046875 0.0359375 0.03125
0 0.21171875 0.21015625 0.0359375 0.034375
0 0.18984375 0.18984375 0.03125 0.0265625
0 0.47265625 0.3765625 0.0484375 0.04375
0 0.56640625 0.11796875 0.41875 0.2359375