0 0.00078125 0.00234375 0.0015625 0.0015625
0 0.09140625 0.87890625 0.0671875 0.0578125
0 0.28515625 0.86640625 0.0890625 0.0765625
0 0.09375 0.6828125 0.04375 0.0390625
0 0.078125 0.74296875 0.15625 0.15
0 0.1984375 0.6734375 0.0390625 0.034375
0 0.025 0.66796875 0.0390625 0.034375
0 0.3765625 0.6140625 0.0359375 0.028125
0 0.35703125 0.759375 0.04375 0.0359375
0 0.31875 0.7671875 0.0484375 0.040625
0 0.7296875 0.859375 0.040625 0.034375
0 0.765625 0.76796875 0.05625 0.0484375
0 0.571875 0.7515625 0.084375 0.071875
0 0.08203125 0.53828125 0.0296875 0.0234375
0 0.1078125 0.33828125 0.215625 0.2640625
0 0.95390625 0.2578125 0.0921875 0.08125
0 0.9328125 0.3375 0.0390625 0.0328125
0 0.89296875 0.3140625 0.0484375 0.040625
0 0.9640625 0.5046875 0.04375 0.0359375
0 0.8125 0.52265625 0.034375 0.028125
0 0.7984375 0.390625 0.0484375 0.040625
0 0.7609375 0.384375 0.03125 0.0265625
0 0.771875 0.2859375 0.053125 0.0453125
0 0.5875 0.24765625 0.128125 0.10625
0 0.509375 0.23046875 0.0609375 0.0515625
0 0.4703125 0.16328125 0.0796875 0.0671875
0 0.37734375 0.2828125 0.0359375 0.03125
0 0.34375 0.1203125 0.16875 0.1421875
0 0.321875 0.0140625 0.040625 0.028125
0 0.58984375 0.06875 0.034375 0.028125
0 0.6265625 0.125 0.075 0.0625
0 0.64921875 0.08203125 0.028125 0.025
0 0.72734375 0.03828125 0.040625 0.0359375
0 0.040625 0.1359375 0.08125 0.11875
0 0.24140625 0.2546875 0.084375 0.0703125
0 0.27265625 0.2125 0.0984375 0.084375