0 0.15234375 0.375 0.053125 0.0515625
0 0.4625 0.4953125 0.034375 0.034375
0 0.26171875 0.40234375 0.0921875 0.0890625
0 0.196875 0.3484375 0.0265625 0.0234375
0 0.17578125 0.31015625 0.034375 0.03125
0 0.178125 0.2765625 0.053125 0.0515625
0 0.1234375 0.22109375 0.06875 0.0671875
0 0.09765625 0.1046875 0.0296875 0.0296875
0 0.25234375 0.0484375 0.05625 0.053125
0 0.484375 0.1046875 0.03125 0.03125
0 0.9234375 0.08203125 0.040625 0.0390625
0 0.94140625 0.09765625 0.040625 0.040625
0 0.87734375 0.27734375 0.0265625 0.0265625
0 0.70703125 0.2953125 0.0296875 0.0296875
0 0.72265625 0.01171875 0.0296875 0.0234375
0 0.94375 0.82109375 0.03125 0.03125
0 0.9390625 0.78984375 0.0359375 0.034375
0 0.53359375 0.74140625 0.0453125 0.04375
0 0.35078125 0.77890625 0.0265625 0.0265625
0 0.15859375 0.5328125 0.0515625 0.0515625
0 0.12265625 0.6359375 0.0359375 0.034375
0 0.09140625 0.68046875 0.0390625 0.0359375