0 0.7546875 0.140625 0.365625 0.28125
0 0.9015625 0.275 0.0453125 0.0390625
0 0.8296875 0.3015625 0.034375 0.0296875
0 0.89296875 0.21015625 0.034375 0.0296875
0 0.76953125 0.58203125 0.0296875 0.025
0 0.625 0.54921875 0.03125 0.025
0 0.47734375 0.5 0.0515625 0.04375
0 0.81484375 0.19453125 0.071875 0.0609375
0 0.51796875 0.740625 0.034375 0.028125
0 0.4078125 0.8109375 0.09375 0.0796875
0 0.3265625 0.8234375 0.071875 0.059375
0 0.35 0.75859375 0.1078125 0.0890625
0 0.46640625 0.78125 0.0625 0.053125
0 0.02890625 0.9359375 0.0390625 0.03125
0 0.2953125 0.9484375 0.134375 0.103125
0 0.69921875 0.95703125 0.075 0.0625
0 0.709375 0.90859375 0.0359375 0.03125
0 0.7234375 0.87109375 0.034375 0.0296875
0 0.62265625 0.859375 0.040625 0.034375
0 0.60546875 0.8859375 0.0390625 0.03125
0 0.44375 0.94375 0.0515625 0.040625
0 0.5109375 0.98046875 0.0546875 0.0390625