0 0.0484375 0.72109375 0.03125 0.03125
0 0.0984375 0.3859375 0.025 0.0234375
0 0.15390625 0.36796875 0.0296875 0.0296875
0 0.26953125 0.3765625 0.034375 0.03125
0 0.4734375 0.5875 0.0625 0.0625
0 0.4859375 0.69453125 0.0265625 0.0265625
0 0.6828125 0.7484375 0.084375 0.084375
0 0.66328125 0.4625 0.0359375 0.0359375
0 0.7328125 0.490625 0.03125 0.03125
0 0.8375 0.4328125 0.040625 0.040625
0 0.85 0.5875 0.04375 0.04375
0 0.90625 0.665625 0.03125 0.03125
0 0.9015625 0.58046875 0.03125 0.03125
0 0.2390625 0.8859375 0.0265625 0.0265625
0 0.4546875 0.98203125 0.0265625 0.0265625
0 0.75390625 0.98984375 0.0265625 0.0203125
0 0.6859375 0.9078125 0.025 0.025
0 0.9796875 0.9625 0.0265625 0.0265625
0 0.90390625 0.040625 0.0265625 0.0265625
0 0.37734375 0.04296875 0.0296875 0.0296875
0 0.2484375 0.06640625 0.0703125 0.0703125
0 0.18046875 0.08203125 0.03125 0.03125
0 0.13203125 0.10078125 0.0265625 0.0265625
0 0.5484375 0.0265625 0.0390625 0.0390625
0 0.25 0.3171875 0.0296875 0.0296875
0 0.28359375 0.3578125 0.2765625 0.2765625
0 0.146875 0.89296875 0.0296875 0.0296875
0 0.46484375 0.8953125 0.0296875 0.0296875
0 0.83203125 0.0734375 0.03125 0.03125
0 0.34609375 0.525 0.04375 0.04375
0 0.82578125 0.13125 0.040625 0.040625