0 0.8953125 0.1984375 0.209375 0.209375
0 0.93984375 0.390625 0.053125 0.053125
0 0.91328125 0.41328125 0.040625 0.0390625
0 0.7046875 0.0421875 0.034375 0.0328125
0 0.7296875 0.146875 0.134375 0.134375
0 0.58515625 0.1359375 0.096875 0.0953125
0 0.42890625 0.23203125 0.0609375 0.0609375
0 0.3859375 0.3015625 0.034375 0.034375
0 0.359375 0.2984375 0.025 0.0234375
0 0.3375 0.21640625 0.0328125 0.034375
0 0.27734375 0.2328125 0.0453125 0.0453125
0 0.1609375 0.2640625 0.0484375 0.0484375
0 0.18984375 0.3609375 0.065625 0.0640625
0 0.6609375 0.3234375 0.0390625 0.0390625
0 0.38359375 0.15390625 0.146875 0.146875
0 0.07421875 0.0359375 0.1109375 0.071875
0 0.10234375 0.1609375 0.05625 0.05625
0 0.06015625 0.15859375 0.0265625 0.0265625
0 0.021875 0.1671875 0.04375 0.0703125
0 0.03359375 0.1984375 0.0390625 0.0390625
0 0.040625 0.33046875 0.03125 0.03125
0 0.9078125 0.55390625 0.0484375 0.0484375
0 0.81484375 0.584375 0.0359375 0.0359375
0 0.5484375 0.55390625 0.0484375 0.0484375
0 0.25 0.5375 0.071875 0.071875
0 0.1609375 0.584375 0.0453125 0.0453125
0 0.2875 0.9578125 0.0640625 0.065625
0 0.1984375 0.94453125 0.0296875 0.0296875
0 0.4109375 0.91796875 0.1015625 0.1015625
0 0.41328125 0.7828125 0.134375 0.134375
0 0.4328125 0.71484375 0.0265625 0.0265625
0 0.303125 0.6390625 0.1328125 0.1328125
0 0.27734375 0.7390625 0.128125 0.128125
0 0.146875 0.78984375 0.03125 0.03125
0 0.1234375 0.8265625 0.040625 0.040625
0 0.05390625 0.8078125 0.0265625 0.0265625
0 0.14921875 0.73671875 0.0296875 0.028125
0 0.06484375 0.63203125 0.0375 0.0390625
0 0.68515625 0.9 0.03125 0.03125
0 0.65625 0.91796875 0.040625 0.040625
0 0.896875 0.91015625 0.1140625 0.1140625
0 0.56875 0.68125 0.128125 0.128125
0 0.890625 0.671875 0.0390625 0.0390625
0 0.85703125 0.64453125 0.0296875 0.0296875
0 0.98515625 0.72265625 0.0296875 0.0359375
0 0.915625 0.7828125 0.0265625 0.0265625
0 0.615625 0.96015625 0.0265625 0.0265625
0 0.78984375 0.9046875 0.0265625 0.0265625
0 0.20703125 0.4703125 0.0359375 0.0359375
0 0.33671875 0.86640625 0.0921875 0.0921875
0 0.72265625 0.85234375 0.1078125 0.1078125
0 0.459375 0.9671875 0.0390625 0.0359375