0 0.0015625 0.0015625 0.003125 0.003125
0 0.85 0.7453125 0.2046875 0.1765625
0 0.03125 0.4046875 0.0359375 0.03125
0 0.1578125 0.32578125 0.1296875 0.1109375
0 0.4953125 0.10546875 0.0359375 0.03125
0 0.54296875 0.31015625 0.0390625 0.0328125
0 0.8140625 0.1140625 0.0765625 0.0671875
0 0.84609375 0.2921875 0.053125 0.0453125
0 0.7640625 0.390625 0.0671875 0.0578125
0 0.9015625 0.4109375 0.1375 0.1171875
0 0.915625 0.25234375 0.03125 0.0265625
0 0.9234375 0.525 0.034375 0.028125
0 0.9484375 0.68515625 0.03125 0.0265625
0 0.59140625 0.78984375 0.028125 0.025
0 0.69609375 0.6921875 0.028125 0.0234375
0 0.28828125 0.5765625 0.0359375 0.03125
0 0.1296875 0.603125 0.0484375 0.040625
0 0.09140625 0.865625 0.03125 0.0265625
0 0.24609375 0.97109375 0.040625 0.0359375
0 0.32109375 0.96015625 0.0765625 0.0671875
0 0.3890625 0.9546875 0.0609375 0.0515625
0 0.1625 0.803125 0.325 0.378125
0 0.0578125 0.796875 0.028125 0.025