0 0.00234375 0.00078125 0.0015625 0.0015625
0 0.0109375 0.93046875 0.021875 0.040625
0 0.165625 0.8375 0.0265625 0.025
0 0.025 0.8640625 0.0265625 0.0265625
0 0.2703125 0.8578125 0.0296875 0.0265625
0 0.03125 0.678125 0.034375 0.034375
0 0.09375 0.5921875 0.0265625 0.0265625
0 0.34140625 0.70546875 0.03125 0.03125
0 0.46015625 0.6234375 0.0515625 0.0515625
0 0.4 0.5296875 0.0265625 0.025
0 0.30625 0.5515625 0.0296875 0.0265625
0 0.83203125 0.15234375 0.0984375 0.096875
0 0.87109375 0.23046875 0.034375 0.03125
0 0.8125 0.2609375 0.1921875 0.1875
0 0.68984375 0.27265625 0.03125 0.0296875
0 0.9390625 0.084375 0.040625 0.040625
0 0.40859375 0.1734375 0.04375 0.040625
0 0.40234375 0.140625 0.04375 0.04375
0 0.42890625 0.140625 0.0359375 0.0359375
0 0.89921875 0.26328125 0.03125 0.03125
0 0.90625 0.27734375 0.04375 0.04375
0 0.72734375 0.146875 0.0890625 0.0875
0 0.64453125 0.2359375 0.128125 0.125
0 0.36171875 0.05390625 0.0234375 0.025
0 0.3734375 0.1140625 0.0328125 0.034375
0 0.05859375 0.015625 0.040625 0.03125
0 0.15390625 0.15625 0.0265625 0.0265625
0 0.0625 0.265625 0.025 0.025
0 0.290625 0.421875 0.04375 0.040625
0 0.25 0.6546875 0.0296875 0.0265625
0 0.0015625 0.00234375 0.003125 0.003125
0 0.20546875 0.80625 0.0453125 0.0453125
0 0.7484375 0.8171875 0.034375 0.03125
0 0.240625 0.34765625 0.025 0.025
0 0.79921875 0.49765625 0.0453125 0.04375
0 0.64453125 0.76171875 0.0359375 0.0359375
0 0.225 0.6765625 0.0296875 0.028125
0 0.67578125 0.34765625 0.190625 0.1859375
0 0.35078125 0.06875 0.0515625 0.0515625