0 0.35234375 0.0953125 0.034375 0.034375
0 0.546875 0.35 0.0390625 0.0359375
0 0.7484375 0.4359375 0.034375 0.03125
0 0.96640625 0.7046875 0.0453125 0.04375
0 0.9109375 0.7125 0.0265625 0.025
0 0.859375 0.7171875 0.0359375 0.034375
0 0.65 0.671875 0.0265625 0.0265625
0 0.53828125 0.77265625 0.0359375 0.0359375
0 0.4578125 0.646875 0.0390625 0.0359375
0 0.490625 0.4859375 0.0265625 0.025
0 0.86328125 0.646875 0.03125 0.03125
0 0.08515625 0.25 0.034375 0.034375
0 0.06484375 0.8484375 0.0359375 0.034375
0 0.225 0.76796875 0.0484375 0.0453125
0 0.2203125 0.86875 0.0921875 0.084375
0 0.97265625 0.7984375 0.0265625 0.0265625
0 0.9828125 0.91328125 0.034375 0.034375
0 0.86875 0.859375 0.0296875 0.0265625
0 0.52734375 0.03125 0.0296875 0.0265625
0 0.87734375 0.19140625 0.0359375 0.034375
0 0.178125 0.4265625 0.0515625 0.0484375