0 0.2875 0.06875 0.0390625 0.034375
0 0.25625 0.134375 0.0390625 0.03125
0 0.18515625 0.16796875 0.03125 0.0265625
0 0.54453125 0.275 0.034375 0.0296875
0 0.51328125 0.28828125 0.0359375 0.03125
0 0.43046875 0.259375 0.0296875 0.0265625
0 0.3078125 0.5203125 0.0296875 0.0265625
0 0.41484375 0.3890625 0.03125 0.0265625
0 0.31953125 0.0796875 0.03125 0.0265625
0 0.49765625 0.69375 0.03125 0.0265625
0 0.21015625 0.69921875 0.034375 0.0296875
0 0.13359375 0.77890625 0.0375 0.034375
0 0.09609375 0.7875 0.05625 0.0453125
0 0.59140625 0.83046875 0.04375 0.0359375
0 0.1921875 0.93125 0.0328125 0.0296875
0 0.0765625 0.93984375 0.04375 0.0359375
0 0.2984375 0.98046875 0.0484375 0.0390625
0 0.4 0.771875 0.0484375 0.040625
0 0.42421875 0.85 0.0453125 0.0390625
0 0.46640625 0.92890625 0.0390625 0.03125
0 0.56015625 0.9234375 0.0484375 0.040625
0 0.21875 0.1 0.0453125 0.0375