0 0.95703125 0.38828125 0.0359375 0.0359375
0 0.90859375 0.55390625 0.03125 0.028125
0 0.88671875 0.42890625 0.0265625 0.0265625
0 0.8609375 0.4046875 0.03125 0.0296875
0 0.85546875 0.31484375 0.03125 0.03125
0 0.85 0.334375 0.03125 0.03125
0 0.975 0.146875 0.0265625 0.025
0 0.75234375 0.62734375 0.0390625 0.0359375
0 0.7015625 0.5796875 0.0359375 0.034375
0 0.3609375 0.42421875 0.0484375 0.0453125
0 0.203125 0.54921875 0.0515625 0.0484375
0 0.48203125 0.75859375 0.0296875 0.028125
0 0.5328125 0.646875 0.028125 0.028125
0 0.57421875 0.69453125 0.0484375 0.0453125
0 0.671875 0.69921875 0.0484375 0.0453125
0 0.64453125 0.7296875 0.0359375 0.034375
0 0.8125 0.759375 0.034375 0.034375
0 0.7921875 0.70546875 0.028125 0.0265625
0 0.5359375 0.75703125 0.0265625 0.0234375
0 0.5625 0.80078125 0.0390625 0.0359375
0 0.665625 0.8140625 0.053125 0.0515625
0 0.4390625 0.83671875 0.0359375 0.034375
0 0.12109375 0.85234375 0.0265625 0.0265625
0 0.85 0.05390625 0.03125 0.03125
0 0.92578125 0.10234375 0.03125 0.0296875
0 0.89921875 0.16328125 0.03125 0.0296875
0 0.81484375 0.1078125 0.03125 0.03125
0 0.81953125 0.21640625 0.0296875 0.0265625
0 0.6875 0.28125 0.0265625 0.025
0 0.6984375 0.41015625 0.028125 0.0296875
0 0.671875 0.515625 0.053125 0.0515625
0 0.53125 0.3890625 0.0265625 0.025
0 0.72109375 0.01796875 0.0390625 0.0359375
0 0.63671875 0.02890625 0.0296875 0.0296875
0 0.475 0.02265625 0.040625 0.0390625
0 0.16015625 0.00859375 0.03125 0.0171875
0 0.36875 0.271875 0.0296875 0.0265625
0 0.365625 0.3390625 0.0796875 0.0765625
0 0.4953125 0.553125 0.0515625 0.0484375
0 0.5765625 0.5828125 0.0390625 0.0359375
0 0.6 0.45546875 0.209375 0.196875
0 0.06640625 0.98515625 0.0359375 0.0296875
0 0.88203125 0.83671875 0.0359375 0.034375
0 0.8921875 0.859375 0.0265625 0.0265625
0 0.86796875 0.8859375 0.0265625 0.025
0 0.7046875 0.8921875 0.0390625 0.0359375
0 0.57578125 0.88671875 0.0515625 0.0484375
0 0.6140625 0.875 0.034375 0.03125
0 0.49765625 0.87890625 0.0265625 0.025
0 0.78515625 0.9546875 0.0359375 0.034375
0 0.88828125 0.94609375 0.0296875 0.0296875
0 0.93984375 0.8421875 0.0796875 0.075
0 0.90625 0.66015625 0.0515625 0.0484375
0 0.896875 0.69921875 0.03125 0.03125
0 0.92578125 0.47578125 0.1109375 0.10625
0 0.43515625 0.77890625 0.0515625 0.0484375
0 0.8296875 0.803125 0.084375 0.0796875