0 0.0015625 0.0015625 0.003125 0.003125
0 0.11796875 0.015625 0.0515625 0.03125
0 0.38828125 0.025 0.0328125 0.034375
0 0.53984375 0.02421875 0.0453125 0.0453125
0 0.52734375 0.0671875 0.0453125 0.0453125
0 0.4390625 0.06875 0.0609375 0.059375
0 0.54453125 0.109375 0.04375 0.04375
0 0.54453125 0.14453125 0.053125 0.053125
0 0.509375 0.1140625 0.0296875 0.0296875
0 0.3703125 0.0984375 0.03125 0.03125
0 0.30625 0.09765625 0.03125 0.03125
0 0.021875 0.15625 0.0359375 0.0359375
0 0.10546875 0.21015625 0.025 0.025
0 0.2203125 0.2859375 0.053125 0.053125
0 0.43515625 0.259375 0.053125 0.053125
0 0.38359375 0.3890625 0.04375 0.04375
0 0.4046875 0.42421875 0.053125 0.053125
0 0.0828125 0.47578125 0.11875 0.115625
0 0.01953125 0.5140625 0.03125 0.03125
0 0.05625 0.5984375 0.065625 0.0625
0 0.15625 0.6234375 0.040625 0.040625
0 0.1203125 0.6265625 0.04375 0.040625
0 0.03984375 0.67421875 0.03125 0.03125
0 0.390625 0.62109375 0.04375 0.04375
0 0.525 0.68359375 0.0609375 0.0609375
0 0.42890625 0.69609375 0.0765625 0.0765625
0 0.6671875 0.52734375 0.0359375 0.0359375
0 0.615625 0.2640625 0.0359375 0.0359375
0 0.57109375 0.25 0.0390625 0.0390625
0 0.55390625 0.2171875 0.0359375 0.0359375
0 0.6671875 0.08203125 0.0234375 0.025
0 0.88359375 0.89921875 0.0359375 0.0359375
0 0.8125 0.93125 0.0453125 0.0453125
0 0.70078125 0.9390625 0.0359375 0.0359375
0 0.55078125 0.95546875 0.053125 0.0515625
0 0.415625 0.9546875 0.04375 0.04375
0 0.34375 0.88203125 0.084375 0.084375
0 0.321875 0.94375 0.0484375 0.0484375
0 0.28125 0.8765625 0.0265625 0.0265625
0 0.2234375 0.7515625 0.034375 0.03125
0 0.2390625 0.77734375 0.0265625 0.0265625
0 0.071875 0.7171875 0.0984375 0.096875
0 0.025 0.7609375 0.05 0.090625
0 0.0203125 0.8578125 0.040625 0.0515625
0 0.1828125 0.91015625 0.0703125 0.0703125
0 0.1828125 0.96640625 0.03125 0.03125
0 0.04453125 0.959375 0.04375 0.04375
0 0.09375 0.86640625 0.084375 0.0828125
0 0.12109375 0.7828125 0.1078125 0.1078125
0 0.553125 0.2953125 0.0359375 0.0359375