0 0.01171875 0.00859375 0.0234375 0.0171875
0 0.26171875 0.18984375 0.0390625 0.0359375
0 0.1921875 0.24609375 0.0296875 0.0296875
0 0.22578125 0.2546875 0.0359375 0.034375
0 0.21640625 0.44375 0.0265625 0.025
0 0.9265625 0.38359375 0.0296875 0.0265625
0 0.83046875 0.8921875 0.05625 0.0515625
0 0.81640625 0.896875 0.0265625 0.025
0 0.3453125 0.696875 0.0796875 0.075
0 0.1734375 0.75234375 0.103125 0.096875
0 0.15 0.80078125 0.0484375 0.0453125
0 0.1859375 0.83984375 0.0828125 0.0765625
0 0.20078125 0.62890625 0.21875 0.2015625
0 0.2921875 0.66484375 0.071875 0.0671875
0 0.02734375 0.65859375 0.034375 0.03125
0 0.0625 0.6078125 0.03125 0.028125
0 0.7328125 0.08046875 0.053125 0.0515625
0 0.953125 0.2296875 0.0515625 0.0484375
0 0.63828125 0.56640625 0.0265625 0.025