0 0.96875 0.703125 0.053125 0.053125
0 0.97109375 0.65625 0.025 0.025
0 0.13203125 0.28515625 0.03125 0.03125
0 0.14765625 0.3390625 0.0484375 0.0484375
0 0.0875 0.33671875 0.0265625 0.0265625
0 0.04296875 0.3375 0.0453125 0.04375
0 0.0671875 0.44140625 0.0296875 0.0296875
0 0.13203125 0.4390625 0.04375 0.04375
0 0.0640625 0.64921875 0.0359375 0.0359375
0 0.05546875 0.7984375 0.0703125 0.0703125
0 0.08203125 0.84140625 0.03125 0.03125
0 0.2390625 0.9 0.034375 0.034375
0 0.15390625 0.58671875 0.0578125 0.0578125
0 0.178125 0.509375 0.0328125 0.034375
0 0.290625 0.42578125 0.0390625 0.0390625
0 0.28984375 0.5890625 0.0515625 0.0515625
0 0.32578125 0.7140625 0.04375 0.04375
0 0.4078125 0.71484375 0.0265625 0.0265625
0 0.37890625 0.790625 0.03125 0.03125
0 0.328125 0.81484375 0.034375 0.034375
0 0.25234375 0.803125 0.03125 0.03125
0 0.1765625 0.7765625 0.0265625 0.0234375
0 0.19609375 0.71875 0.03125 0.03125
0 0.28984375 0.7953125 0.0234375 0.025
0 0.13828125 0.91953125 0.1140625 0.1140625
0 0.109375 0.80546875 0.040625 0.040625
0 0.03125 0.69609375 0.0625 0.090625
0 0.14921875 0.24140625 0.0328125 0.034375
0 0.21015625 0.2359375 0.040625 0.040625
0 0.41328125 0.9640625 0.0390625 0.0390625
0 0.37734375 0.9546875 0.0359375 0.0359375
0 0.38203125 0.88671875 0.0296875 0.0296875
0 0.5140625 0.7796875 0.040625 0.040625
0 0.5609375 0.6921875 0.03125 0.03125
0 0.55859375 0.90234375 0.0265625 0.0265625
0 0.53828125 0.84609375 0.0515625 0.0515625
0 0.584375 0.828125 0.0390625 0.0390625
0 0.703125 0.9234375 0.0484375 0.0484375
0 0.7875 0.94375 0.0359375 0.0359375
0 0.85 0.8859375 0.0265625 0.0265625
0 0.76328125 0.76328125 0.0515625 0.0515625
0 0.70078125 0.8234375 0.034375 0.034375
0 0.68984375 0.771875 0.0359375 0.034375
0 0.61640625 0.64296875 0.0671875 0.0671875
0 0.44609375 0.47734375 0.0265625 0.0265625
0 0.359375 0.64765625 0.03125 0.03125
0 0.50859375 0.2140625 0.0265625 0.0265625
0 0.5 0.31875 0.034375 0.0328125
0 0.74765625 0.25390625 0.0265625 0.0265625
0 0.865625 0.375 0.0484375 0.0453125
0 0.88359375 0.428125 0.0296875 0.0296875
0 0.9625 0.50625 0.03125 0.03125
0 0.725 0.63125 0.0265625 0.0265625
0 0.7765625 0.571875 0.0265625 0.0265625
0 0.71171875 0.5875 0.0265625 0.0265625
0 0.6421875 0.57421875 0.0703125 0.0671875
0 0.5609375 0.63203125 0.0484375 0.0453125
0 0.80390625 0.63125 0.065625 0.065625
0 0.85546875 0.6578125 0.03125 0.03125
0 0.8328125 0.7328125 0.025 0.025
0 0.89765625 0.8609375 0.025 0.025
0 0.859375 0.5828125 0.0265625 0.0265625
0 0.975 0.271875 0.04375 0.04375
0 0.9046875 0.65234375 0.0265625 0.0265625
0 0.94140625 0.66015625 0.0296875 0.0296875
0 0.91015625 0.69140625 0.034375 0.034375
0 0.77265625 0.50859375 0.0234375 0.0234375
0 0.9484375 0.3375 0.0296875 0.0296875
0 0.865625 0.03515625 0.0296875 0.0296875
0 0.62109375 0.06015625 0.0359375 0.0359375
0 0.4484375 0.12265625 0.04375 0.04375
0 0.27734375 0.0609375 0.0296875 0.0265625
0 0.209375 0.11796875 0.41875 0.2359375