0 0.0640625 0.51796875 0.0453125 0.0390625
0 0.19453125 0.41796875 0.03125 0.0265625
0 0.16015625 0.415625 0.040625 0.0359375
0 0.1671875 0.30546875 0.040625 0.034375
0 0.16484375 0.2484375 0.1 0.084375
0 0.02421875 0.19140625 0.0453125 0.0390625
0 0.0171875 0.15234375 0.034375 0.034375
0 0.0171875 0.071875 0.034375 0.028125
0 0.03984375 0.071875 0.0796875 0.1140625
0 0.0765625 0.0359375 0.034375 0.0296875
0 0.05078125 0.046875 0.03125 0.0265625
0 0.15234375 0.0734375 0.034375 0.0296875
0 0.25 0.15 0.034375 0.0296875
0 0.2765625 0.13671875 0.0390625 0.034375
0 0.265625 0.03515625 0.0359375 0.03125
0 0.15859375 0.14921875 0.03125 0.0265625
0 0.22734375 0.084375 0.1015625 0.0875
0 0.1265625 0.07109375 0.0765625 0.065625
0 0.4625 0.06953125 0.03125 0.0265625
0 0.5046875 0.16328125 0.0390625 0.0328125
0 0.578125 0.14765625 0.0609375 0.0515625
0 0.7140625 0.0828125 0.034375 0.0296875
0 0.5640625 0.22265625 0.090625 0.0765625
0 0.75625 0.10546875 0.0390625 0.034375
0 0.69453125 0.26953125 0.1609375 0.1375
0 0.6828125 0.19609375 0.04375 0.0375
0 0.828125 0.86171875 0.03125 0.0265625
0 0.728125 0.975 0.03125 0.0265625
0 0.55390625 0.51328125 0.04375 0.0359375
0 0.4640625 0.75625 0.040625 0.034375
0 0.578125 0.41796875 0.1140625 0.096875
0 0.446875 0.46484375 0.0671875 0.0578125
0 0.49296875 0.45703125 0.0359375 0.03125
0 0.328125 0.45703125 0.040625 0.0359375
0 0.296875 0.49140625 0.053125 0.0453125
0 0.3109375 0.53359375 0.0390625 0.03125
0 0.25859375 0.6453125 0.034375 0.0265625
0 0.234375 0.79453125 0.065625 0.05625
0 0.1671875 0.81015625 0.0609375 0.0515625
0 0.2640625 0.4078125 0.040625 0.0328125
0 0.2046875 0.296875 0.0296875 0.025
0 0.2078125 0.32578125 0.0328125 0.0296875
0 0.35078125 0.375 0.0796875 0.0671875
0 0.3421875 0.25390625 0.0453125 0.040625