0 0.23671875 0.23046875 0.0984375 0.0875
0 0.09140625 0.2171875 0.0359375 0.034375
0 0.8390625 0.13671875 0.04375 0.0390625
0 0.85703125 0.02890625 0.084375 0.0578125
0 0.83203125 0.64296875 0.0390625 0.034375
0 0.83203125 0.4828125 0.05625 0.0484375
0 0.86328125 0.5421875 0.125 0.1109375
0 0.8328125 0.60703125 0.0296875 0.0265625
0 0.5515625 0.52890625 0.0484375 0.04375
0 0.2703125 0.71171875 0.040625 0.0359375
0 0.38359375 0.7171875 0.0515625 0.04375
0 0.28828125 0.3765625 0.034375 0.03125
0 0.44140625 0.44921875 0.1546875 0.134375
0 0.390625 0.3921875 0.040625 0.0359375
0 0.36328125 0.36171875 0.0671875 0.0609375
0 0.2921875 0.47734375 0.0484375 0.04375
0 0.69921875 0.2078125 0.0296875 0.025
0 0.40390625 0.240625 0.1171875 0.103125
0 0.49609375 0.5953125 0.2125 0.1875
0 0.515625 0.3734375 0.0671875 0.0609375
0 0.540625 0.26796875 0.1015625 0.0890625
0 0.828125 0.81640625 0.065625 0.0578125
0 0.76953125 0.77734375 0.05625 0.0484375
0 0.3390625 0.80859375 0.1140625 0.0984375
0 0.0578125 0.5046875 0.115625 0.1515625
0 0.28125 0.1875 0.096875 0.084375
0 0.03359375 0.134375 0.0671875 0.071875
0 0.0359375 0.209375 0.071875 0.0703125
0 0.14296875 0.8734375 0.2265625 0.196875
0 0.03984375 0.88125 0.0796875 0.0796875
0 0.25703125 0.75390625 0.084375 0.075
0 0.759375 0.99140625 0.028125 0.0171875
0 0.80390625 0.86640625 0.03125 0.0265625
0 0.2453125 0.4 0.0390625 0.0328125
0 0.240625 0.3640625 0.0390625 0.034375