0 0.5921875 0.14765625 0.23125 0.1734375
0 0.73203125 0.446875 0.2953125 0.221875
0 0.65859375 0.51171875 0.2671875 0.2
0 0.109375 0.6203125 0.21875 0.1640625
0 0.18046875 0.03984375 0.125 0.0796875
0 0.084375 0.29453125 0.1296875 0.0953125
0 0.02265625 0.44453125 0.0453125 0.0359375
0 0.01328125 0.4234375 0.0265625 0.03125
0 0.13125 0.4046875 0.04375 0.034375
0 0.1390625 0.43515625 0.034375 0.0265625
0 0.47734375 0.51171875 0.0578125 0.04375
0 0.4078125 0.53828125 0.0921875 0.0671875
0 0.2875 0.54453125 0.15625 0.11875
0 0.0203125 0.703125 0.040625 0.05625
0 0.4203125 0.5921875 0.04375 0.03125
0 0.63203125 0.6078125 0.0625 0.0484375
0 0.68046875 0.6984375 0.1390625 0.103125
0 0.7875 0.7921875 0.0453125 0.034375
0 0.88671875 0.85546875 0.034375 0.025
0 0.8796875 0.3265625 0.15625 0.115625
0 0.728125 0.3453125 0.0984375 0.071875
0 0.65 0.3484375 0.04375 0.034375
0 0.5375 0.453125 0.0390625 0.0296875
0 0.446875 0.42890625 0.034375 0.025
0 0.49296875 0.37265625 0.0921875 0.0671875
0 0.45703125 0.36328125 0.0453125 0.034375
0 0.46015625 0.39453125 0.053125 0.0390625
0 0.4984375 0.3171875 0.0484375 0.0359375
0 0.43984375 0.30390625 0.0359375 0.0296875
0 0.42890625 0.3375 0.04375 0.03125
0 0.4640625 0.3328125 0.0390625 0.0296875
0 0.28984375 0.40234375 0.125 0.0921875
0 0.2984375 0.3609375 0.1328125 0.0984375
0 0.3015625 0.29453125 0.0796875 0.0578125
0 0.3390625 0.45703125 0.0453125 0.034375
0 0.40625 0.16328125 0.071875 0.053125
0 0.453125 0.15625 0.065625 0.0515625
0 0.4640625 0.225 0.084375 0.0625
0 0.3578125 0.2296875 0.1546875 0.115625
0 0.28359375 0.14765625 0.0390625 0.0296875
0 0.26328125 0.1765625 0.040625 0.03125
0 0.27890625 0.078125 0.0703125 0.053125
0 0.58203125 0.084375 0.0390625 0.028125
0 0.5484375 0.12734375 0.0359375 0.0265625
0 0.68359375 0.22265625 0.034375 0.0265625
0 0.71015625 0.2390625 0.040625 0.03125
0 0.9 0.23203125 0.0703125 0.053125
0 0.9171875 0.2671875 0.0796875 0.0609375
0 0.1203125 0.978125 0.0578125 0.04375
0 0.11171875 0.796875 0.0515625 0.0359375
0 0.2390625 0.69609375 0.0453125 0.034375
0 0.32421875 0.69921875 0.0890625 0.0671875
0 0.071875 0.7796875 0.0359375 0.0265625
0 0.08515625 0.82421875 0.075 0.05625
0 0.1140625 0.8921875 0.0515625 0.0359375
0 0.0640625 0.90390625 0.053125 0.0390625
0 0.38125 0.2953125 0.0765625 0.0578125
0 0.5421875 0.40625 0.0765625 0.0578125
0 0.8375 0.103125 0.0671875 0.0515625
0 0.96875 0.6234375 0.0625 0.0484375