0 0.11640625 0.55390625 0.025 0.0234375
0 0.4859375 0.865625 0.0265625 0.025
0 0.0765625 0.38203125 0.0265625 0.0265625
0 0.8390625 0.44921875 0.025 0.025
0 0.60078125 0.6828125 0.0453125 0.0453125
0 0.54921875 0.73203125 0.0359375 0.0359375
0 0.72109375 0.75 0.0484375 0.0484375
0 0.78515625 0.75859375 0.034375 0.034375
0 0.84765625 0.9328125 0.0296875 0.0296875
0 0.96640625 0.3953125 0.025 0.0234375
0 0.6359375 0.040625 0.0390625 0.0390625
0 0.59765625 0.025 0.025 0.025
0 0.64765625 0.45703125 0.0390625 0.0390625
0 0.671875 0.67578125 0.034375 0.034375
0 0.4703125 0.87734375 0.040625 0.040625
0 0.2703125 0.84140625 0.09375 0.09375
0 0.40234375 0.34140625 0.0296875 0.0296875
0 0.84375 0.29296875 0.03125 0.03125
0 0.79921875 0.3296875 0.025 0.0234375
0 0.759375 0.34140625 0.0265625 0.0265625