0 0.009375 0.178125 0.01875 0.025
0 0.30625 0.1140625 0.0515625 0.04375
0 0.2765625 0.165625 0.0296875 0.0265625
0 0.26796875 0.28125 0.0296875 0.025
0 0.3703125 0.29296875 0.0296875 0.0265625
0 0.38671875 0.32109375 0.0390625 0.034375
0 0.428125 0.240625 0.0359375 0.03125
0 0.06484375 0.48203125 0.0375 0.034375
0 0.01328125 0.37890625 0.0265625 0.0390625
0 0.2484375 0.50859375 0.0484375 0.040625
0 0.25390625 0.56015625 0.0359375 0.03125
0 0.21640625 0.58984375 0.0296875 0.025
0 0.37265625 0.62109375 0.04375 0.0359375
0 0.36328125 0.5890625 0.0296875 0.0234375
0 0.49375 0.56484375 0.040625 0.0359375
0 0.4671875 0.51171875 0.0296875 0.025
0 0.521875 0.64296875 0.03125 0.028125
0 0.365625 0.4703125 0.0296875 0.025
0 0.32578125 0.43125 0.0390625 0.034375
0 0.3609375 0.41796875 0.0453125 0.0390625
0 0.2671875 0.4359375 0.03125 0.0265625
0 0.43515625 0.37109375 0.0296875 0.0265625
0 0.46484375 0.37734375 0.03125 0.0265625
0 0.025 0.121875 0.05 0.075
0 0.2015625 0.384375 0.11875 0.1015625
0 0.7203125 0.49140625 0.034375 0.0296875
0 0.7015625 0.51953125 0.028125 0.025
0 0.69140625 0.56875 0.040625 0.0359375
0 0.73203125 0.578125 0.0359375 0.03125
0 0.5828125 0.4703125 0.0453125 0.0390625
0 0.7703125 0.34375 0.0390625 0.034375
0 0.74765625 0.421875 0.0484375 0.040625
0 0.890625 0.5015625 0.0390625 0.034375
0 0.93984375 0.49765625 0.0515625 0.04375
0 0.85546875 0.39921875 0.0828125 0.071875
0 0.734375 0.1921875 0.053125 0.0453125
0 0.54921875 0.21484375 0.15625 0.134375
0 0.646875 0.33203125 0.0828125 0.0703125
0 0.75703125 0.3375 0.1734375 0.1484375
0 0.88203125 0.2328125 0.1375 0.11875
0 0.83515625 0.15859375 0.0984375 0.084375
0 0.88203125 0.10546875 0.0390625 0.034375
0 0.9609375 0.009375 0.040625 0.01875
0 0.89453125 0.01796875 0.034375 0.0296875
0 0.48203125 0.44140625 0.0296875 0.025
0 0.98046875 0.2328125 0.0390625 0.0359375
0 0.97265625 0.75625 0.034375 0.028125
0 0.88828125 0.87890625 0.0390625 0.034375
0 0.740625 0.92890625 0.0359375 0.03125
0 0.61328125 0.92578125 0.0390625 0.034375
0 0.7203125 0.7171875 0.1140625 0.096875
0 0.6765625 0.73203125 0.1171875 0.1015625
0 0.8484375 0.7765625 0.0296875 0.0234375
0 0.571875 0.78984375 0.028125 0.0265625
0 0.60234375 0.8578125 0.096875 0.0828125
0 0.2390625 0.828125 0.0703125 0.0609375
0 0.2046875 0.7453125 0.040625 0.0359375
0 0.11875 0.66953125 0.0359375 0.028125
0 0.11640625 0.884375 0.0703125 0.0609375
0 0.16484375 0.93984375 0.040625 0.0359375
0 0.19453125 0.9078125 0.0765625 0.0671875
0 0.3765625 0.7515625 0.0296875 0.025
0 0.5375 0.6921875 0.0703125 0.059375
0 0.45703125 0.6921875 0.4453125 0.3796875
0 0.0171875 0.9359375 0.03125 0.0265625
0 0.77421875 0.584375 0.0390625 0.034375
0 0.7203125 0.6359375 0.03125 0.0265625
0 0.6671875 0.60546875 0.034375 0.0296875
0 0.28828125 0.46171875 0.0359375 0.0296875
0 0.296875 0.8953125 0.0359375 0.03125