0 0.803125 0.1078125 0.0828125 0.0796875
0 0.74609375 0.08671875 0.0765625 0.075
0 0.859375 0.2859375 0.0265625 0.0234375
0 0.8109375 0.275 0.03125 0.03125
0 0.6984375 0.4125 0.0265625 0.0265625
0 0.75 0.5375 0.03125 0.03125
0 0.7484375 0.56484375 0.034375 0.034375
0 0.6453125 0.4671875 0.028125 0.0265625
0 0.4671875 0.4421875 0.0265625 0.0265625
0 0.42578125 0.43125 0.0265625 0.025
0 0.44375 0.30859375 0.040625 0.0390625
0 0.47734375 0.171875 0.0484375 0.0484375
0 0.50234375 0.00703125 0.028125 0.0140625
0 0.8328125 0.59765625 0.0390625 0.0359375
0 0.30625 0.1296875 0.0796875 0.0765625
0 0.0359375 0.0140625 0.03125 0.028125
0 0.37109375 0.0484375 0.053125 0.053125
0 0.58515625 0.66796875 0.0578125 0.0578125
0 0.69140625 0.790625 0.034375 0.03125
0 0.70546875 0.89453125 0.0265625 0.0265625
0 0.42578125 0.70546875 0.0296875 0.028125
0 0.19609375 0.6625 0.2546875 0.246875
0 0.009375 0.9484375 0.01875 0.028125
0 0.21015625 0.86171875 0.0265625 0.025