0 0.06875 0.23671875 0.0375 0.0390625
0 0.03515625 0.27421875 0.053125 0.053125
0 0.1203125 0.4640625 0.053125 0.053125
0 0.26171875 0.3109375 0.040625 0.040625
0 0.27890625 0.36796875 0.0625 0.0625
0 0.0515625 0.17578125 0.103125 0.15625
0 0.1453125 0.0640625 0.0296875 0.028125
0 0.0328125 0.79453125 0.04375 0.04375
0 0.1140625 0.6875 0.025 0.025
0 0.07421875 0.66484375 0.03125 0.03125
0 0.171875 0.084375 0.2453125 0.16875
0 0.37734375 0.1609375 0.2640625 0.2640625
0 0.05390625 0.7609375 0.1078125 0.1171875
0 0.41796875 0.709375 0.053125 0.053125
0 0.49296875 0.76953125 0.0875 0.0875
0 0.62109375 0.69375 0.075 0.075
0 0.6515625 0.7796875 0.1109375 0.1109375
0 0.55390625 0.79453125 0.04375 0.04375
0 0.56484375 0.7359375 0.059375 0.059375
0 0.52421875 0.70546875 0.03125 0.03125
0 0.36328125 0.5890625 0.0625 0.0625
0 0.3890625 0.5515625 0.0484375 0.0484375
0 0.28828125 0.5828125 0.040625 0.040625
0 0.23671875 0.75234375 0.03125 0.03125
0 0.35546875 0.72265625 0.04375 0.04375
0 0.3390625 0.6921875 0.0921875 0.090625
0 0.49609375 0.5640625 0.053125 0.053125
0 0.5203125 0.615625 0.03125 0.03125
0 0.67890625 0.5578125 0.065625 0.065625
0 0.634375 0.5359375 0.040625 0.040625
0 0.5875 0.28984375 0.028125 0.0296875
0 0.5890625 0.265625 0.0265625 0.0265625
0 0.65390625 0.3125 0.053125 0.053125
0 0.796875 0.1984375 0.034375 0.034375
0 0.703125 0.21640625 0.0265625 0.0265625
0 0.85078125 0.446875 0.0359375 0.0359375
0 0.74609375 0.4484375 0.10625 0.10625
0 0.7046875 0.50390625 0.0515625 0.0515625
0 0.6109375 0.57109375 0.034375 0.034375
0 0.63828125 0.61640625 0.065625 0.065625
0 0.56484375 0.66953125 0.05625 0.05625
0 0.57578125 0.4796875 0.0796875 0.0796875
0 0.49765625 0.6890625 0.0578125 0.0578125
0 0.8328125 0.646875 0.3203125 0.3203125
0 0.9546875 0.03515625 0.0484375 0.0484375
0 0.98515625 0.4765625 0.0296875 0.034375
0 0.0890625 0.2796875 0.0484375 0.0484375
0 0.8609375 0.33984375 0.0265625 0.0265625
0 0.41484375 0.4046875 0.0265625 0.0265625