0 0.025 0.8796875 0.0265625 0.025
0 0.228125 0.86328125 0.1375 0.128125
0 0.1453125 0.77890625 0.0578125 0.053125
0 0.11640625 0.71875 0.0984375 0.0921875
0 0.1046875 0.53515625 0.0515625 0.0484375
0 0.13828125 0.609375 0.0765625 0.071875
0 0.21015625 0.63671875 0.0515625 0.0453125
0 0.28125 0.59609375 0.03125 0.028125
0 0.3140625 0.60546875 0.0359375 0.034375
0 0.26171875 0.55859375 0.0515625 0.0453125
0 0.321875 0.53125 0.09375 0.0875
0 0.25234375 0.63828125 0.0296875 0.028125
0 0.28515625 0.64296875 0.0265625 0.025
0 0.3640625 0.6765625 0.0390625 0.0359375
0 0.2953125 0.71875 0.0453125 0.04375
0 0.36875 0.77890625 0.040625 0.0390625
0 0.39296875 0.76328125 0.0484375 0.0453125
0 0.40234375 0.71015625 0.0359375 0.034375
0 0.421875 0.67578125 0.03125 0.0296875
0 0.2015625 0.44921875 0.0390625 0.0359375
0 0.30859375 0.44921875 0.0390625 0.0359375
0 0.328125 0.43046875 0.065625 0.0609375
0 0.39453125 0.45078125 0.0609375 0.0578125
0 0.38828125 0.53125 0.040625 0.0390625
0 0.3734375 0.48203125 0.0828125 0.0765625
0 0.43515625 0.50234375 0.053125 0.0515625
0 0.57109375 0.6390625 0.053125 0.0515625
0 0.6046875 0.75859375 0.065625 0.059375
0 0.2859375 0.3765625 0.0453125 0.04375
0 0.2546875 0.35234375 0.0578125 0.053125
0 0.0515625 0.33984375 0.0390625 0.034375
0 0.5578125 0.98984375 0.03125 0.0203125
0 0.521875 0.8078125 0.04375 0.040625
0 0.4703125 0.76796875 0.0578125 0.05625
0 0.70546875 0.72265625 0.0453125 0.04375
0 0.7296875 0.7546875 0.034375 0.03125
0 0.7703125 0.69609375 0.03125 0.028125
0 0.89765625 0.74296875 0.034375 0.03125
0 0.77421875 0.55859375 0.1078125 0.1015625
0 0.70703125 0.44453125 0.03125 0.0296875
0 0.92890625 0.81953125 0.0265625 0.0265625
0 0.61875 0.83671875 0.03125 0.0296875
0 0.33515625 0.91484375 0.0609375 0.05625
0 0.6765625 0.98203125 0.040625 0.0359375
0 0.978125 0.03515625 0.0359375 0.034375
0 0.85546875 0.046875 0.034375 0.03125
0 0.75625 0.1625 0.3015625 0.2796875
0 0.66796875 0.421875 0.034375 0.03125
0 0.603125 0.3734375 0.03125 0.0296875
0 0.46171875 0.4125 0.1140625 0.10625
0 0.365625 0.35703125 0.03125 0.03125
0 0.4265625 0.259375 0.0265625 0.025
0 0.39765625 0.16953125 0.04375 0.040625
0 0.30859375 0.19609375 0.0625 0.0578125
0 0.28828125 0.1609375 0.0765625 0.06875
0 0.17578125 0.26328125 0.04375 0.040625
0 0.5328125 0.0515625 0.034375 0.03125
0 0.1046875 0.28828125 0.0921875 0.084375
0 0.08984375 0.11875 0.034375 0.03125
0 0.16953125 0.12265625 0.0265625 0.025
0 0.14453125 0.1359375 0.03125 0.0296875
0 0.23671875 0.3125 0.04375 0.040625
0 0.05078125 0.05390625 0.1015625 0.1078125
0 0.4234375 0.0375 0.053125 0.0484375
0 0.73046875 0.36640625 0.0609375 0.0546875
0 0.109375 0.0828125 0.0296875 0.0265625