0 0.3921875 0.4375 0.31875 0.3203125
0 0.81875 0.91796875 0.0296875 0.0296875
0 0.984375 0.61796875 0.025 0.0234375
0 0.9359375 0.3125 0.0265625 0.0265625
0 0.86328125 0.4109375 0.065625 0.065625
0 0.79453125 0.4015625 0.03125 0.03125
0 0.6703125 0.4234375 0.03125 0.03125
0 0.83984375 0.48046875 0.0296875 0.0296875
0 0.81953125 0.59140625 0.0578125 0.0578125
0 0.71640625 0.88125 0.059375 0.0609375
0 0.60703125 0.97578125 0.025 0.025
0 0.584375 0.2171875 0.0453125 0.0453125
0 0.5 0.3140625 0.0359375 0.0359375
0 0.37734375 0.23203125 0.0890625 0.0890625
0 0.28984375 0.24296875 0.03125 0.03125
0 0.271875 0.61640625 0.0484375 0.0484375
0 0.24765625 0.6609375 0.03125 0.03125
0 0.134375 0.6546875 0.04375 0.04375
0 0.19453125 0.39296875 0.0359375 0.0359375
0 0.1515625 0.484375 0.0296875 0.0296875
0 0.08046875 0.49140625 0.034375 0.034375
0 0.025 0.50234375 0.0296875 0.028125
0 0.04921875 0.0375 0.025 0.025
0 0.1 0.109375 0.034375 0.034375
0 0.12109375 0.09140625 0.03125 0.03125
0 0.19375 0.11796875 0.03125 0.03125
0 0.25859375 0.1609375 0.0390625 0.0375
0 0.4421875 0.12265625 0.0515625 0.0515625
0 0.6921875 0.0203125 0.0390625 0.0390625
0 0.73671875 0.17421875 0.025 0.025
0 0.71171875 0.1515625 0.028125 0.0296875
0 0.8546875 0.05859375 0.0265625 0.0265625
0 0.78828125 0.071875 0.0265625 0.0265625
0 0.98046875 0.10703125 0.025 0.025