0 0.1046875 0.5015625 0.034375 0.03125
0 0.15390625 0.5625 0.0515625 0.0515625
0 0.2859375 0.60078125 0.0296875 0.028125
0 0.2390625 0.7140625 0.065625 0.0625
0 0.1828125 0.765625 0.0328125 0.034375
0 0.22265625 0.81484375 0.03125 0.03125
0 0.13828125 0.73203125 0.0328125 0.03125
0 0.17890625 0.959375 0.0265625 0.0265625
0 0.08984375 0.890625 0.03125 0.03125
0 0.0484375 0.6859375 0.03125 0.03125
0 0.37265625 0.87265625 0.0328125 0.034375
0 0.396875 0.88828125 0.0296875 0.0296875
0 0.6515625 0.9046875 0.0578125 0.0578125
0 0.91796875 0.9125 0.03125 0.03125
0 0.98515625 0.5515625 0.0296875 0.03125
0 0.93515625 0.7390625 0.0625 0.059375
0 0.83984375 0.60546875 0.0265625 0.0265625
0 0.7640625 0.32421875 0.028125 0.0296875
0 0.759375 0.51171875 0.0265625 0.0265625
0 0.85078125 0.41328125 0.04375 0.04375
0 0.87265625 0.30078125 0.0609375 0.0609375
0 0.5140625 0.49609375 0.0390625 0.0390625
0 0.29296875 0.14765625 0.0359375 0.0359375
0 0.28828125 0.92421875 0.0265625 0.0265625
0 0.015625 0.8421875 0.03125 0.0484375
0 0.01953125 0.86875 0.0390625 0.04375
0 0.0171875 0.7859375 0.034375 0.034375
0 0.4015625 0.84375 0.0390625 0.0359375
0 0.22265625 0.88828125 0.0265625 0.0265625
0 0.0765625 0.96875 0.025 0.025
0 0.80078125 0.8609375 0.03125 0.03125
0 0.96875 0.29296875 0.0625 0.0671875
0 0.96171875 0.225 0.065625 0.0625
0 0.9171875 0.24296875 0.0796875 0.0765625
0 0.8484375 0.33203125 0.03125 0.03125
0 0.796875 0.32421875 0.0390625 0.0359375
0 0.446875 0.16796875 0.0390625 0.0359375
0 0.57421875 0.15625 0.0390625 0.0390625
0 0.32578125 0.08671875 0.0328125 0.034375
0 0.0203125 0.1703125 0.03125 0.03125
0 0.91484375 0.3765625 0.0265625 0.0234375
0 0.82109375 0.49140625 0.04375 0.04375
0 0.66015625 0.2234375 0.034375 0.034375
0 0.821875 0.2671875 0.0453125 0.0453125
0 0.8765625 0.2046875 0.03125 0.03125
0 0.9421875 0.41484375 0.034375 0.034375
0 0.69140625 0.4265625 0.034375 0.03125
0 0.49609375 0.4421875 0.040625 0.0390625
0 0.6296875 0.5609375 0.0265625 0.0265625
0 0.759375 0.46171875 0.0265625 0.025
0 0.46875 0.4703125 0.04375 0.04375
0 0.4015625 0.375 0.0265625 0.0265625
0 0.2828125 0.6828125 0.0359375 0.0359375
0 0.2640625 0.640625 0.0453125 0.0453125
0 0.1 0.73828125 0.040625 0.040625
0 0.125 0.60234375 0.0359375 0.0359375
0 0.0921875 0.5328125 0.0265625 0.0265625
0 0.09375 0.55625 0.040625 0.040625
0 0.14921875 0.4890625 0.0453125 0.0453125
0 0.0828125 0.38828125 0.0296875 0.0296875
0 0.0984375 0.23046875 0.03125 0.03125
0 0.1234375 0.65859375 0.0265625 0.0265625
0 0.0484375 0.7515625 0.04375 0.040625
0 0.66484375 0.14296875 0.065625 0.0625
0 0.21171875 0.46484375 0.0359375 0.0359375
0 0.0484375 0.56953125 0.0296875 0.0265625