0 0.5671875 0.96015625 0.0484375 0.0453125
0 0.8375 0.9359375 0.0578125 0.05625
0 0.9484375 0.775 0.0296875 0.0265625
0 0.8375 0.86796875 0.065625 0.0625
0 0.365625 0.81015625 0.0609375 0.059375
0 0.0359375 0.803125 0.0265625 0.0265625
0 0.0921875 0.81953125 0.053125 0.0515625
0 0.9109375 0.93359375 0.0265625 0.0265625
0 0.36796875 0.68125 0.03125 0.03125
0 0.33515625 0.68046875 0.040625 0.040625
0 0.5484375 0.66015625 0.075 0.071875
0 0.334375 0.584375 0.0359375 0.034375
0 0.3921875 0.5625 0.0671875 0.065625
0 0.259375 0.48671875 0.040625 0.040625
0 0.1390625 0.5140625 0.0875 0.084375
0 0.08046875 0.48828125 0.04375 0.040625
0 0.0625 0.44140625 0.0671875 0.0671875
0 0.07421875 0.14765625 0.084375 0.084375
0 0.225 0.353125 0.04375 0.04375
0 0.24375 0.41796875 0.0828125 0.0828125
0 0.48046875 0.4109375 0.128125 0.125
0 0.3640625 0.37734375 0.0453125 0.04375
0 0.4234375 0.0828125 0.0265625 0.0265625
0 0.540625 0.16328125 0.0984375 0.096875
0 0.2640625 0.0171875 0.0390625 0.034375
0 0.35078125 0.10546875 0.053125 0.0515625
0 0.478125 0.0328125 0.0453125 0.0453125
0 0.7765625 0.05546875 0.1765625 0.1109375
0 0.828125 0.103125 0.0265625 0.0265625
0 0.82421875 0.24296875 0.0296875 0.0296875
0 0.14765625 0.2125 0.0875 0.084375
0 0.17421875 0.3234375 0.075 0.071875
0 0.2046875 0.3921875 0.03125 0.03125
0 0.2046875 0.1671875 0.0609375 0.0578125
0 0.296875 0.13359375 0.0578125 0.05625
0 0.64921875 0.3078125 0.028125 0.0265625
0 0.6703125 0.36328125 0.034375 0.034375
0 0.759375 0.5625 0.0484375 0.0484375
0 0.77421875 0.61171875 0.053125 0.0515625
0 0.7765625 0.6609375 0.059375 0.059375
0 0.75859375 0.734375 0.034375 0.03125
0 0.51328125 0.50390625 0.065625 0.0625
0 0.60546875 0.2390625 0.0765625 0.075
0 0.759375 0.23671875 0.040625 0.0390625
0 0.796875 0.24765625 0.065625 0.065625
0 0.87890625 0.234375 0.0296875 0.0296875
0 0.88125 0.271875 0.0671875 0.0640625
0 0.8421875 0.31875 0.0921875 0.0890625
0 0.90859375 0.35234375 0.0703125 0.0703125
0 0.93046875 0.3859375 0.0671875 0.065625
0 0.9578125 0.4203125 0.0453125 0.04375
0 0.875 0.709375 0.0296875 0.028125
0 0.921875 0.759375 0.0265625 0.0265625
0 0.803125 0.50234375 0.0265625 0.0265625
0 0.9875 0.1328125 0.025 0.028125
0 0.26953125 0.52734375 0.0515625 0.0484375
0 0.728125 0.58671875 0.0359375 0.034375
0 0.31875 0.2546875 0.0359375 0.0359375