0 0.5296875 0.0140625 0.0265625 0.0265625
0 0.371875 0.01171875 0.034375 0.0234375
0 0.0765625 0.109375 0.03125 0.0296875
0 0.0734375 0.0625 0.0671875 0.0625
0 0.11875 0.3546875 0.0265625 0.0265625
0 0.2296875 0.4546875 0.03125 0.0296875
0 0.2125 0.603125 0.040625 0.0390625
0 0.271875 0.7828125 0.0328125 0.03125
0 0.25234375 0.7515625 0.0265625 0.025
0 0.14765625 0.7140625 0.0453125 0.04375
0 0.28984375 0.546875 0.0296875 0.0265625
0 0.2359375 0.365625 0.0265625 0.0265625
0 0.3375 0.275 0.0265625 0.0234375
0 0.3140625 0.21171875 0.03125 0.0296875
0 0.4671875 0.2359375 0.0390625 0.0359375
0 0.5765625 0.21484375 0.0453125 0.040625
0 0.49375 0.47109375 0.034375 0.03125
0 0.3484375 0.46875 0.0296875 0.0265625
0 0.5671875 0.09140625 0.03125 0.0296875
0 0.56640625 0.84375 0.053125 0.0484375
0 0.48046875 0.8578125 0.040625 0.0390625
0 0.02421875 0.8796875 0.0484375 0.05625
0 0.040625 0.903125 0.08125 0.08125