0 0.04921875 0.74375 0.0265625 0.025
0 0.15625 0.6515625 0.075 0.071875
0 0.17890625 0.734375 0.0265625 0.025
0 0.225 0.75859375 0.0296875 0.0265625
0 0.17578125 0.865625 0.04375 0.04375
0 0.26796875 0.91015625 0.0296875 0.0296875
0 0.2515625 0.55625 0.0265625 0.0265625
0 0.4015625 0.696875 0.040625 0.040625
0 0.55859375 0.82109375 0.0265625 0.0265625
0 0.5875 0.9703125 0.0515625 0.0515625
0 0.525 0.61875 0.03125 0.028125
0 0.5734375 0.6109375 0.028125 0.028125
0 0.83203125 0.9671875 0.0671875 0.065625
0 0.8609375 0.9328125 0.0265625 0.0265625
0 0.83671875 0.89921875 0.0515625 0.0515625
0 0.83046875 0.74609375 0.025 0.025
0 0.96015625 0.73828125 0.053125 0.053125
0 0.96484375 0.11328125 0.03125 0.03125
0 0.3390625 0.04296875 0.090625 0.0859375
0 0.36640625 0.078125 0.0453125 0.04375
0 0.48828125 0.0421875 0.0453125 0.0453125
0 0.61328125 0.1734375 0.0484375 0.0484375
0 0.821875 0.1625 0.034375 0.03125
0 0.56875 0.1234375 0.034375 0.034375
0 0.48671875 0.25859375 0.059375 0.0578125
0 0.50390625 0.21640625 0.025 0.025
0 0.55859375 0.24765625 0.0484375 0.0453125
0 0.33515625 0.20546875 0.034375 0.03125
0 0.33515625 0.1875 0.034375 0.03125
0 0.3453125 0.17421875 0.0265625 0.025
0 0.27734375 0.1859375 0.05625 0.05625
0 0.1109375 0.1515625 0.071875 0.06875
0 0.3234375 0.2609375 0.040625 0.0390625
0 0.5328125 0.2796875 0.040625 0.040625
0 0.553125 0.1765625 0.04375 0.040625
0 0.94921875 0.3109375 0.071875 0.0703125
0 0.89453125 0.38203125 0.034375 0.034375
0 0.66796875 0.37109375 0.034375 0.03125
0 0.61640625 0.41015625 0.028125 0.0296875
0 0.6296875 0.41953125 0.040625 0.0390625
0 0.8734375 0.5046875 0.025 0.0234375
0 0.3890625 0.49296875 0.03125 0.03125
0 0.35703125 0.32578125 0.03125 0.0296875
0 0.521875 0.32109375 0.03125 0.03125
0 0.2953125 0.38125 0.0328125 0.03125
0 0.29296875 0.52421875 0.0515625 0.0484375
0 0.3234375 0.5671875 0.034375 0.034375
0 0.66484375 0.7203125 0.03125 0.03125
0 0.69921875 0.75 0.0265625 0.0265625
0 0.6046875 0.67890625 0.028125 0.028125
0 0.85234375 0.6765625 0.0265625 0.0234375
0 0.9328125 0.05625 0.0265625 0.0265625
0 0.0828125 0.415625 0.03125 0.03125
0 0.015625 0.37265625 0.0296875 0.0296875
0 0.053125 0.2671875 0.040625 0.040625
0 0.36171875 0.540625 0.0234375 0.025
0 0.24375 0.428125 0.025 0.025
0 0.94140625 0.9359375 0.040625 0.040625
0 0.8328125 0.8109375 0.0453125 0.04375
0 0.959375 0.5796875 0.0359375 0.034375
0 0.58671875 0.37265625 0.0390625 0.0359375
0 0.5375 0.39296875 0.0359375 0.0359375
0 0.49375 0.3921875 0.034375 0.0328125
0 0.4515625 0.65390625 0.0296875 0.0265625
0 0.415625 0.06875 0.0546875 0.05625
0 0.1515625 0.709375 0.03125 0.03125