0 0.56015625 0.22109375 0.5296875 0.4421875
0 0.2140625 0.8765625 0.0484375 0.0453125
0 0.19375 0.80546875 0.0453125 0.04375
0 0.17421875 0.77890625 0.0359375 0.034375
0 0.05625 0.8421875 0.0296875 0.0296875
0 0.209375 0.6921875 0.2046875 0.196875
0 0.25703125 0.603125 0.034375 0.034375
0 0.3734375 0.66796875 0.1640625 0.15625
0 0.37265625 0.77265625 0.0328125 0.03125
0 0.50234375 0.68515625 0.1109375 0.10625
0 0.53125 0.80625 0.2140625 0.2046875
0 0.61171875 0.9078125 0.028125 0.0265625
0 0.625 0.890625 0.03125 0.03125
0 0.48046875 0.9515625 0.034375 0.034375
0 0.28828125 0.9328125 0.040625 0.0390625
0 0.83515625 0.96171875 0.0265625 0.0265625
0 0.6765625 0.36328125 0.0359375 0.034375
0 0.3453125 0.41953125 0.0265625 0.025
0 0.8140625 0.44375 0.0984375 0.09375
0 0.8015625 0.5265625 0.0359375 0.034375
0 0.73203125 0.5109375 0.034375 0.034375
0 0.72578125 0.4640625 0.03125 0.03125
0 0.27421875 0.30546875 0.04375 0.040625
0 0.25859375 0.44140625 0.0484375 0.0453125
0 0.33203125 0.578125 0.03125 0.03125
0 0.375 0.56640625 0.0484375 0.0484375
0 0.4515625 0.50703125 0.034375 0.03125
0 0.40390625 0.259375 0.0515625 0.0484375
0 0.15 0.396875 0.03125 0.0296875
0 0.0578125 0.47578125 0.0265625 0.025
0 0.0140625 0.58203125 0.0265625 0.025
0 0.0734375 0.359375 0.03125 0.03125
0 0.1234375 0.271875 0.03125 0.03125
0 0.07578125 0.1859375 0.03125 0.0296875
0 0.2703125 0.0890625 0.0265625 0.0265625
0 0.1875 0.4640625 0.065625 0.0625