0 0.571875 0.3234375 0.3484375 0.2640625
0 0.11640625 0.82578125 0.103125 0.0765625
0 0.1296875 0.7296875 0.0578125 0.04375
0 0.05078125 0.7640625 0.1015625 0.09375
0 0.01796875 0.646875 0.0359375 0.0515625
0 0.05859375 0.68515625 0.0390625 0.028125
0 0.08984375 0.66796875 0.0875 0.065625
0 0.196875 0.63359375 0.0484375 0.0359375
0 0.24140625 0.64453125 0.034375 0.0265625
0 0.2703125 0.615625 0.0453125 0.034375
0 0.11328125 0.52734375 0.0390625 0.0296875
0 0.259375 0.3953125 0.0625 0.0484375
0 0.33046875 0.62734375 0.0640625 0.0484375
0 0.51953125 0.4859375 0.0484375 0.0359375
0 0.47109375 0.5609375 0.0359375 0.0265625
0 0.38671875 0.62890625 0.034375 0.025
0 0.234375 0.2953125 0.0359375 0.0296875
0 0.24609375 0.19140625 0.0484375 0.0390625
0 0.41796875 0.21171875 0.0484375 0.0359375
0 0.33046875 0.24140625 0.0359375 0.0265625
0 0.1984375 0.2703125 0.040625 0.03125
0 0.821875 0.35234375 0.0578125 0.04375
0 0.75234375 0.38203125 0.1109375 0.084375
0 0.61171875 0.4703125 0.053125 0.040625
0 0.6546875 0.4953125 0.05625 0.04375
0 0.728125 0.50390625 0.0453125 0.034375
0 0.7015625 0.52734375 0.065625 0.0484375
0 0.171875 0.103125 0.0359375 0.0296875
0 0.16953125 0.19140625 0.1953125 0.15
0 0.7703125 0.2953125 0.0484375 0.0359375
0 0.82109375 0.3015625 0.0359375 0.0265625
0 0.78984375 0.3265625 0.05625 0.040625
0 0.91328125 0.165625 0.0453125 0.0328125
0 0.94453125 0.14453125 0.040625 0.03125
0 0.9625 0.2640625 0.0390625 0.0296875
0 0.946875 0.2875 0.034375 0.0234375
0 0.90234375 0.31015625 0.0609375 0.0453125
0 0.859375 0.3140625 0.053125 0.040625
0 0.95546875 0.40625 0.053125 0.0390625
0 0.9578125 0.4671875 0.075 0.05625
0 0.9515625 0.7296875 0.096875 0.071875
0 0.8546875 0.73828125 0.053125 0.0390625
0 0.8421875 0.7703125 0.0515625 0.0390625
0 0.80390625 0.775 0.0359375 0.028125
0 0.83515625 0.80390625 0.0515625 0.0390625
0 0.9546875 0.5296875 0.04375 0.034375
0 0.915625 0.5140625 0.0484375 0.0390625
0 0.82421875 0.5203125 0.1375 0.10625
0 0.75625 0.77421875 0.04375 0.034375
0 0.771875 0.8265625 0.053125 0.040625
0 0.75 0.865625 0.159375 0.1203125
0 0.18046875 0.91484375 0.03125 0.025
0 0.14453125 0.928125 0.0359375 0.0265625
0 0.359375 0.80546875 0.290625 0.21875