0 0.1203125 0.81640625 0.1828125 0.1828125
0 0.05625 0.58203125 0.075 0.075
0 0.63125 0.98203125 0.03125 0.03125
0 0.7328125 0.8546875 0.290625 0.290625
0 0.93125 0.86796875 0.0296875 0.0296875
0 0.41015625 0.96640625 0.0703125 0.0671875
0 0.4375 0.84765625 0.0625 0.0625
0 0.5953125 0.4859375 0.0671875 0.0671875
0 0.44609375 0.484375 0.0296875 0.0296875
0 0.96953125 0.81640625 0.0609375 0.0609375
0 0.96875 0.5890625 0.0453125 0.0453125
0 0.96171875 0.47734375 0.0296875 0.0296875
0 0.92421875 0.140625 0.0765625 0.0765625
0 0.8484375 0.19453125 0.0296875 0.0296875
0 0.9625 0.37890625 0.0703125 0.0703125
0 0.915625 0.0515625 0.05625 0.0546875
0 0.92421875 0.33203125 0.0359375 0.0359375
0 0.709375 0.40625 0.03125 0.03125
0 0.646875 0.25 0.028125 0.0265625
0 0.1984375 0.34609375 0.03125 0.03125
0 0.38828125 0.578125 0.0890625 0.0890625
0 0.48671875 0.0625 0.1609375 0.125
0 0.56875 0.1609375 0.16875 0.16875
0 0.6875 0.1984375 0.0515625 0.0515625
0 0.1296875 0.046875 0.09375 0.09375
0 0.0921875 0.13671875 0.053125 0.053125
0 0.546875 0.2859375 0.04375 0.04375
0 0.20546875 0.06875 0.04375 0.0421875