0 0.11171875 0.63359375 0.0296875 0.0265625
0 0.384375 0.76796875 0.0390625 0.0359375
0 0.384375 0.7515625 0.0359375 0.034375
0 0.38359375 0.725 0.0296875 0.028125
0 0.4046875 0.84375 0.0296875 0.0265625
0 0.58046875 0.9078125 0.04375 0.040625
0 0.6109375 0.9703125 0.034375 0.034375
0 0.60234375 0.99140625 0.0265625 0.0171875
0 0.615625 0.91015625 0.0359375 0.034375
0 0.59375 0.8140625 0.0296875 0.028125
0 0.6140625 0.834375 0.03125 0.03125
0 0.9234375 0.975 0.0296875 0.0265625
0 0.72265625 0.12734375 0.0265625 0.0265625
0 0.459375 0.25234375 0.0265625 0.025