0 0.93359375 0.51953125 0.0296875 0.0265625
0 0.97265625 0.65859375 0.0296875 0.028125
0 0.87265625 0.7765625 0.0265625 0.0265625
0 0.55078125 0.5171875 0.115625 0.1078125
0 0.1109375 0.84140625 0.065625 0.0609375
0 0.33046875 0.30859375 0.0359375 0.034375
0 0.2796875 0.20546875 0.0328125 0.03125
0 0.52265625 0.10234375 0.0265625 0.0265625
0 0.415625 0.0484375 0.03125 0.0296875
0 0.66015625 0.02890625 0.0578125 0.05625
0 0.6203125 0.084375 0.09375 0.0875
0 0.5828125 0.1390625 0.0703125 0.065625
0 0.60234375 0.18359375 0.0265625 0.025
0 0.79296875 0.09765625 0.0390625 0.0359375
0 0.8375 0.03125 0.03125 0.0296875
0 0.88359375 0.0734375 0.0265625 0.025