0 0.17578125 0.1671875 0.3515625 0.334375
0 0.31484375 0.36796875 0.3734375 0.365625
0 0.1546875 0.13828125 0.309375 0.2765625
0 0.33203125 0.046875 0.115625 0.09375
0 0.76796875 0.890625 0.0265625 0.0265625
0 0.353125 0.8390625 0.0328125 0.034375
0 0.3015625 0.8859375 0.0484375 0.0484375
0 0.2765625 0.92890625 0.034375 0.034375
0 0.25703125 0.95546875 0.0390625 0.0390625
0 0.25703125 0.896875 0.0390625 0.0390625
0 0.1859375 0.9328125 0.071875 0.0703125
0 0.12109375 0.9234375 0.03125 0.03125
0 0.084375 0.93046875 0.0484375 0.0453125
0 0.02734375 0.91484375 0.03125 0.0296875
0 0.01796875 0.8265625 0.0359375 0.0453125
0 0.1140625 0.83203125 0.03125 0.03125
0 0.1546875 0.803125 0.0265625 0.0265625
0 0.19921875 0.8609375 0.03125 0.0296875
0 0.2203125 0.8109375 0.03125 0.03125
0 0.2328125 0.7546875 0.03125 0.03125
0 0.2515625 0.71640625 0.0390625 0.0390625
0 0.13125 0.73046875 0.034375 0.03125
0 0.14296875 0.76171875 0.0265625 0.0265625
0 0.0890625 0.72578125 0.04375 0.04375
0 0.00703125 0.775 0.0140625 0.025
0 0.546875 0.75859375 0.071875 0.071875
0 0.11640625 0.5625 0.1375 0.134375
0 0.3125 0.571875 0.053125 0.053125
0 0.1890625 0.59140625 0.040625 0.0390625
0 0.1671875 0.63671875 0.025 0.025
0 0.0484375 0.68359375 0.0265625 0.0265625
0 0.3953125 0.571875 0.034375 0.03125
0 0.43125 0.6625 0.21875 0.2140625
0 0.43515625 0.765625 0.0296875 0.0265625
0 0.4390625 0.790625 0.03125 0.03125
0 0.3734375 0.7828125 0.0359375 0.0359375
0 0.63671875 0.6609375 0.0296875 0.028125
0 0.19453125 0.40625 0.0265625 0.0265625
0 0.4015625 0.05546875 0.040625 0.040625
0 0.7015625 0.03984375 0.0484375 0.0453125
0 0.703125 0.17578125 0.03125 0.0296875
0 0.55859375 0.02421875 0.0765625 0.0484375
0 0.76640625 0.025 0.0828125 0.05
0 0.44921875 0.1984375 0.0453125 0.04375
0 0.5578125 0.3734375 0.034375 0.03125
0 0.5015625 0.48203125 0.034375 0.034375
0 0.884375 0.021875 0.0390625 0.0390625
0 0.9828125 0.0203125 0.034375 0.03125
0 0.5921875 0.62734375 0.03125 0.03125