0 0.18125 0.93125 0.0265625 0.0265625
0 0.146875 0.91015625 0.040625 0.0390625
0 0.2640625 0.91484375 0.0328125 0.03125
0 0.3140625 0.865625 0.0328125 0.03125
0 0.31015625 0.9640625 0.0359375 0.034375
0 0.3890625 0.9328125 0.0296875 0.0265625
0 0.36796875 0.91953125 0.09375 0.0890625
0 0.23203125 0.6890625 0.0296875 0.0265625
0 0.18359375 0.7328125 0.0390625 0.0359375
0 0.06015625 0.7484375 0.0265625 0.0265625
0 0.053125 0.71484375 0.0265625 0.025
0 0.5734375 0.95703125 0.0484375 0.0453125
0 0.571875 0.91953125 0.0265625 0.025
0 0.72578125 0.9890625 0.028125 0.021875
0 0.70078125 0.9890625 0.0265625 0.021875
0 0.45703125 0.78515625 0.0296875 0.0265625
0 0.4890625 0.984375 0.040625 0.03125
0 0.584375 0.58671875 0.0765625 0.071875
0 0.5296875 0.6046875 0.05625 0.0515625
0 0.73046875 0.6828125 0.075 0.0703125
0 0.78359375 0.72578125 0.071875 0.0671875
0 0.7328125 0.7484375 0.0796875 0.075
0 0.58515625 0.7859375 0.0703125 0.065625
0 0.52890625 0.81953125 0.0625 0.0578125
0 0.853125 0.5890625 0.0703125 0.065625
0 0.7953125 0.646875 0.05625 0.053125
0 0.884375 0.79453125 0.0515625 0.0484375
0 0.89453125 0.828125 0.053125 0.0484375
0 0.78984375 0.82421875 0.0515625 0.0484375
0 0.7859375 0.88203125 0.034375 0.03125
0 0.7359375 0.9078125 0.053125 0.0515625
0 0.72109375 0.9390625 0.03125 0.0296875
0 0.7765625 0.953125 0.0484375 0.04375
0 0.8265625 0.96015625 0.034375 0.03125
0 0.8921875 0.96875 0.0515625 0.0484375
0 0.87890625 0.87890625 0.0296875 0.0265625
0 0.84765625 0.84375 0.0578125 0.05625
0 0.9015625 0.53828125 0.0390625 0.0359375
0 0.8578125 0.52734375 0.034375 0.03125
0 0.75234375 0.54921875 0.028125 0.028125
0 0.74140625 0.49609375 0.0390625 0.0359375
0 0.67890625 0.44375 0.040625 0.0390625
0 0.66015625 0.43515625 0.040625 0.0359375
0 0.5875 0.68984375 0.065625 0.059375
0 0.50625 0.4484375 0.0484375 0.0453125
0 0.4015625 0.44921875 0.053125 0.0484375
0 0.584375 0.48671875 0.040625 0.0390625
0 0.85 0.36328125 0.0484375 0.0453125
0 0.6828125 0.3578125 0.0390625 0.0359375
0 0.49765625 0.31484375 0.0515625 0.0453125
0 0.478125 0.2859375 0.0390625 0.0359375
0 0.46015625 0.334375 0.0359375 0.0328125
0 0.45703125 0.3578125 0.034375 0.03125
0 0.3953125 0.36796875 0.0453125 0.04375
0 0.44921875 0.240625 0.0765625 0.0703125
0 0.51953125 0.2203125 0.0390625 0.0359375
0 0.5296875 0.25859375 0.04375 0.0390625
0 0.37265625 0.296875 0.0484375 0.0453125
0 0.32109375 0.34375 0.0453125 0.040625
0 0.87109375 0.4234375 0.0265625 0.025
0 0.90859375 0.4046875 0.0578125 0.05625
0 0.971875 0.31640625 0.05625 0.0515625
0 0.98515625 0.2 0.0296875 0.03125
0 0.88671875 0.22265625 0.03125 0.0296875
0 0.91796875 0.29296875 0.0359375 0.034375
0 0.70546875 0.1984375 0.03125 0.0296875
0 0.61875 0.22265625 0.0390625 0.0359375
0 0.64765625 0.053125 0.075 0.0671875
0 0.69375 0.06875 0.0265625 0.025
0 0.51328125 0.12734375 0.075 0.06875
0 0.478125 0.17421875 0.034375 0.03125
0 0.3921875 0.1578125 0.0296875 0.0265625
0 0.33046875 0.2328125 0.0765625 0.071875
0 0.4359375 0.1265625 0.0625 0.0609375
0 0.421875 0.05390625 0.040625 0.0359375
0 0.384375 0.0203125 0.071875 0.040625
0 0.6203125 0.109375 0.028125 0.0265625
0 0.45078125 0.021875 0.0671875 0.04375
0 0.9421875 0.02265625 0.0296875 0.0265625
0 0.790625 0.134375 0.0265625 0.0265625
0 0.5921875 0.02890625 0.0265625 0.0265625
0 0.57578125 0.01171875 0.0296875 0.0234375
0 0.2859375 0.02890625 0.0546875 0.0515625
0 0.2640625 0.06953125 0.0359375 0.034375
0 0.14296875 0.04453125 0.0328125 0.03125
0 0.240625 0.38125 0.0484375 0.0453125
0 0.2296875 0.353125 0.0890625 0.0828125
0 0.18359375 0.3390625 0.03125 0.0296875
0 0.2171875 0.275 0.034375 0.03125
0 0.09140625 0.31640625 0.096875 0.0890625
0 0.06015625 0.3578125 0.0296875 0.0265625
0 0.0203125 0.459375 0.0359375 0.034375
0 0.140625 0.43984375 0.034375 0.03125
0 0.15859375 0.27265625 0.0671875 0.0625
0 0.15234375 0.18359375 0.0453125 0.04375
0 0.0359375 0.17578125 0.0296875 0.0265625
0 0.0796875 0.01171875 0.05 0.0234375
0 0.0109375 0.08515625 0.021875 0.03125