0 0.90625 0.8125 0.0578125 0.053125
0 0.82421875 0.853125 0.0359375 0.034375
0 0.86796875 0.88359375 0.0265625 0.025
0 0.66953125 0.67421875 0.0515625 0.0453125
0 0.5953125 0.80078125 0.0265625 0.025
0 0.7765625 0.678125 0.0453125 0.040625
0 0.95546875 0.7484375 0.03125 0.0265625
0 0.4421875 0.5796875 0.1109375 0.0984375
0 0.259375 0.640625 0.0296875 0.0265625
0 0.2453125 0.77734375 0.0359375 0.03125
0 0.33203125 0.75625 0.0390625 0.0359375
0 0.30390625 0.66796875 0.0546875 0.0515625
0 0.31953125 0.696875 0.034375 0.03125
0 0.29296875 0.725 0.0296875 0.0265625
0 0.38125 0.88359375 0.0328125 0.0296875
0 0.35234375 0.9 0.03125 0.0296875
0 0.43359375 0.80625 0.0296875 0.0265625
0 0.0625 0.71875 0.125 0.1390625
0 0.14921875 0.71171875 0.0359375 0.034375
0 0.28984375 0.4390625 0.053125 0.0453125
0 0.2328125 0.44140625 0.0296875 0.0265625
0 0.0375 0.39765625 0.0515625 0.0453125
0 0.0203125 0.3328125 0.034375 0.03125
0 0.50234375 0.4578125 0.04375 0.0390625
0 0.48828125 0.39453125 0.0390625 0.034375
0 0.33046875 0.39921875 0.0578125 0.053125
0 0.540625 0.13125 0.0984375 0.0875
0 0.6546875 0.09140625 0.1140625 0.1015625
0 0.7078125 0.03359375 0.0984375 0.0671875
0 0.39296875 0.0640625 0.040625 0.0359375
0 0.4578125 0.16484375 0.1296875 0.115625
0 0.22265625 0.36796875 0.040625 0.0359375
0 0.853125 0.01171875 0.03125 0.0234375
0 0.86875 0.18359375 0.0453125 0.040625
0 0.8171875 0.21484375 0.03125 0.0296875
0 0.7609375 0.1078125 0.103125 0.090625
0 0.71171875 0.25390625 0.034375 0.03125
0 0.68359375 0.31015625 0.096875 0.0859375
0 0.69609375 0.19140625 0.096875 0.0875
0 0.91796875 0.28828125 0.0515625 0.04375
0 0.959375 0.33515625 0.04375 0.0390625