0 0.88828125 0.24140625 0.209375 0.1828125
0 0.75703125 0.13125 0.0359375 0.03125
0 0.9328125 0.47265625 0.0515625 0.04375
0 0.9078125 0.09765625 0.03125 0.0265625
0 0.209375 0.30078125 0.0296875 0.025
0 0.1453125 0.20703125 0.0375 0.034375
0 0.22578125 0.1625 0.0859375 0.0765625
0 0.23828125 0.06640625 0.034375 0.0296875
0 0.0578125 0.03359375 0.034375 0.0296875
0 0.07421875 0.34609375 0.0390625 0.0328125
0 0.2953125 0.83515625 0.04375 0.0359375
0 0.25703125 0.853125 0.04375 0.0390625
0 0.7875 0.85234375 0.040625 0.0359375
0 0.60546875 0.8890625 0.0296875 0.025
0 0.65 0.88125 0.034375 0.0296875
0 0.578125 0.89765625 0.0296875 0.025
0 0.603125 0.91484375 0.028125 0.025
0 0.6234375 0.94140625 0.028125 0.025
0 0.4078125 0.72265625 0.0328125 0.03125
0 0.30546875 0.76953125 0.03125 0.0265625
0 0.4390625 0.853125 0.0390625 0.034375
0 0.20703125 0.9109375 0.0359375 0.03125
0 0.6265625 0.78125 0.0828125 0.071875
0 0.59765625 0.72265625 0.065625 0.0578125
0 0.92421875 0.90234375 0.1015625 0.0890625
0 0.97734375 0.68984375 0.0453125 0.04375