0 0.41953125 0.9390625 0.0359375 0.03125
0 0.88671875 0.7171875 0.0359375 0.03125
0 0.8921875 0.8734375 0.03125 0.0265625
0 0.821875 0.8765625 0.0296875 0.0265625
0 0.97578125 0.4890625 0.03125 0.0265625
0 0.98671875 0.47265625 0.0265625 0.0296875
0 0.7765625 0.3796875 0.028125 0.0265625
0 0.915625 0.70078125 0.0296875 0.0265625
0 0.66484375 0.8109375 0.0265625 0.025
0 0.7171875 0.7484375 0.034375 0.028125
0 0.7875 0.6515625 0.0390625 0.034375
0 0.61328125 0.6390625 0.0296875 0.0265625
0 0.5984375 0.6578125 0.034375 0.03125
0 0.6078125 0.40859375 0.0390625 0.034375
0 0.5734375 0.4078125 0.03125 0.0265625
0 0.828125 0.1265625 0.0296875 0.025
0 0.6984375 0.11328125 0.028125 0.0265625
0 0.5296875 0.134375 0.028125 0.025
0 0.5640625 0.19375 0.0359375 0.03125
0 0.3765625 0.16015625 0.053125 0.0453125
0 0.365625 0.209375 0.03125 0.0265625
0 0.2984375 0.2125 0.0515625 0.04375
0 0.11328125 0.44140625 0.04375 0.0390625
0 0.1265625 0.49375 0.0296875 0.0265625
0 0.1203125 0.47109375 0.0484375 0.040625
0 0.3171875 0.5671875 0.0390625 0.034375
0 0.33046875 0.74609375 0.04375 0.0390625
0 0.1578125 0.71875 0.0390625 0.034375
0 0.10546875 0.88671875 0.0296875 0.025
0 0.0171875 0.7203125 0.034375 0.03125
0 0.01328125 0.8453125 0.0265625 0.03125
0 0.0265625 0.87109375 0.03125 0.0265625
0 0.3546875 0.0375 0.0359375 0.03125
0 0.95546875 0.0625 0.034375 0.0296875
0 0.00703125 0.9875 0.0140625 0.025
0 0.77421875 0.29921875 0.0359375 0.03125
0 0.44453125 0.86171875 0.0296875 0.0265625
0 0.4796875 0.9546875 0.0359375 0.03125
0 0.83515625 0.9484375 0.034375 0.0296875
0 0.1984375 0.6296875 0.03125 0.0265625