0 0.9 0.93984375 0.0359375 0.03125
0 0.7875 0.97734375 0.0453125 0.040625
0 0.6671875 0.7296875 0.034375 0.028125
0 0.603125 0.91015625 0.0359375 0.03125
0 0.52734375 0.865625 0.0359375 0.034375
0 0.5 0.87109375 0.0359375 0.03125
0 0.49609375 0.81484375 0.0453125 0.040625
0 0.49375 0.7609375 0.04375 0.0390625
0 0.571875 0.60234375 0.0265625 0.0234375
0 0.54296875 0.615625 0.0296875 0.0265625
0 0.48203125 0.71875 0.0453125 0.040625
0 0.2390625 0.72734375 0.03125 0.0265625
0 0.2703125 0.8390625 0.0515625 0.04375
0 0.2390625 0.828125 0.0296875 0.0265625
0 0.35234375 0.94609375 0.0390625 0.034375
0 0.615625 0.9625 0.0359375 0.034375
0 0.578125 0.93125 0.0359375 0.03125
0 0.57109375 0.97734375 0.053125 0.0453125
0 0.03828125 0.77734375 0.034375 0.0296875
0 0.353125 0.7234375 0.0609375 0.053125
0 0.4203125 0.696875 0.065625 0.05625
0 0.67421875 0.52890625 0.034375 0.03125
0 0.34375 0.03828125 0.0390625 0.034375
0 0.61171875 0.1578125 0.034375 0.0296875
0 0.54296875 0.2296875 0.0296875 0.0265625
0 0.73203125 0.2609375 0.0265625 0.0234375
0 0.84140625 0.0265625 0.0703125 0.053125
0 0.9328125 0.38359375 0.0296875 0.0234375
0 0.290625 0.91484375 0.03125 0.0296875
0 0.20078125 0.9125 0.0359375 0.034375
0 0.5609375 0.91484375 0.028125 0.0265625
0 0.53359375 0.94453125 0.0484375 0.04375
0 0.06640625 0.71640625 0.0625 0.05625
0 0.44453125 0.93359375 0.0296875 0.025