0 0.1828125 0.8703125 0.040625 0.03125
0 0.25390625 0.90234375 0.03125 0.025
0 0.421875 0.3765625 0.0359375 0.0296875
0 0.09375 0.43515625 0.03125 0.025
0 0.19140625 0.36328125 0.03125 0.025
0 0.3421875 0.16796875 0.0515625 0.0390625
0 0.46640625 0.5640625 0.240625 0.1859375
0 0.0921875 0.58203125 0.184375 0.2671875
0 0.82578125 0.8265625 0.03125 0.025
0 0.8078125 0.7859375 0.03125 0.0234375
0 0.9328125 0.68125 0.075 0.0578125
0 0.896875 0.2703125 0.0359375 0.0296875
0 0.896875 0.37265625 0.0390625 0.0296875
0 0.896875 0.41484375 0.03125 0.025
0 0.9359375 0.234375 0.03125 0.025
0 0.78828125 0.63359375 0.1875 0.1453125