0 0.5765625 0.0484375 0.034375 0.025
0 0.01953125 0.42890625 0.0390625 0.03125
0 0.04296875 0.1359375 0.04375 0.03125
0 0.18125 0.41796875 0.0703125 0.0515625
0 0.165625 0.37109375 0.0359375 0.0265625
0 0.21640625 0.3125 0.4328125 0.4265625
0 0.2078125 0.08203125 0.1015625 0.071875
0 0.26796875 0.80078125 0.040625 0.0296875
0 0.46640625 0.71171875 0.084375 0.059375
0 0.4625 0.63125 0.04375 0.03125
0 0.46875 0.5640625 0.0359375 0.025
0 0.2296875 0.7484375 0.1296875 0.090625
0 0.3234375 0.7125 0.0703125 0.0484375
0 0.6578125 0.2359375 0.103125 0.075
0 0.60703125 0.16015625 0.034375 0.025
0 0.525 0.25703125 0.0359375 0.0265625
0 0.4234375 0.48046875 0.0859375 0.0625
0 0.7171875 0.365625 0.0359375 0.0265625
0 0.71875 0.5046875 0.1015625 0.071875
0 0.75703125 0.571875 0.1875 0.134375