0 0.5671875 0.49375 0.315625 0.303125
0 0.2875 0.01953125 0.03125 0.0296875
0 0.4375 0.06484375 0.03125 0.028125
0 0.4046875 0.0765625 0.034375 0.03125
0 0.92421875 0.12109375 0.053125 0.0515625
0 0.89765625 0.1546875 0.0875 0.084375
0 0.90390625 0.04453125 0.034375 0.03125
0 0.90625 0.8109375 0.0265625 0.0265625
0 0.94609375 0.9171875 0.0296875 0.0296875
0 0.71640625 0.828125 0.03125 0.03125
0 0.5984375 0.7703125 0.0484375 0.0453125
0 0.6734375 0.70078125 0.034375 0.03125
0 0.6875 0.74765625 0.034375 0.03125
0 0.6859375 0.634375 0.0265625 0.0265625
0 0.80546875 0.6421875 0.034375 0.034375
0 0.64921875 0.4 0.03125 0.03125
0 0.67421875 0.41796875 0.0265625 0.0265625
0 0.703125 0.47578125 0.1015625 0.0984375
0 0.91953125 0.509375 0.0296875 0.0296875
0 0.64921875 0.45546875 0.028125 0.0265625
0 0.55078125 0.43984375 0.03125 0.0296875
0 0.5828125 0.2875 0.0390625 0.0359375
0 0.5578125 0.31015625 0.059375 0.0578125
0 0.603125 0.32109375 0.028125 0.0296875
0 0.83046875 0.88671875 0.0828125 0.0796875
0 0.56875 0.65390625 0.0453125 0.04375
0 0.46875 0.94375 0.0265625 0.0265625
0 0.478125 0.9671875 0.0390625 0.0359375
0 0.415625 0.97578125 0.0296875 0.0296875
0 0.3546875 0.94453125 0.034375 0.03125
0 0.26171875 0.99140625 0.0265625 0.0171875
0 0.18046875 0.96015625 0.0328125 0.034375
0 0.0875 0.85546875 0.025 0.025
0 0.234375 0.4796875 0.0515625 0.0484375
0 0.41328125 0.54453125 0.034375 0.034375
0 0.3453125 0.73203125 0.040625 0.0390625
0 0.4125 0.71640625 0.0265625 0.025
0 0.4125 0.7609375 0.04375 0.040625
0 0.38203125 0.603125 0.0296875 0.028125
0 0.22734375 0.6421875 0.034375 0.03125
0 0.021875 0.74609375 0.04375 0.04375
0 0.1734375 0.34609375 0.03125 0.0296875
0 0.18359375 0.459375 0.05625 0.053125
0 0.3453125 0.4203125 0.0296875 0.0296875
0 0.2671875 0.09765625 0.04375 0.040625
0 0.4671875 0.203125 0.0484375 0.0453125
0 0.9015625 0.6234375 0.0359375 0.0359375
0 0.7390625 0.60234375 0.0359375 0.0359375
0 0.86796875 0.978125 0.04375 0.04375
0 0.86796875 0.93984375 0.0390625 0.0390625
0 0.5015625 0.31875 0.0296875 0.0296875
0 0.3265625 0.37265625 0.03125 0.03125
0 0.525 0.91484375 0.0265625 0.025