0 0.05078125 0.21484375 0.03125 0.03125
0 0.17421875 0.11640625 0.04375 0.04375
0 0.3109375 0.09609375 0.0234375 0.025
0 0.32421875 0.2828125 0.0359375 0.0328125
0 0.29296875 0.39453125 0.0265625 0.025
0 0.44609375 0.08671875 0.0296875 0.0296875
0 0.50859375 0.0625 0.0296875 0.0296875
0 0.4640625 0.24609375 0.0609375 0.0609375
0 0.38828125 0.2140625 0.0234375 0.025
0 0.375 0.2765625 0.0265625 0.0265625
0 0.225 0.2828125 0.0296875 0.0296875
0 0.2234375 0.359375 0.103125 0.1015625
0 0.22578125 0.415625 0.0265625 0.0265625
0 0.65 0.11875 0.025 0.025
0 0.6765625 0.34375 0.03125 0.03125
0 0.7453125 0.54296875 0.0515625 0.0515625
0 0.75390625 0.571875 0.034375 0.03125
0 0.56484375 0.5984375 0.0265625 0.0265625
0 0.77734375 0.30078125 0.0484375 0.0484375
0 0.81640625 0.3296875 0.0515625 0.0515625
0 0.93984375 0.61875 0.0265625 0.0265625
0 0.9578125 0.0109375 0.025 0.021875
0 0.91328125 0.10546875 0.0671875 0.065625
0 0.890625 0.25 0.053125 0.053125
0 0.6859375 0.7671875 0.0453125 0.04375
0 0.51328125 0.75390625 0.0265625 0.0265625
0 0.48203125 0.725 0.0265625 0.0265625
0 0.58203125 0.696875 0.1609375 0.159375
0 0.5484375 0.91953125 0.0265625 0.0265625
0 0.6984375 0.915625 0.028125 0.0296875
0 0.7453125 0.96875 0.071875 0.0625
0 0.875 0.859375 0.0296875 0.0265625
0 0.9265625 0.85 0.0265625 0.025
0 0.4625 0.89921875 0.0265625 0.0265625
0 0.34609375 0.74375 0.0296875 0.028125
0 0.009375 0.721875 0.01875 0.025
0 0.0828125 0.7546875 0.0484375 0.0484375
0 0.9546875 0.86796875 0.0265625 0.0265625