0 0.9546875 0.18984375 0.071875 0.053125
0 0.9125 0.1109375 0.0390625 0.0265625
0 0.6546875 0.09140625 0.0515625 0.0359375
0 0.6515625 0.1203125 0.059375 0.04375
0 0.41328125 0.103125 0.05625 0.0390625
0 0.10703125 0.14921875 0.0484375 0.0359375
0 0.14453125 0.17421875 0.05625 0.0390625
0 0.05546875 0.23671875 0.1109375 0.10625
0 0.7328125 0.00703125 0.0390625 0.0140625
0 0.71640625 0.21875 0.040625 0.0296875
0 0.92890625 0.33984375 0.0765625 0.05625
0 0.9125 0.41328125 0.053125 0.0390625
0 0.271875 0.1453125 0.1015625 0.071875
0 0.28515625 0.38671875 0.040625 0.0296875
0 0.13359375 0.51796875 0.0609375 0.040625
0 0.1765625 0.7015625 0.0359375 0.025
0 0.27265625 0.74375 0.04375 0.03125
0 0.053125 0.5609375 0.10625 0.0796875
0 0.32578125 0.38828125 0.04375 0.03125
0 0.30625 0.41015625 0.0515625 0.0359375
0 0.4265625 0.3953125 0.0765625 0.0546875
0 0.275 0.49609375 0.1296875 0.0921875
0 0.203125 0.28984375 0.034375 0.0234375
0 0.87890625 0.5875 0.0515625 0.0359375
0 0.58671875 0.5890625 0.0390625 0.0265625
0 0.8328125 0.3375 0.0703125 0.0484375
0 0.8328125 0.41484375 0.0609375 0.04375