0 0.94453125 0.10703125 0.03125 0.03125
0 0.89921875 0.14765625 0.03125 0.03125
0 0.9 0.17421875 0.034375 0.0328125
0 0.78359375 0.18125 0.0671875 0.065625
0 0.51953125 0.17578125 0.034375 0.034375
0 0.01796875 0.08515625 0.0359375 0.0453125
0 0.1046875 0.078125 0.0390625 0.0359375
0 0.475 0.3109375 0.2640625 0.2546875
0 0.009375 0.60234375 0.01875 0.0296875
0 0.1828125 0.7140625 0.053125 0.053125
0 0.103125 0.7453125 0.03125 0.03125
0 0.12109375 0.790625 0.0484375 0.0453125
0 0.14921875 0.93515625 0.0328125 0.03125
0 0.36796875 0.9203125 0.034375 0.03125
0 0.484375 0.60703125 0.0453125 0.04375
0 0.4796875 0.5640625 0.03125 0.028125
0 0.3546875 0.65625 0.0265625 0.0265625
0 0.24609375 0.3109375 0.09375 0.0890625
0 0.4625 0.44140625 0.0296875 0.0296875
0 0.51953125 0.33984375 0.03125 0.03125
0 0.60703125 0.4375 0.0265625 0.025
0 0.52265625 0.50234375 0.0234375 0.025
0 0.65859375 0.60078125 0.028125 0.0265625
0 0.65625 0.7390625 0.1421875 0.1375
0 0.74375 0.75859375 0.028125 0.028125
0 0.646875 0.8484375 0.028125 0.0265625
0 0.6578125 0.8765625 0.04375 0.04375
0 0.5265625 0.853125 0.0265625 0.025
0 0.946875 0.5875 0.0359375 0.034375
0 0.98046875 0.77734375 0.0390625 0.040625
0 0.94375 0.98515625 0.0375 0.0296875
0 0.90625 0.93125 0.034375 0.03125