0 0.8640625 0.85 0.04375 0.03125
0 0.79921875 0.8421875 0.084375 0.0625
0 0.8265625 0.92890625 0.0984375 0.071875
0 0.80859375 0.78828125 0.0921875 0.065625
0 0.0578125 0.959375 0.0484375 0.0359375
0 0.0796875 0.11171875 0.159375 0.115625
0 0.0109375 0.0609375 0.021875 0.0296875
0 0.03984375 0.41328125 0.0359375 0.0265625
0 0.134375 0.3453125 0.0390625 0.0296875
0 0.1734375 0.490625 0.0625 0.0453125
0 0.3015625 0.29921875 0.0484375 0.0328125
0 0.03515625 0.040625 0.0390625 0.0265625
0 0.16484375 0.2140625 0.040625 0.0296875
0 0.15625 0.240625 0.0453125 0.034375
0 0.6109375 0.38125 0.0484375 0.0328125
0 0.703125 0.4421875 0.084375 0.0609375
0 0.63828125 0.53984375 0.034375 0.0234375
0 0.41484375 0.26328125 0.0390625 0.0296875
0 0.3125 0.1703125 0.0390625 0.0265625
0 0.20078125 0.12109375 0.0703125 0.0515625
0 0.69921875 0.05546875 0.04375 0.03125
0 0.98203125 0.63671875 0.0359375 0.0265625
0 0.90859375 0.63203125 0.040625 0.028125
0 0.81953125 0.64765625 0.0390625 0.0265625
0 0.80859375 0.66953125 0.0625 0.0453125
0 0.84765625 0.49609375 0.0359375 0.0265625
0 0.71640625 0.50859375 0.0390625 0.0265625
0 0.94140625 0.18984375 0.103125 0.075
0 0.6390625 0.19453125 0.040625 0.0296875
0 0.2921875 0.38359375 0.0359375 0.0265625
0 0.2765625 0.3546875 0.0484375 0.034375
0 0.66015625 0.4015625 0.0359375 0.0265625
0 0.953125 0.4125 0.09375 0.0671875