0 0.91015625 0.3125 0.0359375 0.0265625
0 0.87734375 0.2765625 0.0609375 0.04375
0 0.57421875 0.04453125 0.1390625 0.0890625
0 0.603125 0.2046875 0.04375 0.03125
0 0.50625 0.19921875 0.0671875 0.0515625
0 0.45703125 0.2828125 0.071875 0.053125
0 0.38203125 0.29453125 0.0890625 0.0640625
0 0.5625 0.35546875 0.0515625 0.0359375
0 0.51953125 0.5265625 0.0484375 0.0359375
0 0.671875 0.6890625 0.034375 0.025
0 0.3265625 0.6578125 0.040625 0.028125
0 0.15859375 0.71484375 0.0453125 0.034375
0 0.06953125 0.6 0.0359375 0.0265625
0 0.15859375 0.3796875 0.0390625 0.0296875
0 0.03828125 0.3578125 0.0359375 0.0265625
0 0.16484375 0.3078125 0.0640625 0.0484375
0 0.1296875 0.27890625 0.040625 0.0296875
0 0.18125 0.9640625 0.040625 0.0296875
0 0.0359375 0.7828125 0.04375 0.03125
0 0.025 0.4109375 0.040625 0.0296875
0 0.671875 0.57421875 0.134375 0.096875
0 0.771875 0.65234375 0.040625 0.0296875
0 0.82421875 0.703125 0.04375 0.03125
0 0.26953125 0.47109375 0.034375 0.025
0 0.50234375 0.9234375 0.065625 0.0453125
0 0.459375 0.97578125 0.0703125 0.0484375