0 0.0328125 0.7203125 0.0390625 0.0390625
0 0.00859375 0.75390625 0.0171875 0.0296875
0 0.0265625 0.7453125 0.053125 0.065625
0 0.1421875 0.5453125 0.040625 0.040625
0 0.09765625 0.7828125 0.084375 0.084375
0 0.02421875 0.33515625 0.0453125 0.0453125
0 0.209375 0.36640625 0.0484375 0.0484375
0 0.25703125 0.34375 0.0515625 0.0515625
0 0.24140625 0.46484375 0.04375 0.04375
0 0.23046875 0.48046875 0.0359375 0.0359375
0 0.11171875 0.4328125 0.05625 0.05625
0 0.0875 0.35 0.084375 0.084375
0 0.02421875 0.38203125 0.0265625 0.0265625
0 0.2203125 0.69609375 0.115625 0.115625
0 0.3265625 0.63828125 0.10625 0.10625
0 0.3703125 0.72109375 0.03125 0.03125
0 0.259375 0.53515625 0.0640625 0.065625
0 0.3125 0.5 0.1140625 0.1140625
0 0.3296875 0.5609375 0.0390625 0.0390625
0 0.3015625 0.5828125 0.03125 0.03125
0 0.2921875 0.28984375 0.0234375 0.0234375
0 0.24140625 0.209375 0.034375 0.0328125
0 0.0578125 0.15859375 0.0453125 0.0453125
0 0.0484375 0.13203125 0.03125 0.03125
0 0.16953125 0.078125 0.096875 0.096875
0 0.134375 0.1234375 0.03125 0.03125
0 0.15390625 0.0609375 0.0265625 0.0265625
0 0.3765625 0.134375 0.0234375 0.025
0 0.49375 0.31015625 0.04375 0.04375
0 0.49375 0.27734375 0.025 0.025
0 0.37734375 0.31953125 0.0265625 0.0265625
0 0.3703125 0.375 0.0390625 0.0390625
0 0.2875 0.4171875 0.0234375 0.025
0 0.27265625 0.78359375 0.1015625 0.1015625
0 0.27734375 0.9265625 0.103125 0.103125
0 0.51796875 0.8171875 0.03125 0.03125
0 0.4328125 0.8765625 0.0296875 0.0296875
0 0.3859375 0.984375 0.0234375 0.025
0 0.36796875 0.928125 0.071875 0.071875
0 0.696875 0.803125 0.065625 0.065625
0 0.5609375 0.803125 0.2359375 0.2359375
0 0.67890625 0.75234375 0.0265625 0.0265625
0 0.79453125 0.884375 0.096875 0.096875
0 0.53125 0.58046875 0.04375 0.04375
0 0.4046875 0.640625 0.0453125 0.0453125
0 0.8234375 0.76953125 0.071875 0.071875
0 0.7953125 0.946875 0.0265625 0.0265625
0 0.88125 0.8546875 0.0265625 0.0265625
0 0.9046875 0.86796875 0.0265625 0.0265625
0 0.93046875 0.92578125 0.0265625 0.0265625
0 0.51796875 0.36171875 0.0390625 0.0390625
0 0.48203125 0.3640625 0.0265625 0.0265625
0 0.58046875 0.28984375 0.03125 0.03125
0 0.62734375 0.30859375 0.03125 0.03125
0 0.50390625 0.234375 0.0265625 0.0265625
0 0.55546875 0.21015625 0.0265625 0.0265625
0 0.4890625 0.12109375 0.0265625 0.0265625
0 0.475 0.09375 0.0296875 0.0296875
0 0.48046875 0.01328125 0.0453125 0.0265625
0 0.57421875 0.0328125 0.0359375 0.0359375
0 0.61875 0.01328125 0.028125 0.0265625
0 0.6578125 0.078125 0.03125 0.03125
0 0.6265625 0.08046875 0.03125 0.03125
0 0.58984375 0.10703125 0.0296875 0.0296875
0 0.6140625 0.22265625 0.0484375 0.0484375
0 0.53828125 0.3890625 0.0359375 0.0359375
0 0.6625 0.5140625 0.1203125 0.1203125
0 0.7484375 0.55390625 0.075 0.075
0 0.6671875 0.63359375 0.0234375 0.0234375
0 0.79453125 0.48671875 0.0578125 0.0578125
0 0.82578125 0.59765625 0.0359375 0.0359375
0 0.9125 0.6515625 0.0296875 0.028125
0 0.92578125 0.55078125 0.025 0.025
0 0.6859375 0.01171875 0.03125 0.0234375
0 0.7828125 0.025 0.040625 0.040625
0 0.74765625 0.0453125 0.028125 0.0296875
0 0.77734375 0.08046875 0.0390625 0.0390625
0 0.7859375 0.18046875 0.034375 0.0328125
0 0.00234375 0.00078125 0.0015625 0.0015625
0 0.959375 0.24140625 0.0296875 0.0296875
0 0.93125 0.0609375 0.040625 0.040625
0 0.94453125 0.015625 0.0453125 0.03125
0 0.48046875 0.19609375 0.1328125 0.13125
0 0.9875 0.19453125 0.025 0.0265625
0 0.728125 0.1984375 0.03125 0.03125
0 0.6734375 0.321875 0.1921875 0.1921875
0 0.7453125 0.59140625 0.0359375 0.0359375
0 0.5921875 0.75625 0.025 0.025
0 0.009375 0.49296875 0.01875 0.0265625
0 0.48203125 0.9875 0.0234375 0.025
0 0.8296875 0.9703125 0.03125 0.03125