0 0.0015625 0.0015625 0.003125 0.003125
0 0.1671875 0.03125 0.0578125 0.053125
0 0.29296875 0.04453125 0.0453125 0.04375
0 0.21875 0.1359375 0.0484375 0.0453125
0 0.26796875 0.296875 0.0265625 0.0265625
0 0.165625 0.38203125 0.0265625 0.0265625
0 0.14453125 0.4375 0.0265625 0.025
0 0.06640625 0.5671875 0.0453125 0.04375
0 0.47734375 0.55859375 0.0390625 0.0359375
0 0.41484375 0.56953125 0.0515625 0.0453125
0 0.43359375 0.6046875 0.04375 0.040625
0 0.37734375 0.609375 0.03125 0.03125
0 0.29296875 0.390625 0.034375 0.03125
0 0.1203125 0.10703125 0.03125 0.0296875
0 0.71484375 0.0453125 0.0484375 0.0453125
0 0.5578125 0.0921875 0.0671875 0.065625
0 0.6875 0.0828125 0.0515625 0.0484375
0 0.8703125 0.103125 0.0765625 0.071875
0 0.8859375 0.2046875 0.0359375 0.034375
0 0.91953125 0.259375 0.0828125 0.0765625
0 0.94609375 0.34140625 0.0671875 0.0625
0 0.6609375 0.26171875 0.0265625 0.0265625
0 0.6296875 0.23671875 0.034375 0.03125
0 0.59609375 0.96171875 0.040625 0.0390625
0 0.55625 0.9671875 0.0359375 0.034375
0 0.90234375 0.66796875 0.0609375 0.0578125
0 0.84375 0.6390625 0.0875 0.0828125
0 0.7640625 0.63203125 0.0515625 0.0484375
0 0.7671875 0.5828125 0.103125 0.096875
0 0.9015625 0.4484375 0.0484375 0.0453125
0 0.8953125 0.4828125 0.0609375 0.0578125
0 0.88125 0.5359375 0.053125 0.0484375
0 0.9703125 0.8171875 0.034375 0.03125
0 0.70546875 0.88359375 0.075 0.0703125
0 0.6453125 0.52734375 0.0671875 0.0625
0 0.6515625 0.4578125 0.040625 0.0390625
0 0.2640625 0.64296875 0.0265625 0.025
0 0.171875 0.80546875 0.0296875 0.0296875
0 0.20703125 0.525 0.0359375 0.034375
0 0.27734375 0.9234375 0.0703125 0.065625
0 0.265625 0.8859375 0.040625 0.0390625
0 0.00078125 0.00234375 0.0015625 0.0015625
0 0.225 0.76171875 0.0265625 0.025
0 0.021875 0.171875 0.03125 0.0296875
0 0.0984375 0.23671875 0.0296875 0.0296875
0 0.23828125 0.0171875 0.0515625 0.034375
0 0.3578125 0.04453125 0.0984375 0.0890625
0 0.7984375 0.2546875 0.053125 0.0515625
0 0.725 0.3234375 0.0484375 0.0453125
0 0.9171875 0.05390625 0.0453125 0.04375
0 0.5046875 0.7953125 0.0484375 0.0453125
0 0.72109375 0.8171875 0.0453125 0.04375
0 0.446875 0.6453125 0.0296875 0.0265625
0 0.47109375 0.67421875 0.0515625 0.0453125
0 0.39453125 0.65 0.03125 0.028125
0 0.38359375 0.678125 0.0296875 0.0265625
0 0.77734375 0.94609375 0.0359375 0.034375