0 0.8484375 0.11875 0.303125 0.2375
0 0.00234375 0.00234375 0.0046875 0.0046875
0 0.0015625 0.00234375 0.0015625 0.0015625
0 0.53828125 0.05546875 0.075 0.0578125
0 0.0640625 0.11875 0.128125 0.11875
0 0.38203125 0.19375 0.0484375 0.0359375
0 0.0625 0.41953125 0.0796875 0.0609375
0 0.7296875 0.4625 0.0578125 0.0453125
0 0.68984375 0.521875 0.05625 0.04375
0 0.85 0.42421875 0.05625 0.04375
0 0.8921875 0.6453125 0.0578125 0.0453125
0 0.5265625 0.63359375 0.0578125 0.0453125
0 0.4375 0.2984375 0.0390625 0.03125
0 0.52734375 0.12890625 0.0578125 0.0453125
0 0.45546875 0.15 0.0515625 0.0390625
0 0.30078125 0.41796875 0.04375 0.034375
0 0.83046875 0.50859375 0.040625 0.03125
0 0.85 0.95703125 0.040625 0.03125