0 0.24765625 0.6265625 0.3640625 0.2984375
0 0.0734375 0.5984375 0.040625 0.034375
0 0.27265625 0.22734375 0.0671875 0.05625
0 0.2359375 0.30390625 0.03125 0.0265625
0 0.24296875 0.38125 0.09375 0.0765625
0 0.478125 0.4640625 0.05625 0.0453125
0 0.50234375 0.29453125 0.05625 0.0453125
0 0.44453125 0.1921875 0.040625 0.0328125
0 0.365625 0.08984375 0.0578125 0.0484375
0 0.40859375 0.1421875 0.075 0.0609375
0 0.53125 0.0609375 0.0390625 0.03125
0 0.90390625 0.13828125 0.0390625 0.03125
0 0.9734375 0.4359375 0.053125 0.0484375
0 0.89921875 0.640625 0.053125 0.04375
0 0.71875 0.4046875 0.0578125 0.0484375
0 0.6734375 0.37734375 0.05625 0.0453125
0 0.73203125 0.30078125 0.0359375 0.03125
0 0.8140625 0.225 0.0578125 0.0484375
0 0.7703125 0.18359375 0.0625 0.053125
0 0.7296875 0.08984375 0.0484375 0.040625
0 0.86875 0.07109375 0.2234375 0.1421875
0 0.88203125 0.29453125 0.1203125 0.0984375
0 0.9109375 0.39453125 0.1390625 0.1140625
0 0.8265625 0.80078125 0.034375 0.0296875
0 0.7171875 0.87109375 0.065625 0.053125
0 0.71875 0.81484375 0.0875 0.0703125
0 0.81875 0.8296875 0.1015625 0.0828125
0 0.78515625 0.703125 0.2796875 0.228125
0 0.86328125 0.60234375 0.040625 0.034375
0 0.93515625 0.8921875 0.11875 0.096875
0 0.9 0.93046875 0.0890625 0.071875
0 0.8140625 0.9734375 0.075 0.053125
0 0.80625 0.9046875 0.059375 0.0515625
0 0.790625 0.8609375 0.071875 0.0609375
0 0.31015625 0.83046875 0.2125 0.1734375
0 0.0578125 0.328125 0.09375 0.0765625
0 0.58515625 0.14296875 0.059375 0.0484375
0 0.53515625 0.20703125 0.03125 0.0265625