0 0.0796875 0.81953125 0.0625 0.0546875
0 0.071875 0.9171875 0.14375 0.15625
0 0.13125 0.96171875 0.034375 0.0296875
0 0.22578125 0.8640625 0.0484375 0.04375
0 0.1765625 0.71484375 0.1140625 0.1015625
0 0.1234375 0.7515625 0.0609375 0.05625
0 0.1234375 0.8390625 0.034375 0.0296875
0 0.459375 0.95703125 0.0765625 0.0703125
0 0.44453125 0.86328125 0.065625 0.0578125
0 0.4796875 0.8234375 0.053125 0.0484375
0 0.58046875 0.89921875 0.0875 0.0765625
0 0.68984375 0.88203125 0.0453125 0.040625
0 0.709375 0.9203125 0.1109375 0.0984375
0 0.790625 0.921875 0.0453125 0.040625
0 0.86171875 0.9125 0.0390625 0.034375
0 0.9421875 0.759375 0.0296875 0.0265625
0 0.953125 0.8375 0.0390625 0.034375
0 0.9578125 0.97109375 0.0390625 0.034375
0 0.5515625 0.8390625 0.028125 0.0265625
0 0.52734375 0.86328125 0.0390625 0.034375
0 0.60078125 0.7984375 0.0359375 0.03125
0 0.94453125 0.8125 0.04375 0.0390625
0 0.84765625 0.81484375 0.03125 0.0296875
0 0.94375 0.03125 0.03125 0.0265625
0 0.6984375 0.12265625 0.0484375 0.04375
0 0.6921875 0.16015625 0.040625 0.0359375
0 0.51796875 0.06953125 0.028125 0.025
0 0.39765625 0.23671875 0.0359375 0.03125
0 0.2921875 0.2875 0.0390625 0.0328125
0 0.290625 0.10234375 0.0359375 0.03125
0 0.3109375 0.03125 0.0484375 0.040625
0 0.93125 0.56015625 0.0453125 0.040625
0 0.875 0.49609375 0.1375 0.1203125
0 0.8578125 0.55078125 0.0390625 0.034375
0 0.85546875 0.3890625 0.04375 0.0390625
0 0.790625 0.5328125 0.0390625 0.034375
0 0.72265625 0.52734375 0.053125 0.0453125
0 0.68515625 0.56015625 0.034375 0.028125
0 0.6609375 0.53515625 0.0671875 0.0578125
0 0.53984375 0.49140625 0.03125 0.0296875
0 0.54453125 0.45703125 0.034375 0.0296875
0 0.57421875 0.4046875 0.0390625 0.034375
0 0.43984375 0.46015625 0.034375 0.03125
0 0.3609375 0.52890625 0.0328125 0.028125
0 0.53828125 0.66796875 0.0359375 0.034375
0 0.775 0.41953125 0.1421875 0.125
0 0.7125 0.2515625 0.0625 0.05625
0 0.4796875 0.6875 0.071875 0.065625
0 0.696875 0.5890625 0.0453125 0.040625
0 0.7703125 0.32109375 0.115625 0.1015625
0 0.66484375 0.28984375 0.059375 0.053125
0 0.56484375 0.01328125 0.040625 0.0265625
0 0.415625 0.7328125 0.0390625 0.034375
0 0.0765625 0.4546875 0.0359375 0.03125
0 0.05078125 0.725 0.03125 0.0265625
0 0.0640625 0.4953125 0.034375 0.0296875
0 0.0109375 0.27265625 0.021875 0.0265625
0 0.203125 0.08671875 0.040625 0.0359375
0 0.10703125 0.19453125 0.0703125 0.0609375
0 0.1203125 0.0765625 0.096875 0.084375
0 0.040625 0.05 0.08125 0.0875
0 0.4328125 0.01171875 0.03125 0.0234375
0 0.171875 0.45078125 0.0515625 0.04375
0 0.17421875 0.5140625 0.040625 0.0359375
0 0.07578125 0.671875 0.0453125 0.040625
0 0.203125 0.4109375 0.0875 0.075
0 0.1234375 0.46875 0.065625 0.0578125
0 0.07890625 0.01171875 0.0484375 0.0234375
0 0.5484375 0.30625 0.03125 0.0296875
0 0.50859375 0.11640625 0.0578125 0.0515625
0 0.4359375 0.13671875 0.075 0.065625