0 0.57578125 0.7609375 0.29375 0.290625
0 0.49375 0.0984375 0.0265625 0.0265625
0 0.13828125 0.55078125 0.0484375 0.0484375
0 0.11640625 0.58046875 0.0265625 0.0265625
0 0.29921875 0.54296875 0.0578125 0.0578125
0 0.32109375 0.2828125 0.0296875 0.0296875
0 0.21484375 0.0625 0.034375 0.034375
0 0.603125 0.54296875 0.04375 0.04375
0 0.41796875 0.4890625 0.0359375 0.034375
0 0.19453125 0.7359375 0.025 0.025
0 0.1671875 0.759375 0.053125 0.053125
0 0.13828125 0.9734375 0.0296875 0.0296875
0 0.146875 0.7125 0.053125 0.053125