0 0.08203125 0.07578125 0.1640625 0.1515625
0 0.553125 0.1875 0.571875 0.375
0 0.290625 0.38125 0.34375 0.25
0 0.04921875 0.8703125 0.09375 0.0703125
0 0.09765625 0.76796875 0.10625 0.0765625
0 0.18046875 0.73828125 0.1203125 0.0890625
0 0.3265625 0.84375 0.0640625 0.0484375
0 0.30078125 0.884375 0.075 0.05625
0 0.45703125 0.9046875 0.1234375 0.0890625
0 0.81015625 0.93359375 0.1609375 0.1203125
0 0.6578125 0.81015625 0.034375 0.025
0 0.5625 0.77265625 0.0875 0.0625
0 0.3953125 0.8328125 0.053125 0.0390625
0 0.36796875 0.80546875 0.0484375 0.0359375
0 0.21640625 0.80859375 0.04375 0.03125
0 0.27734375 0.77890625 0.0484375 0.034375
0 0.1671875 0.65 0.0453125 0.034375
0 0.11796875 0.6828125 0.040625 0.03125
0 0.1234375 0.49609375 0.0515625 0.0390625
0 0.05625 0.47265625 0.040625 0.0296875
0 0.0671875 0.50234375 0.0578125 0.04375
0 0.33984375 0.62890625 0.115625 0.084375
0 0.29921875 0.6828125 0.0828125 0.059375
0 0.43984375 0.5171875 0.0875 0.065625
0 0.48671875 0.48671875 0.04375 0.03125
0 0.4359375 0.6140625 0.0703125 0.0515625
0 0.4328125 0.64453125 0.0390625 0.0296875
0 0.44453125 0.7953125 0.0671875 0.0515625
0 0.35 0.7640625 0.075 0.05625
0 0.55078125 0.63359375 0.1453125 0.10625
0 0.53125 0.7015625 0.1234375 0.090625
0 0.81484375 0.68515625 0.1203125 0.0890625
0 0.81484375 0.6390625 0.0453125 0.034375
0 0.75390625 0.64453125 0.0484375 0.0359375
0 0.8109375 0.52890625 0.0671875 0.0484375
0 0.421875 0.72265625 0.10625 0.0796875
0 0.7234375 0.76328125 0.0765625 0.0578125
0 0.5296875 0.8578125 0.1640625 0.1203125
0 0.9328125 0.9015625 0.0765625 0.0578125
0 0.9359375 0.96875 0.084375 0.0625
0 0.6734375 0.7296875 0.165625 0.1203125
0 0.9234375 0.69609375 0.0484375 0.0359375
0 0.853125 0.75703125 0.0984375 0.071875
0 0.771875 0.4421875 0.071875 0.053125
0 0.63359375 0.35 0.1015625 0.071875
0 0.6265625 0.234375 0.034375 0.025
0 0.853125 0.196875 0.0578125 0.04375
0 0.98046875 0.38203125 0.0390625 0.03125
0 0.9171875 0.11640625 0.0484375 0.034375
0 0.90390625 0.08515625 0.0359375 0.0265625
0 0.20078125 0.0296875 0.1453125 0.059375
0 0.1859375 0.07421875 0.075 0.053125
0 0.146875 0.11796875 0.0671875 0.0515625
0 0.14921875 0.178125 0.0890625 0.065625
0 0.09765625 0.2359375 0.0828125 0.0578125
0 0.08203125 0.31015625 0.09375 0.0671875
0 0.5921875 0.47734375 0.103125 0.0765625
0 0.021875 0.3296875 0.04375 0.0359375
0 0.046875 0.4359375 0.0609375 0.04375
0 0.2953125 0.05390625 0.103125 0.075
0 0.24296875 0.26953125 0.2484375 0.18125