0 0.9390625 0.9171875 0.04375 0.040625
0 0.9515625 0.88359375 0.0265625 0.0265625
0 0.85703125 0.978125 0.040625 0.0390625
0 0.71875 0.96015625 0.034375 0.03125
0 0.5828125 0.8734375 0.065625 0.0625
0 0.40625 0.91015625 0.0578125 0.053125
0 0.37265625 0.87265625 0.03125 0.0296875
0 0.54921875 0.9671875 0.040625 0.0390625
0 0.93359375 0.6703125 0.0390625 0.0359375
0 0.7453125 0.709375 0.0859375 0.0828125
0 0.58203125 0.67578125 0.0578125 0.053125
0 0.5515625 0.71640625 0.04375 0.040625
0 0.47109375 0.7140625 0.059375 0.0578125
0 0.484375 0.76328125 0.0296875 0.028125
0 0.50625 0.74375 0.03125 0.028125
0 0.6203125 0.5515625 0.0546875 0.053125
0 0.60546875 0.49296875 0.034375 0.03125
0 0.59140625 0.46484375 0.05625 0.053125
0 0.39921875 0.59140625 0.071875 0.0671875
0 0.42421875 0.6578125 0.04375 0.040625
0 0.834375 0.77265625 0.0296875 0.0265625
0 0.67578125 0.85546875 0.0265625 0.0265625
0 0.740625 0.85546875 0.034375 0.03125
0 0.75390625 0.92421875 0.053125 0.0515625
0 0.834375 0.5421875 0.0296875 0.0265625
0 0.7671875 0.5203125 0.05625 0.053125
0 0.678125 0.5640625 0.0484375 0.0453125
0 0.49375 0.56640625 0.0296875 0.0265625
0 0.490625 0.46171875 0.034375 0.034375
0 0.98671875 0.546875 0.0265625 0.0265625
0 0.7859375 0.44609375 0.0390625 0.0359375
0 0.80390625 0.41328125 0.034375 0.03125
0 0.821875 0.41953125 0.0296875 0.0296875
0 0.7140625 0.3890625 0.04375 0.040625
0 0.85 0.4015625 0.0265625 0.025
0 0.91953125 0.31484375 0.0359375 0.0359375
0 0.9703125 0.4 0.03125 0.0296875
0 0.60703125 0.071875 0.04375 0.040625
0 0.4421875 0.15625 0.0390625 0.0359375
0 0.43359375 0.19453125 0.04375 0.040625
0 0.44140625 0.23203125 0.0296875 0.0265625
0 0.5828125 0.20546875 0.253125 0.2390625
0 0.803125 0.2859375 0.034375 0.03125
0 0.68984375 0.321875 0.034375 0.0328125
0 0.72578125 0.28359375 0.084375 0.0765625
0 0.62890625 0.39921875 0.0359375 0.034375
0 0.5203125 0.334375 0.04375 0.0390625
0 0.48671875 0.3453125 0.034375 0.03125
0 0.52890625 0.3953125 0.1296875 0.1234375
0 0.57421875 0.5625 0.040625 0.0390625
0 0.703125 0.4703125 0.034375 0.03125
0 0.41015625 0.38125 0.0265625 0.0234375
0 0.43125 0.33203125 0.0296875 0.0265625
0 0.603125 0.24765625 0.028125 0.0265625
0 0.77734375 0.17421875 0.034375 0.03125
0 0.91796875 0.146875 0.034375 0.03125
0 0.890625 0.1296875 0.0265625 0.025
0 0.85234375 0.08046875 0.03125 0.028125
0 0.88203125 0.7921875 0.0359375 0.034375
0 0.4046875 0.790625 0.0296875 0.0265625
0 0.40625 0.82109375 0.0296875 0.0296875
0 0.28515625 0.85546875 0.0703125 0.065625
0 0.2703125 0.8921875 0.0359375 0.0359375
0 0.14921875 0.9 0.0265625 0.0265625
0 0.11796875 0.734375 0.0796875 0.075
0 0.1984375 0.7984375 0.05625 0.053125
0 0.1078125 0.7859375 0.034375 0.034375
0 0.03125 0.7796875 0.0296875 0.0265625
0 0.053125 0.728125 0.034375 0.03125
0 0.18515625 0.7359375 0.0265625 0.025
0 0.234375 0.58515625 0.0296875 0.0265625
0 0.271875 0.47578125 0.05625 0.053125
0 0.2171875 0.525 0.03125 0.028125
0 0.32578125 0.728125 0.04375 0.040625
0 0.09375 0.56640625 0.040625 0.0390625
0 0.240625 0.384375 0.090625 0.0859375
0 0.09375 0.2484375 0.04375 0.040625
0 0.040625 0.28359375 0.0390625 0.0359375
0 0.1625 0.19375 0.04375 0.040625
0 0.20078125 0.228125 0.0265625 0.025
0 0.27265625 0.30859375 0.0359375 0.034375
0 0.05546875 0.40859375 0.0265625 0.025
0 0.06015625 0.0578125 0.0625 0.0578125
0 0.015625 0.178125 0.03125 0.0296875
0 0.0875 0.18984375 0.0515625 0.0453125
0 0.178125 0.11328125 0.0984375 0.0921875
0 0.14453125 0.0171875 0.0390625 0.034375
0 0.44140625 0.0109375 0.03125 0.021875
0 0.29453125 0.078125 0.25 0.15625
0 0.25625 0.1984375 0.0265625 0.025
0 0.9515625 0.08203125 0.0265625 0.0265625
0 0.4640625 0.12734375 0.2984375 0.2546875