0 0.33984375 0.446875 0.396875 0.375
0 0.765625 0.84375 0.16875 0.159375
0 0.7296875 0.7859375 0.1453125 0.1375
0 0.6578125 0.734375 0.165625 0.159375
0 0.68125 0.63125 0.0984375 0.09375
0 0.5671875 0.6703125 0.059375 0.0578125
0 0.49765625 0.6 0.134375 0.1296875
0 0.26796875 0.77890625 0.1265625 0.1203125
0 0.41484375 0.765625 0.2078125 0.1953125
0 0.6578125 0.5140625 0.1765625 0.165625
0 0.8296875 0.57109375 0.2046875 0.1953125
0 0.7296875 0.34765625 0.0703125 0.0671875
0 0.82421875 0.3125 0.0890625 0.084375
0 0.74140625 0.2875 0.0265625 0.0265625
0 0.88203125 0.3890625 0.0265625 0.025
0 0.896875 0.4359375 0.0890625 0.084375
0 0.0828125 0.1546875 0.0765625 0.071875
0 0.17421875 0.68046875 0.0265625 0.0234375
0 0.11328125 0.48828125 0.0765625 0.075
0 0.13671875 0.5453125 0.0984375 0.09375
0 0.0328125 0.52421875 0.0296875 0.0265625
0 0.1578125 0.64765625 0.0265625 0.0234375
0 0.1 0.68046875 0.05625 0.053125
0 0.35 0.78359375 0.0265625 0.025
0 0.6515625 0.7015625 0.0546875 0.053125
0 0.94921875 0.67578125 0.034375 0.03125
0 0.853125 0.69453125 0.0296875 0.028125
0 0.60234375 0.10703125 0.04375 0.040625
0 0.57109375 0.11640625 0.028125 0.0296875
0 0.52734375 0.0671875 0.0296875 0.0265625
0 0.75390625 0.08046875 0.0359375 0.034375
0 0.77421875 0.171875 0.0390625 0.0359375
0 0.8296875 0.165625 0.0453125 0.04375
0 0.803125 0.1765625 0.0359375 0.0328125
0 0.73203125 0.19375 0.040625 0.0390625
0 0.63828125 0.30546875 0.0390625 0.0359375
0 0.9640625 0.2546875 0.034375 0.034375
0 0.9375 0.23828125 0.034375 0.03125
0 0.40859375 0.1921875 0.0609375 0.0578125