0 0.90625 0.9328125 0.0453125 0.034375
0 0.4734375 0.96171875 0.0578125 0.040625
0 0.38828125 0.9390625 0.0390625 0.0265625
0 0.38359375 0.796875 0.0578125 0.040625
0 0.26328125 0.759375 0.075 0.05625
0 0.19609375 0.80390625 0.040625 0.028125
0 0.146875 0.94609375 0.04375 0.03125
0 0.7609375 0.7046875 0.0484375 0.0359375
0 0.7875 0.63203125 0.0671875 0.0484375
0 0.87265625 0.640625 0.075 0.053125
0 0.85 0.46640625 0.053125 0.0390625
0 0.796875 0.48203125 0.05625 0.040625
0 0.82109375 0.54296875 0.040625 0.0296875
0 0.71171875 0.54453125 0.034375 0.025
0 0.634375 0.5515625 0.084375 0.059375
0 0.64296875 0.41328125 0.040625 0.0296875
0 0.334375 0.49609375 0.0484375 0.034375
0 0.49765625 0.65625 0.0453125 0.03125
0 0.41328125 0.725 0.0453125 0.03125
0 0.40859375 0.8328125 0.0609375 0.04375
0 0.08671875 0.8109375 0.10625 0.0765625
0 0.0265625 0.60078125 0.053125 0.0546875
0 0.23046875 0.43515625 0.2015625 0.1453125
0 0.1046875 0.47734375 0.034375 0.025
0 0.4671875 0.05625 0.04375 0.03125
0 0.0984375 0.2390625 0.0390625 0.0265625
0 0.43984375 0.24140625 0.096875 0.0703125
0 0.26171875 0.65859375 0.034375 0.025
0 0.52734375 0.209375 0.096875 0.0671875
0 0.6671875 0.08203125 0.0390625 0.0265625
0 0.4203125 0.1609375 0.075 0.053125
0 0.38359375 0.18515625 0.15 0.10625
0 0.82578125 0.1609375 0.1875 0.134375
0 0.87265625 0.0171875 0.0703125 0.034375
0 0.9125 0.30390625 0.0390625 0.0265625
0 0.775 0.24375 0.0515625 0.0359375
0 0.6390625 0.3453125 0.0875 0.0625
0 0.6625 0.44609375 0.2234375 0.1609375
0 0.775 0.05625 0.1375 0.0984375