0 0.4546875 0.83671875 0.3015625 0.2984375
0 0.134375 0.0140625 0.040625 0.028125
0 0.1859375 0.0953125 0.0296875 0.0296875
0 0.26796875 0.12265625 0.0328125 0.0328125
0 0.33984375 0.10546875 0.0265625 0.0265625
0 0.37890625 0.0515625 0.040625 0.040625
0 0.5328125 0.09140625 0.034375 0.034375
0 0.48203125 0.10546875 0.03125 0.03125
0 0.46015625 0.2046875 0.04375 0.04375
0 0.39296875 0.2359375 0.0265625 0.025
0 0.4359375 0.23046875 0.0296875 0.0296875
0 0.43046875 0.1546875 0.025 0.025
0 0.2828125 0.2484375 0.0328125 0.034375
0 0.24140625 0.296875 0.0390625 0.0390625
0 0.33046875 0.415625 0.0265625 0.0265625
0 0.43984375 0.328125 0.0515625 0.0515625
0 0.4703125 0.43359375 0.0359375 0.0359375
0 0.56484375 0.32109375 0.034375 0.034375
0 0.5171875 0.3390625 0.0265625 0.0265625
0 0.3859375 0.49140625 0.03125 0.03125
0 0.30390625 0.52890625 0.0265625 0.0265625
0 0.12265625 0.54453125 0.0359375 0.0359375
0 0.10078125 0.49609375 0.0296875 0.0296875
0 0.25859375 0.59609375 0.0296875 0.0265625
0 0.14296875 0.7015625 0.0359375 0.0359375
0 0.1765625 0.8265625 0.03125 0.03125
0 0.1875 0.85703125 0.0390625 0.0390625
0 0.2515625 0.90859375 0.0515625 0.0515625
0 0.23203125 0.9671875 0.03125 0.03125
0 0.025 0.9015625 0.0265625 0.0265625
0 0.0421875 0.74609375 0.0265625 0.0265625
0 0.07421875 0.76953125 0.025 0.025
0 0.515625 0.62890625 0.0265625 0.0265625
0 0.52890625 0.5984375 0.0265625 0.0234375
0 0.9421875 0.83203125 0.025 0.025
0 0.95078125 0.8171875 0.03125 0.0296875
0 0.9671875 0.8859375 0.0296875 0.0296875
0 0.9671875 0.9078125 0.0296875 0.0296875
0 0.86640625 0.89296875 0.0296875 0.0296875
0 0.890625 0.9625 0.025 0.025
0 0.7359375 0.84140625 0.04375 0.04375
0 0.72734375 0.8015625 0.0265625 0.0265625
0 0.8890625 0.73828125 0.03125 0.03125
0 0.92890625 0.71640625 0.03125 0.028125
0 0.95703125 0.70078125 0.0296875 0.028125
0 0.678125 0.515625 0.0265625 0.0265625
0 0.72109375 0.3578125 0.04375 0.04375
0 0.9421875 0.29453125 0.0390625 0.0390625
0 0.63671875 0.59375 0.025 0.025
0 0.63203125 0.9125 0.028125 0.0296875
0 0.5921875 0.97578125 0.03125 0.03125
0 0.57109375 0.9890625 0.0265625 0.021875
0 0.0984375 0.13359375 0.0515625 0.0515625
0 0.053125 0.2296875 0.10625 0.159375
0 0.60078125 0.57578125 0.028125 0.028125
0 0.2515625 0.5046875 0.0265625 0.0265625
0 0.48046875 0.821875 0.0390625 0.0390625
0 0.74140625 0.0453125 0.0234375 0.025
0 0.98671875 0.58203125 0.0265625 0.0296875
0 0.95703125 0.6234375 0.0265625 0.0265625
0 0.7859375 0.428125 0.0234375 0.025
0 0.98046875 0.671875 0.0265625 0.0265625