0 0.0140625 0.39375 0.028125 0.040625
0 0.2171875 0.2859375 0.034375 0.034375
0 0.91953125 0.42578125 0.040625 0.0390625
0 0.6703125 0.4421875 0.034375 0.03125
0 0.3125 0.44375 0.03125 0.03125
0 0.40234375 0.08046875 0.053125 0.053125
0 0.984375 0.21640625 0.0265625 0.0265625
0 0.9671875 0.59609375 0.0609375 0.0578125
0 0.57578125 0.8578125 0.034375 0.03125
0 0.53828125 0.5359375 0.028125 0.0265625
0 0.8296875 0.52734375 0.0296875 0.0296875
0 0.26953125 0.5328125 0.040625 0.0390625
0 0.109375 0.56640625 0.053125 0.0515625
0 0.4015625 0.61328125 0.03125 0.0296875
0 0.3015625 0.7484375 0.0265625 0.025
0 0.209375 0.15625 0.0265625 0.0265625