0 0.00078125 0.00234375 0.0015625 0.0015625
0 0.2703125 0.46640625 0.0234375 0.025
0 0.25703125 0.5671875 0.0390625 0.0359375
0 0.21484375 0.59765625 0.0359375 0.0359375
0 0.16015625 0.60078125 0.0359375 0.0359375
0 0.10703125 0.52734375 0.025 0.025
0 0.1265625 0.328125 0.065625 0.0625
0 0.0625 0.38125 0.0296875 0.0265625
0 0.18984375 0.07578125 0.128125 0.121875
0 0.1203125 0.1609375 0.0609375 0.0578125
0 0.3375 0.0625 0.0296875 0.0296875
0 0.40390625 0.20078125 0.0359375 0.0359375
0 0.3015625 0.25390625 0.0859375 0.0875
0 0.30078125 0.27890625 0.025 0.0234375
0 0.21484375 0.2984375 0.1140625 0.1109375
0 0.27734375 0.1515625 0.034375 0.03125
0 0.4671875 0.546875 0.034375 0.03125
0 0.3453125 0.5578125 0.09375 0.090625
0 0.65 0.078125 0.065625 0.065625
0 0.66484375 0.03359375 0.0828125 0.0671875
0 0.8375 0.10234375 0.0265625 0.0265625
0 0.7015625 0.29921875 0.028125 0.0296875
0 0.7453125 0.33671875 0.0359375 0.0359375
0 0.85546875 0.31953125 0.0390625 0.0359375
0 0.91328125 0.24375 0.025 0.025
0 0.94140625 0.61875 0.034375 0.03125
0 0.83046875 0.60078125 0.0296875 0.028125
0 0.4984375 0.1390625 0.0390625 0.0359375
0 0.87109375 0.45703125 0.0296875 0.0296875
0 0.921875 0.5046875 0.034375 0.034375
0 0.92578125 0.68359375 0.1234375 0.1203125
0 0.8859375 0.8703125 0.034375 0.03125
0 0.7609375 0.6625 0.03125 0.03125
0 0.72578125 0.66484375 0.028125 0.028125
0 0.68046875 0.66796875 0.0265625 0.0265625
0 0.5921875 0.67421875 0.034375 0.03125
0 0.30078125 0.79296875 0.0484375 0.0484375
0 0.2203125 0.96875 0.0359375 0.034375
0 0.15625 0.74765625 0.025 0.025
0 0.08046875 0.796875 0.03125 0.0296875
0 0.03359375 0.86328125 0.040625 0.0390625
0 0.09140625 0.8421875 0.0828125 0.0796875
0 0.08203125 0.69453125 0.034375 0.03125
0 0.9484375 0.1078125 0.034375 0.03125
0 0.1296875 0.47109375 0.1109375 0.1078125
0 0.17421875 0.521875 0.0296875 0.028125
0 0.0984375 0.57421875 0.0265625 0.0265625
0 0.759375 0.47109375 0.03125 0.03125