0 0.665625 0.271875 0.46875 0.3703125
0 0.28828125 0.1296875 0.3875 0.259375
0 0.00234375 0.00234375 0.0015625 0.0015625
0 0.978125 0.5625 0.04375 0.040625
0 0.94609375 0.60546875 0.0453125 0.0359375
0 0.92578125 0.703125 0.065625 0.0515625
0 0.00078125 0.00234375 0.0015625 0.0015625
0 0.2234375 0.83984375 0.03125 0.025
0 0.490625 0.7953125 0.034375 0.0265625
0 0.6546875 0.6625 0.0390625 0.028125
0 0.6671875 0.65 0.03125 0.025
0 0.4625 0.61875 0.1109375 0.0890625
0 0.39921875 0.6203125 0.1140625 0.0890625
0 0.40234375 0.62890625 0.03125 0.025
0 0.31015625 0.68046875 0.0765625 0.0625
0 0.30546875 0.71640625 0.0359375 0.028125
0 0.290625 0.7515625 0.0359375 0.028125
0 0.17421875 0.62109375 0.0390625 0.0296875
0 0.071875 0.54296875 0.0390625 0.03125
0 0.0375 0.66953125 0.075 0.0578125
0 0.12265625 0.70546875 0.0328125 0.028125
0 0.15 0.74765625 0.0359375 0.028125
0 0.00078125 0.00234375 0.0015625 0.0015625
0 0.021875 0.02421875 0.04375 0.0359375
0 0.54453125 0.05546875 0.1109375 0.0859375
0 0.69140625 0.27265625 0.065625 0.0515625
0 0.3234375 0.1921875 0.040625 0.03125
0 0.35703125 0.05546875 0.053125 0.040625
0 0.22109375 0.02890625 0.096875 0.0578125
0 0.00234375 0.00078125 0.0015625 0.0015625
0 0.140625 0.4109375 0.034375 0.0265625
0 0.13359375 0.48203125 0.034375 0.0265625
0 0.5203125 0.39296875 0.0390625 0.0296875
0 0.79296875 0.06484375 0.0484375 0.0375
0 0.78359375 0.0328125 0.0609375 0.0484375
0 0.35546875 0.41015625 0.0390625 0.0296875