0 0.8171875 0.6921875 0.034375 0.0265625
0 0.88359375 0.34140625 0.0453125 0.0390625
0 0.790625 0.09140625 0.0359375 0.03125
0 0.65625 0.02421875 0.04375 0.0359375
0 0.65390625 0.165625 0.0390625 0.03125
0 0.58515625 0.2953125 0.03125 0.0265625
0 0.62109375 0.38359375 0.053125 0.04375
0 0.53515625 0.43984375 0.2703125 0.221875
0 0.5375 0.3453125 0.0515625 0.040625
0 0.8296875 0.259375 0.03125 0.025
0 0.11171875 0.29453125 0.06875 0.0578125
0 0.521875 0.68046875 0.09375 0.0765625
0 0.65390625 0.7640625 0.0359375 0.03125
0 0.65390625 0.90234375 0.028125 0.025
0 0.603125 0.91328125 0.0796875 0.065625
0 0.56875 0.8703125 0.0828125 0.065625
0 0.359375 0.71015625 0.0390625 0.03125
0 0.0203125 0.85 0.03125 0.0265625
0 0.103125 0.23203125 0.065625 0.053125
0 0.1140625 0.1625 0.071875 0.0609375
0 0.08515625 0.109375 0.0875 0.071875
0 0.053125 0.1359375 0.10625 0.125
0 0.18125 0.29296875 0.0765625 0.065625
0 0.6703125 0.83203125 0.1078125 0.0890625
0 0.47578125 0.03984375 0.1015625 0.0796875