0 0.11640625 0.6203125 0.2328125 0.3984375
0 0.9171875 0.08203125 0.084375 0.084375
0 0.9109375 0.1703125 0.1375 0.1375
0 0.8734375 0.17890625 0.0359375 0.0359375
0 0.31875 0.11796875 0.03125 0.03125
0 0.05546875 0.3171875 0.0609375 0.0609375
0 0.27734375 0.4734375 0.0265625 0.0265625
0 0.24375 0.5265625 0.0296875 0.028125
0 0.240625 0.3484375 0.034375 0.034375
0 0.14453125 0.43984375 0.0265625 0.0265625
0 0.2875 0.61640625 0.1109375 0.1109375
0 0.21171875 0.71640625 0.0921875 0.090625
0 0.3328125 0.75234375 0.04375 0.04375
0 0.4078125 0.78515625 0.0625 0.0625
0 0.00078125 0.00234375 0.0015625 0.0015625
0 0.17578125 0.92421875 0.075 0.075
0 0.146875 0.88671875 0.0765625 0.0765625
0 0.1078125 0.84765625 0.028125 0.0296875
0 0.10078125 0.91015625 0.084375 0.084375
0 0.05859375 0.96875 0.071875 0.0625
0 0.03984375 0.88671875 0.0484375 0.0484375
0 0.29453125 0.9234375 0.0453125 0.0453125
0 0.5515625 0.9046875 0.0859375 0.0875
0 0.5765625 0.7015625 0.15 0.146875
0 0.61796875 0.73203125 0.0265625 0.0265625
0 0.69921875 0.728125 0.0296875 0.028125
0 0.98203125 0.80546875 0.025 0.025
0 0.90390625 0.41328125 0.03125 0.03125
0 0.91484375 0.30390625 0.0796875 0.0796875
0 0.490625 0.00859375 0.0265625 0.0171875
0 0.0515625 0.365625 0.0515625 0.0515625
0 0.4890625 0.7484375 0.0296875 0.028125