0 0.51640625 0.9875 0.0296875 0.025
0 0.60703125 0.978125 0.03125 0.0296875
0 0.62265625 0.928125 0.028125 0.0265625
0 0.921875 0.89921875 0.03125 0.0296875
0 0.64921875 0.79453125 0.0484375 0.04375
0 0.60703125 0.83984375 0.028125 0.025
0 0.55859375 0.7671875 0.0296875 0.0265625
0 0.11640625 0.86328125 0.0625 0.0578125
0 0.0421875 0.865625 0.0484375 0.04375
0 0.97578125 0.478125 0.0296875 0.0265625
0 0.2484375 0.58203125 0.040625 0.0359375
0 0.3703125 0.6078125 0.0296875 0.0265625
0 0.50234375 0.72578125 0.059375 0.0546875
0 0.61796875 0.87109375 0.034375 0.03125
0 0.709375 0.7296875 0.034375 0.03125
0 0.7171875 0.70703125 0.028125 0.0265625
0 0.70078125 0.74375 0.034375 0.03125
0 0.78125 0.70546875 0.040625 0.0390625
0 0.84765625 0.7046875 0.053125 0.0484375
0 0.8921875 0.1765625 0.0625 0.0578125
0 0.8546875 0.28984375 0.0484375 0.04375
0 0.86796875 0.33515625 0.0609375 0.053125
0 0.8125 0.16953125 0.034375 0.03125
0 0.8390625 0.1828125 0.034375 0.0296875
0 0.62265625 0.15859375 0.0484375 0.04375
0 0.50234375 0.2296875 0.0390625 0.0359375
0 0.4078125 0.1609375 0.0359375 0.0328125
0 0.5296875 0.34375 0.03125 0.0296875
0 0.52890625 0.37109375 0.03125 0.0296875
0 0.6109375 0.32421875 0.028125 0.0265625
0 0.6109375 0.3484375 0.028125 0.0265625
0 0.490625 0.4640625 0.0515625 0.0453125
0 0.6359375 0.38828125 0.028125 0.0265625
0 0.79296875 0.49765625 0.0296875 0.0265625
0 0.77734375 0.53828125 0.0265625 0.0234375
0 0.8453125 0.5171875 0.0265625 0.025
0 0.8375 0.553125 0.04375 0.0390625
0 0.8484375 0.58515625 0.0359375 0.03125
0 0.853125 0.603125 0.0265625 0.025
0 0.68359375 0.41328125 0.0359375 0.03125
0 0.671875 0.43515625 0.0390625 0.034375
0 0.13125 0.35703125 0.0265625 0.0234375
0 0.85546875 0.22578125 0.040625 0.0359375
0 0.01796875 0.0609375 0.0328125 0.03125
0 0.02421875 0.08671875 0.0484375 0.0609375
0 0.11171875 0.1203125 0.0359375 0.03125
0 0.62109375 0.0625 0.03125 0.0296875
0 0.8953125 0.00703125 0.0296875 0.0140625
0 0.890625 0.02265625 0.03125 0.0296875
0 0.85703125 0.04921875 0.034375 0.03125
0 0.828125 0.04296875 0.03125 0.0296875
0 0.8234375 0.10234375 0.03125 0.0265625
0 0.8109375 0.12734375 0.03125 0.0296875
0 0.853125 0.0796875 0.04375 0.0390625
0 0.86328125 0.103125 0.040625 0.0359375
0 0.95078125 0.28515625 0.0390625 0.034375
0 0.96640625 0.3015625 0.0265625 0.0234375
0 0.59140625 0.87265625 0.0265625 0.025
0 0.69609375 0.62109375 0.0265625 0.025
0 0.3140625 0.58984375 0.0265625 0.025
0 0.3234375 0.609375 0.03125 0.0296875
0 0.17890625 0.62734375 0.0265625 0.025
0 0.53984375 0.25625 0.028125 0.0265625
0 0.4859375 0.34609375 0.0484375 0.04375
0 0.5625 0.1703125 0.0453125 0.040625