0 0.00234375 0.0015625 0.0046875 0.003125
0 0.11875 0.80390625 0.0359375 0.03125
0 0.15390625 0.6828125 0.03125 0.028125
0 0.0140625 0.74921875 0.028125 0.0328125
0 0.890625 0.2765625 0.0359375 0.034375
0 0.83671875 0.34140625 0.0609375 0.0546875
0 0.9640625 0.5796875 0.03125 0.028125
0 0.94375 0.15859375 0.0453125 0.040625
0 0.92578125 0.04921875 0.034375 0.0296875
0 0.86640625 0.46875 0.0390625 0.034375
0 0.85078125 0.54453125 0.0265625 0.025
0 0.69375 0.5828125 0.04375 0.040625
0 0.64453125 0.609375 0.0578125 0.053125
0 0.65234375 0.6703125 0.034375 0.03125
0 0.82421875 0.70546875 0.0296875 0.0265625
0 0.5734375 0.5296875 0.04375 0.040625
0 0.47109375 0.4234375 0.0625 0.0578125
0 0.74140625 0.5 0.03125 0.0296875
0 0.609375 0.63671875 0.03125 0.0296875
0 0.71875 0.25703125 0.2125 0.1921875
0 0.01953125 0.5 0.0390625 0.0453125
0 0.24609375 0.41015625 0.096875 0.0875
0 0.4890625 0.296875 0.03125 0.0296875
0 0.5046875 0.31875 0.034375 0.0296875
0 0.5953125 0.2875 0.034375 0.03125
0 0.0453125 0.5984375 0.065625 0.059375
0 0.203125 0.21015625 0.065625 0.0609375
0 0.14765625 0.04296875 0.0359375 0.034375
0 0.28359375 0.1 0.0453125 0.040625
0 0.028125 0.01171875 0.040625 0.0234375
0 0.4046875 0.01796875 0.0578125 0.0359375
0 0.446875 0.046875 0.0515625 0.0453125
0 0.4984375 0.08984375 0.0390625 0.0359375
0 0.578125 0.01953125 0.0265625 0.025