0 0.0015625 0.00234375 0.003125 0.0015625
0 0.915625 0.240625 0.034375 0.025
0 0.8484375 0.25859375 0.0515625 0.0390625
0 0.80546875 0.23046875 0.075 0.05625
0 0.8421875 0.13359375 0.0671875 0.0484375
0 0.7703125 0.01328125 0.0578125 0.0265625
0 0.63671875 0.0875 0.0453125 0.034375
0 0.41796875 0.02421875 0.034375 0.025
0 0.5296875 0.2671875 0.0484375 0.0328125
0 0.54921875 0.17421875 0.0390625 0.0296875
0 0.36640625 0.11171875 0.0359375 0.0265625
0 0.3421875 0.134375 0.0328125 0.025
0 0.3078125 0.08515625 0.040625 0.03125
0 0.23046875 0.146875 0.0359375 0.0265625
0 0.50859375 0.3234375 0.040625 0.0296875
0 0.55078125 0.47265625 0.0484375 0.0359375
0 0.50703125 0.46015625 0.0390625 0.0265625
0 0.2296875 0.48203125 0.0671875 0.0484375
0 0.1546875 0.5015625 0.0328125 0.025
0 0.42890625 0.47265625 0.0453125 0.034375
0 0.03828125 0.31484375 0.0765625 0.0984375
0 0.39765625 0.2953125 0.04375 0.03125
0 0.4359375 0.1078125 0.04375 0.03125
0 0.3796875 0.18359375 0.0828125 0.0609375
0 0.4734375 0.01953125 0.0359375 0.0265625
0 0.73203125 0.18046875 0.071875 0.053125
0 0.71875 0.15234375 0.05625 0.040625
0 0.41484375 0.08671875 0.0390625 0.0265625
0 0.07578125 0.66484375 0.1515625 0.1421875
0 0.0171875 0.584375 0.034375 0.0265625
0 0.08671875 0.56015625 0.1734375 0.159375
0 0.2328125 0.5890625 0.040625 0.028125
0 0.46484375 0.61171875 0.0390625 0.028125
0 0.26171875 0.61328125 0.034375 0.025
0 0.38125 0.97578125 0.0390625 0.0296875
0 0.89765625 0.975 0.0484375 0.0359375
0 0.83984375 0.96640625 0.0359375 0.0265625
0 0.7234375 0.5796875 0.0515625 0.0359375
0 0.5578125 0.5734375 0.0359375 0.0265625
0 0.4015625 0.58671875 0.05625 0.0390625
0 0.88359375 0.640625 0.075 0.05625
0 0.96484375 0.6515625 0.0703125 0.053125
0 0.92421875 0.53359375 0.0359375 0.0265625
0 0.80546875 0.5828125 0.128125 0.09375
0 0.7796875 0.490625 0.034375 0.025
0 0.77265625 0.51171875 0.075 0.053125
0 0.45078125 0.5203125 0.0359375 0.0265625
0 0.51796875 0.5609375 0.0390625 0.0265625
0 0.0015625 0.00234375 0.003125 0.0046875
0 0.85703125 0.98984375 0.0328125 0.0203125