0 0.97578125 0.0578125 0.0484375 0.0515625
0 0.88828125 0.3953125 0.0296875 0.0265625
0 0.97578125 0.5203125 0.0296875 0.0265625
0 0.928125 0.178125 0.03125 0.0296875
0 0.9046875 0.1734375 0.0296875 0.0265625
0 0.875 0.0765625 0.03125 0.028125
0 0.85703125 0.0453125 0.034375 0.03125
0 0.98203125 0.3375 0.0359375 0.0390625
0 0.4109375 0.053125 0.065625 0.0609375
0 0.26796875 0.0890625 0.0296875 0.0265625
0 0.390625 0.13671875 0.0671875 0.0625
0 0.28125 0.15859375 0.1296875 0.1203125
0 0.16328125 0.11328125 0.096875 0.0890625
0 0.01328125 0.0765625 0.0265625 0.025
0 0.19921875 0.16953125 0.034375 0.03125
0 0.63203125 0.1828125 0.0359375 0.0328125
0 0.609375 0.15390625 0.0296875 0.0265625
0 0.74609375 0.0953125 0.034375 0.03125
0 0.72578125 0.1234375 0.04375 0.0390625
0 0.6546875 0.27265625 0.034375 0.0296875
0 0.5625 0.38203125 0.040625 0.0359375
0 0.54453125 0.334375 0.0359375 0.0328125
0 0.44921875 0.36171875 0.0515625 0.0453125
0 0.43984375 0.3921875 0.0453125 0.040625
0 0.3859375 0.4203125 0.03125 0.0296875
0 0.44375 0.50234375 0.0265625 0.025
0 0.3265625 0.41796875 0.0296875 0.0265625
0 0.40625 0.5953125 0.034375 0.028125
0 0.48671875 0.5578125 0.1015625 0.090625
0 0.3234375 0.478125 0.03125 0.0296875
0 0.23828125 0.3578125 0.0890625 0.0828125
0 0.31015625 0.30546875 0.0953125 0.0890625
0 0.12109375 0.259375 0.0515625 0.0453125
0 0.1890625 0.26796875 0.0765625 0.0703125
0 0.06640625 0.3109375 0.0265625 0.0234375
0 0.73046875 0.4953125 0.240625 0.21875
0 0.5328125 0.6265625 0.128125 0.115625
0 0.47109375 0.6609375 0.0515625 0.0453125
0 0.4234375 0.66796875 0.04375 0.0390625
0 0.40234375 0.63125 0.034375 0.03125
0 0.60703125 0.5890625 0.053125 0.0484375
0 0.6140625 0.7703125 0.028125 0.0265625
0 0.5796875 0.78125 0.0359375 0.034375
0 0.55390625 0.75859375 0.03125 0.028125
0 0.53984375 0.72734375 0.034375 0.03125
0 0.5921875 0.859375 0.0515625 0.0453125
0 0.490625 0.9203125 0.0265625 0.025
0 0.4546875 0.95078125 0.03125 0.0296875
0 0.44375 0.83984375 0.34375 0.3125
0 0.78359375 0.69375 0.03125 0.0265625
0 0.71484375 0.74609375 0.034375 0.03125
0 0.8328125 0.83984375 0.034375 0.03125
0 0.8015625 0.9421875 0.1203125 0.1109375
0 0.109375 0.8015625 0.0296875 0.0265625
0 0.0890625 0.79921875 0.0359375 0.03125
0 0.1109375 0.9734375 0.0265625 0.025
0 0.475 0.46875 0.0296875 0.0265625
0 0.1734375 0.9875 0.0375 0.025
0 0.0015625 0.0015625 0.003125 0.003125
0 0.9078125 0.2484375 0.0828125 0.075