0 0.578125 0.18046875 0.6703125 0.3609375
0 0.4484375 0.6859375 0.271875 0.2015625
0 0.65 0.38359375 0.034375 0.0234375
0 0.615625 0.421875 0.0578125 0.04375
0 0.35546875 0.34765625 0.165625 0.125
0 0.06015625 0.0796875 0.1203125 0.15625
0 0.20703125 0.0734375 0.190625 0.1421875
0 0.34140625 0.51171875 0.04375 0.03125
0 0.4203125 0.41953125 0.221875 0.165625
0 0.1703125 0.571875 0.0328125 0.025
0 0.1296875 0.59140625 0.0578125 0.04375
0 0.2296875 0.6296875 0.03125 0.0234375
0 0.21875 0.77421875 0.1296875 0.096875
0 0.02265625 0.8109375 0.0453125 0.034375
0 0.68984375 0.6875 0.0515625 0.0390625
0 0.64921875 0.7046875 0.059375 0.04375
0 0.64296875 0.65390625 0.0625 0.0484375
0 0.61875 0.9515625 0.0359375 0.0265625
0 0.87109375 0.75390625 0.0828125 0.0609375
0 0.4796875 0.8125 0.10625 0.0796875
0 0.37734375 0.85703125 0.0609375 0.04375
0 0.2859375 0.83671875 0.09375 0.0703125
0 0.18359375 0.85703125 0.1078125 0.0796875
0 0.9265625 0.85078125 0.0359375 0.0265625
0 0.93125 0.80859375 0.034375 0.025
0 0.796875 0.65859375 0.0390625 0.028125
0 0.77421875 0.6203125 0.096875 0.071875
0 0.70546875 0.63359375 0.0984375 0.075
0 0.6203125 0.61640625 0.0359375 0.0265625
0 0.91953125 0.59140625 0.1296875 0.096875