0 0.0015625 0.0015625 0.003125 0.003125
0 0.17890625 0.03984375 0.0359375 0.034375
0 0.08671875 0.0203125 0.040625 0.0390625
0 0.06015625 0.009375 0.0359375 0.01875
0 0.0734375 0.665625 0.146875 0.1390625
0 0.03828125 0.54296875 0.0515625 0.0453125
0 0.13203125 0.7796875 0.034375 0.03125
0 0.1453125 0.79453125 0.03125 0.028125
0 0.11640625 0.81484375 0.03125 0.0296875
0 0.3125 0.1765625 0.134375 0.121875
0 0.446875 0.1984375 0.0875 0.0796875
0 0.5421875 0.0921875 0.04375 0.040625
0 0.42578125 0.1234375 0.0265625 0.025
0 0.4734375 0.1421875 0.0265625 0.025
0 0.3140625 0.4078125 0.0328125 0.03125
0 0.3328125 0.60234375 0.0546875 0.0515625
0 0.26171875 0.58203125 0.0296875 0.0265625
0 0.234375 0.571875 0.0609375 0.05625
0 0.43046875 0.7546875 0.0453125 0.040625
0 0.59375 0.5203125 0.0453125 0.040625
0 0.49296875 0.40390625 0.034375 0.03125
0 0.7296875 0.60703125 0.059375 0.05625
0 0.6859375 0.66015625 0.0453125 0.04375
0 0.5890625 0.615625 0.0265625 0.025
0 0.75 0.5 0.034375 0.03125
0 0.7921875 0.55859375 0.040625 0.0390625
0 0.5890625 0.48046875 0.0390625 0.0359375
0 0.78828125 0.28828125 0.028125 0.0265625
0 0.921875 0.615625 0.04375 0.0390625
0 0.8296875 0.6140625 0.03125 0.028125
0 0.80546875 0.68046875 0.034375 0.03125
0 0.78125 0.696875 0.0265625 0.025
0 0.78515625 0.74765625 0.0265625 0.025
0 0.740625 0.7484375 0.0265625 0.0265625
0 0.70546875 0.7953125 0.0578125 0.053125
0 0.865625 0.86171875 0.0796875 0.071875
0 0.94140625 0.91953125 0.0296875 0.0265625
0 0.8765625 0.3703125 0.034375 0.03125
0 0.8890625 0.3921875 0.03125 0.0296875
0 0.978125 0.37109375 0.0359375 0.034375
0 0.7390625 0.1203125 0.03125 0.0296875
0 0.8921875 0.0640625 0.0265625 0.025
0 0.9734375 0.196875 0.03125 0.0296875
0 0.259375 0.96875 0.0265625 0.025
0 0.5828125 0.88125 0.0265625 0.025
0 0.00234375 0.00078125 0.0015625 0.0015625