0 0.0203125 0.3296875 0.040625 0.0578125
0 0.27421875 0.04453125 0.05625 0.0484375
0 0.328125 0.06875 0.0296875 0.0265625
0 0.2015625 0.1390625 0.03125 0.0265625
0 0.1921875 0.39921875 0.0328125 0.0296875
0 0.6453125 0.24296875 0.0671875 0.0578125
0 0.5640625 0.2609375 0.0390625 0.034375
0 0.5625 0.15 0.03125 0.0265625
0 0.6 0.34765625 0.0390625 0.034375
0 0.884375 0.05078125 0.034375 0.0296875
0 0.8125 0.196875 0.0359375 0.03125
0 0.9046875 0.9671875 0.03125 0.0265625
0 0.85 0.49765625 0.0453125 0.0390625
0 0.384375 0.83203125 0.0484375 0.040625
0 0.225 0.68984375 0.053125 0.0453125
0 0.19375 0.696875 0.0390625 0.03125
0 0.10546875 0.87890625 0.04375 0.0359375
0 0.31640625 0.97578125 0.0359375 0.03125
0 0.24140625 0.94375 0.0296875 0.025
0 0.2671875 0.55859375 0.0390625 0.034375
0 0.43515625 0.58984375 0.0390625 0.034375
0 0.71640625 0.49140625 0.03125 0.0265625
0 0.71875 0.6609375 0.04375 0.0390625
0 0.83984375 0.68125 0.034375 0.028125
0 0.36640625 0.70546875 0.03125 0.0265625