0 0.69609375 0.1546875 0.2703125 0.2171875
0 0.5109375 0.025 0.0578125 0.0453125
0 0.64453125 0.03828125 0.0609375 0.0484375
0 0.5984375 0.06015625 0.0546875 0.0453125
0 0.525 0.0640625 0.034375 0.028125
0 0.740625 0.05546875 0.053125 0.04375
0 0.78984375 0.0671875 0.04375 0.0359375
0 0.96171875 0.1734375 0.040625 0.0328125
0 0.94609375 0.2140625 0.071875 0.0578125
0 0.88828125 0.24609375 0.065625 0.053125
0 0.88359375 0.28125 0.040625 0.034375
0 0.7984375 0.2609375 0.09375 0.0765625
0 0.74609375 0.28515625 0.1078125 0.0890625
0 0.5828125 0.32578125 0.0890625 0.071875
0 0.7640625 0.34765625 0.096875 0.0765625
0 0.6609375 0.3234375 0.0984375 0.0796875
0 0.6859375 0.3890625 0.0890625 0.071875
0 0.9046875 0.37265625 0.1015625 0.0828125
0 0.88203125 0.42578125 0.034375 0.0265625
0 0.85 0.4625 0.0359375 0.0296875
0 0.88671875 0.11875 0.1015625 0.0828125
0 0.953125 0.0515625 0.0609375 0.0484375
0 0.9640625 0.0265625 0.0453125 0.0359375
0 0.68046875 0.52421875 0.0984375 0.0796875
0 0.44609375 0.4703125 0.05625 0.04375
0 0.26171875 0.10078125 0.2125 0.1703125
0 0.08984375 0.0734375 0.128125 0.103125
0 0.0171875 0.10234375 0.034375 0.05625
0 0.0375 0.17421875 0.075 0.0703125
0 0.2484375 0.24140625 0.0671875 0.053125
0 0.334375 0.35546875 0.1734375 0.1390625
0 0.4171875 0.3078125 0.03125 0.0234375
0 0.25234375 0.3890625 0.0390625 0.03125
0 0.12265625 0.43359375 0.0328125 0.0265625
0 0.5265625 0.43515625 0.04375 0.034375
0 0.01796875 0.41953125 0.0359375 0.0359375
0 0.19140625 0.4046875 0.125 0.1015625
0 0.16328125 0.15 0.0875 0.0703125
0 0.0875 0.4953125 0.0703125 0.05625
0 0.18125 0.68359375 0.0328125 0.0265625
0 0.1734375 0.86171875 0.0703125 0.05625
0 0.2546875 0.7515625 0.0390625 0.03125
0 0.30078125 0.7015625 0.0390625 0.03125
0 0.359375 0.68046875 0.040625 0.034375
0 0.41328125 0.69921875 0.04375 0.0359375
0 0.53359375 0.703125 0.071875 0.0578125
0 0.59609375 0.56953125 0.04375 0.0359375
0 0.6609375 0.65 0.0578125 0.0453125
0 0.6921875 0.6203125 0.0625 0.0515625
0 0.6890625 0.57421875 0.040625 0.03125
0 0.76328125 0.6921875 0.0390625 0.03125
0 0.80625 0.75625 0.0453125 0.0359375
0 0.83671875 0.8109375 0.03125 0.025
0 0.7828125 0.85234375 0.03125 0.0265625
0 0.6921875 0.85078125 0.034375 0.0265625
0 0.61328125 0.9109375 0.0359375 0.0296875
0 0.4640625 0.85 0.0390625 0.03125
0 0.35078125 0.83671875 0.03125 0.0265625
0 0.0515625 0.8421875 0.103125 0.1296875
0 0.05078125 0.5984375 0.1015625 0.1203125
0 0.07578125 0.7125 0.1515625 0.1921875
0 0.209375 0.978125 0.0453125 0.0359375
0 0.48671875 0.9734375 0.065625 0.053125
0 0.38125 0.4734375 0.0453125 0.0390625
0 0.31484375 0.5203125 0.0796875 0.0625
0 0.828125 0.6765625 0.053125 0.040625
0 0.8703125 0.78828125 0.053125 0.04375
0 0.28125 0.8578125 0.03125 0.025