0 0.0015625 0.0015625 0.0015625 0.0015625
0 0.96015625 0.9625 0.0796875 0.0671875
0 0.74765625 0.96171875 0.040625 0.03125
0 0.5109375 0.96171875 0.0484375 0.0359375
0 0.37109375 0.90859375 0.221875 0.1703125
0 0.25 0.34140625 0.0453125 0.0359375
0 0.08515625 0.0421875 0.0359375 0.0296875
0 0.64453125 0.03984375 0.04375 0.034375
0 0.72578125 0.0734375 0.053125 0.0390625
0 0.7046875 0.2234375 0.053125 0.040625
0 0.4828125 0.2609375 0.034375 0.0265625
0 0.47265625 0.22734375 0.0515625 0.0390625
0 0.16953125 0.33671875 0.15 0.1140625
0 0.25 0.39453125 0.134375 0.1015625
0 0.05390625 0.44609375 0.0515625 0.0390625
0 0.8859375 0.47578125 0.03125 0.025
0 0.828125 0.4828125 0.040625 0.03125
0 0.921875 0.296875 0.040625 0.03125
0 0.97109375 0.15859375 0.040625 0.03125
0 0.97109375 0.203125 0.040625 0.03125
0 0.1234375 0.2609375 0.090625 0.0703125
0 0.37734375 0.7828125 0.0484375 0.0390625
0 0.34140625 0.82578125 0.0765625 0.059375
0 0.26953125 0.83515625 0.0578125 0.0453125
0 0.19453125 0.86640625 0.1859375 0.1453125
0 0.671875 0.78125 0.0828125 0.0625
0 0.80078125 0.80859375 0.0671875 0.0515625
0 0.7859375 0.8765625 0.1640625 0.125
0 0.93125 0.71171875 0.0765625 0.0578125
0 0.971875 0.72890625 0.05625 0.0453125
0 0.9546875 0.24140625 0.0609375 0.0453125