0 0.35546875 0.775 0.23125 0.1703125
0 0.18046875 0.2328125 0.0453125 0.034375
0 0.07421875 0.28125 0.0484375 0.0359375
0 0.04453125 0.4046875 0.0359375 0.0265625
0 0.1 0.49375 0.103125 0.0765625
0 0.10703125 0.42890625 0.165625 0.1234375
0 0.25 0.28828125 0.040625 0.03125
0 0.3125 0.41328125 0.071875 0.05625
0 0.3375 0.45546875 0.0828125 0.0609375
0 0.4515625 0.446875 0.0515625 0.0390625
0 0.4421875 0.3765625 0.034375 0.0234375
0 0.40859375 0.33515625 0.0359375 0.0265625
0 0.4375 0.18515625 0.075 0.05625
0 0.4171875 0.25390625 0.1234375 0.0921875
0 0.6359375 0.0671875 0.0359375 0.0296875
0 0.62734375 0.1 0.0359375 0.0265625
0 0.59140625 0.30859375 0.053125 0.040625
0 0.52265625 0.27890625 0.0796875 0.0578125
0 0.4796875 0.2390625 0.0609375 0.0453125
0 0.6046875 0.46875 0.065625 0.0484375
0 0.7296875 0.48671875 0.0515625 0.0390625
0 0.6140625 0.50703125 0.0578125 0.04375
0 0.4734375 0.4890625 0.034375 0.0265625
0 0.46640625 0.53828125 0.034375 0.0234375
0 0.45546875 0.57109375 0.0484375 0.0359375
0 0.49375 0.6078125 0.071875 0.053125
0 0.5671875 0.63359375 0.053125 0.0390625
0 0.578125 0.584375 0.053125 0.040625
0 0.7609375 0.69453125 0.0390625 0.028125
0 0.14296875 0.58984375 0.0390625 0.0296875
0 0.46171875 0.68515625 0.0578125 0.04375
0 0.94609375 0.23203125 0.0484375 0.0359375
0 0.765625 0.24375 0.040625 0.0296875
0 0.7609375 0.30625 0.0390625 0.0296875
0 0.79921875 0.2875 0.03125 0.0234375
0 0.82578125 0.38203125 0.040625 0.03125
0 0.7453125 0.35703125 0.1328125 0.0984375
0 0.6609375 0.2328125 0.034375 0.025
0 0.7046875 0.1671875 0.034375 0.0265625
0 0.71484375 0.08515625 0.034375 0.0265625
0 0.69453125 0.09609375 0.034375 0.025
0 0.73203125 0.17421875 0.1015625 0.075
0 0.5375 0.046875 0.0796875 0.0609375
0 0.428125 0.03984375 0.053125 0.040625
0 0.9125 0.16015625 0.0484375 0.0359375
0 0.90234375 0.6453125 0.0484375 0.0359375
0 0.9484375 0.5578125 0.0453125 0.034375
0 0.8859375 0.7484375 0.0578125 0.04375
0 0.896875 0.85546875 0.053125 0.0390625
0 0.81484375 0.7546875 0.034375 0.0234375
0 0.62890625 0.7296875 0.103125 0.0765625
0 0.51328125 0.69375 0.1390625 0.103125
0 0.55546875 0.8890625 0.0578125 0.04375
0 0.5734375 0.9359375 0.040625 0.0296875
0 0.44609375 0.9375 0.05625 0.040625
0 0.46171875 0.978125 0.04375 0.03125
0 0.0265625 0.87109375 0.053125 0.04375
0 0.765625 0.609375 0.35625 0.2640625
0 0.44140625 0.8890625 0.034375 0.0265625