0 0.5890625 0.0921875 0.0984375 0.0984375
0 0.603125 0.25234375 0.1203125 0.1203125
0 0.6296875 0.3421875 0.03125 0.03125
0 0.8015625 0.2234375 0.3828125 0.3796875
0 0.68359375 0.03984375 0.0296875 0.0296875
0 0.6765625 0.02265625 0.028125 0.0296875
0 0.521875 0.046875 0.053125 0.053125
0 0.47578125 0.053125 0.034375 0.034375
0 0.52890625 0.15234375 0.0359375 0.0359375
0 0.49375 0.15625 0.034375 0.034375
0 0.4796875 0.17421875 0.0484375 0.0484375
0 0.421875 0.321875 0.034375 0.0328125
0 0.1984375 0.27421875 0.084375 0.0828125
0 0.1609375 0.2125 0.0453125 0.0453125
0 0.25859375 0.0671875 0.0484375 0.0484375
0 0.28515625 0.046875 0.03125 0.03125
0 0.3734375 0.0515625 0.0265625 0.0265625
0 0.35703125 0.03359375 0.0296875 0.0296875
0 0.4171875 0.1109375 0.0296875 0.0296875
0 0.4046875 0.134375 0.0265625 0.0265625
0 0.3390625 0.08203125 0.0484375 0.0484375
0 0.56953125 0.02421875 0.0359375 0.0359375
0 0.73984375 0.009375 0.0265625 0.01875
0 0.875 0.06484375 0.25 0.1296875
0 0.9359375 0.4484375 0.025 0.025
0 0.92890625 0.421875 0.0265625 0.0265625
0 0.95703125 0.56015625 0.04375 0.04375
0 0.93515625 0.57578125 0.0625 0.0625
0 0.91796875 0.6296875 0.040625 0.040625
0 0.9359375 0.803125 0.11875 0.115625
0 0.80859375 0.6703125 0.071875 0.071875
0 0.67421875 0.609375 0.0484375 0.0484375
0 0.75390625 0.5484375 0.040625 0.040625
0 0.453125 0.45703125 0.04375 0.04375
0 0.48671875 0.5171875 0.040625 0.040625
0 0.5046875 0.54296875 0.0265625 0.0265625
0 0.5765625 0.55625 0.0359375 0.0359375
0 0.52890625 0.66796875 0.03125 0.03125
0 0.546875 0.69140625 0.03125 0.03125
0 0.44140625 0.6046875 0.04375 0.04375
0 0.4 0.5578125 0.03125 0.028125
0 0.2921875 0.55625 0.03125 0.03125
0 0.384375 0.7296875 0.0359375 0.0359375
0 0.2921875 0.7125 0.03125 0.03125
0 0.51328125 0.775 0.0265625 0.0265625
0 0.57109375 0.72109375 0.03125 0.03125
0 0.8125 0.4640625 0.071875 0.071875
0 0.1609375 0.81015625 0.0609375 0.059375
0 0.146875 0.7828125 0.0578125 0.0578125
0 0.03515625 0.68984375 0.025 0.025
0 0.03515625 0.7515625 0.0265625 0.0265625
0 0.06484375 0.81640625 0.03125 0.03125
0 0.09609375 0.04296875 0.028125 0.0296875
0 0.015625 0.05390625 0.03125 0.04375
0 0.0171875 0.24296875 0.034375 0.0359375
0 0.0328125 0.2921875 0.0265625 0.0265625
0 0.26328125 0.2875 0.0359375 0.0359375
0 0.0625 0.35546875 0.0453125 0.0453125
0 0.1 0.41484375 0.034375 0.034375
0 0.03125 0.5296875 0.0296875 0.0265625
0 0.01953125 0.5515625 0.0390625 0.040625
0 0.07109375 0.6546875 0.0265625 0.0265625
0 0.0625 0.56640625 0.0296875 0.0296875
0 0.13125 0.671875 0.0390625 0.0390625
0 0.1140625 0.4625 0.03125 0.03125
0 0.01796875 0.35234375 0.0359375 0.0390625
0 0.01171875 0.32265625 0.0234375 0.0390625
0 0.078125 0.865625 0.0515625 0.0484375
0 0.321875 0.8390625 0.0234375 0.025
0 0.2921875 0.30859375 0.03125 0.03125
0 0.43125 0.19921875 0.0265625 0.0265625
0 0.678125 0.421875 0.1703125 0.16875
0 0.228125 0.9328125 0.0453125 0.0453125
0 0.21640625 0.9 0.0296875 0.0296875
0 0.525 0.865625 0.040625 0.040625
0 0.67890625 0.85703125 0.0265625 0.0265625
0 0.58203125 0.975 0.0265625 0.0265625
0 0.89765625 0.9421875 0.025 0.025
0 0.8578125 0.71015625 0.075 0.075
0 0.34765625 0.41484375 0.0296875 0.0296875
0 0.271875 0.546875 0.0390625 0.0390625
0 0.3015625 0.2828125 0.0359375 0.0359375
0 0.321875 0.30859375 0.0296875 0.0296875
0 0.13359375 0.709375 0.040625 0.040625