0 0.1234375 0.2390625 0.0609375 0.0609375
0 0.10234375 0.259375 0.0265625 0.0265625
0 0.13828125 0.30390625 0.0265625 0.0265625
0 0.03828125 0.08203125 0.034375 0.034375
0 0.23046875 0.0265625 0.0796875 0.053125
0 0.290625 0.0484375 0.0984375 0.096875
0 0.1828125 0.0578125 0.0296875 0.028125
0 0.228125 0.084375 0.05625 0.0546875
0 0.37109375 0.1140625 0.1375 0.134375
0 0.290625 0.109375 0.0640625 0.065625
0 0.31015625 0.24140625 0.053125 0.0515625
0 0.08203125 0.11640625 0.0265625 0.0265625
0 0.453125 0.1734375 0.0625 0.0625
0 0.47578125 0.05546875 0.05625 0.0546875
0 0.50390625 0.24765625 0.05625 0.05625
0 0.4953125 0.3265625 0.0703125 0.0703125
0 0.65234375 0.2171875 0.0578125 0.0578125
0 0.63828125 0.25 0.0390625 0.0390625
0 0.68046875 0.14765625 0.0796875 0.0796875
0 0.6703125 0.06953125 0.0578125 0.0578125
0 0.77265625 0.12890625 0.04375 0.04375
0 0.7875 0.1625 0.034375 0.0328125
0 0.759375 0.25390625 0.090625 0.0921875
0 0.70703125 0.265625 0.0359375 0.0359375
0 0.71875 0.05546875 0.0390625 0.0390625
0 0.72109375 0.03125 0.0265625 0.0265625
0 0.87890625 0.2609375 0.0296875 0.0296875
0 0.88125 0.02265625 0.065625 0.0453125
0 0.865625 0.0640625 0.04375 0.04375
0 0.9390625 0.0296875 0.0625 0.059375
0 0.828125 0.1203125 0.0296875 0.0296875
0 0.9796875 0.48203125 0.040625 0.0484375
0 0.88828125 0.52421875 0.025 0.0234375
0 0.88125 0.56484375 0.0578125 0.0578125
0 0.7828125 0.4078125 0.0453125 0.0453125
0 0.7484375 0.3953125 0.0265625 0.0265625
0 0.55078125 0.4109375 0.0828125 0.0828125
0 0.52734375 0.48203125 0.05625 0.05625
0 0.58203125 0.45703125 0.065625 0.065625
0 0.38828125 0.359375 0.0328125 0.034375
0 0.88125 0.6921875 0.0515625 0.0515625
0 0.95546875 0.84609375 0.0890625 0.0984375
0 0.975 0.94609375 0.0390625 0.0390625
0 0.82421875 0.88203125 0.134375 0.134375
0 0.80078125 0.81875 0.025 0.025
0 0.703125 0.97109375 0.05625 0.05625
0 0.61796875 0.86875 0.0578125 0.0578125
0 0.66953125 0.62890625 0.0265625 0.0265625
0 0.546875 0.75703125 0.0828125 0.0828125
0 0.48046875 0.775 0.0265625 0.0265625
0 0.48046875 0.728125 0.0265625 0.0265625
0 0.7234375 0.703125 0.3015625 0.3015625
0 0.70703125 0.79453125 0.0671875 0.0671875
0 0.28984375 0.7703125 0.0875 0.0875
0 0.35234375 0.8265625 0.040625 0.040625
0 0.32109375 0.81640625 0.03125 0.03125
0 0.3328125 0.8578125 0.04375 0.04375
0 0.21484375 0.77734375 0.040625 0.040625
0 0.23828125 0.59765625 0.0359375 0.0359375
0 0.228125 0.509375 0.0515625 0.0515625
0 0.0453125 0.45703125 0.0625 0.0625
0 0.37109375 0.428125 0.0359375 0.0359375
0 0.07421875 0.665625 0.0390625 0.0390625
0 0.06875 0.56015625 0.1375 0.253125
0 0.0640625 0.77265625 0.053125 0.053125
0 0.03359375 0.87109375 0.0671875 0.084375
0 0.1546875 0.88828125 0.0265625 0.0265625
0 0.35078125 0.8859375 0.0296875 0.0296875
0 0.00078125 0.00234375 0.0015625 0.0015625
0 0.009375 0.92421875 0.01875 0.0265625
0 0.54921875 0.5375 0.0828125 0.0828125
0 0.2234375 0.5921875 0.271875 0.2703125