0 0.27734375 0.1140625 0.0625 0.0625
0 0.31953125 0.1890625 0.040625 0.040625
0 0.16796875 0.08984375 0.04375 0.04375
0 0.053125 0.228125 0.0578125 0.0578125
0 0.0765625 0.4625 0.040625 0.040625
0 0.04296875 0.49140625 0.0625 0.0625
0 0.16953125 0.4703125 0.05625 0.05625
0 0.25703125 0.2453125 0.0296875 0.0296875
0 0.07578125 0.80625 0.0484375 0.0484375
0 0.3796875 0.95703125 0.0765625 0.0765625
0 0.43046875 0.8390625 0.0359375 0.0359375
0 0.66953125 0.7765625 0.0578125 0.0578125
0 0.5953125 0.7828125 0.0390625 0.0390625
0 0.475 0.68046875 0.0359375 0.0359375
0 0.4359375 0.66796875 0.053125 0.053125
0 0.45703125 0.53984375 0.0671875 0.0671875
0 0.6625 0.56484375 0.034375 0.034375
0 0.63125 0.5796875 0.040625 0.040625
0 0.91484375 0.6140625 0.0296875 0.028125
0 0.95703125 0.78359375 0.025 0.025
0 0.9234375 0.8546875 0.0390625 0.0390625
0 0.6203125 0.97578125 0.0234375 0.025
0 0.56953125 0.7203125 0.0484375 0.0484375
0 0.3015625 0.890625 0.0296875 0.0296875
0 0.334375 0.8890625 0.0328125 0.034375
0 0.63828125 0.89921875 0.034375 0.034375
0 0.48828125 0.853125 0.0390625 0.0390625