0 0.89921875 0.89453125 0.0390625 0.0359375
0 0.89296875 0.96015625 0.0765625 0.075
0 0.4171875 0.8890625 0.0296875 0.0296875
0 0.31015625 0.9359375 0.0390625 0.0359375
0 0.84765625 0.81640625 0.0625 0.0625
0 0.6390625 0.7609375 0.321875 0.3171875
0 0.959375 0.978125 0.0515625 0.04375
0 0.20546875 0.92890625 0.0515625 0.0515625
0 0.1859375 0.9125 0.0265625 0.0265625
0 0.13671875 0.65859375 0.025 0.025
0 0.10234375 0.6921875 0.0265625 0.0265625
0 0.009375 0.37578125 0.01875 0.0328125
0 0.13671875 0.1109375 0.034375 0.03125
0 0.03515625 0.12265625 0.034375 0.03125
0 0.140625 0.23046875 0.0875 0.084375
0 0.2703125 0.0375 0.03125 0.03125
0 0.50859375 0.08671875 0.0265625 0.0265625
0 0.228125 0.1546875 0.03125 0.03125
0 0.47265625 0.1296875 0.0296875 0.0296875
0 0.3546875 0.39921875 0.03125 0.03125
0 0.015625 0.42890625 0.0296875 0.0296875
0 0.54453125 0.24375 0.4375 0.428125
0 0.890625 0.10703125 0.040625 0.040625
0 0.828125 0.22578125 0.03125 0.03125
0 0.8546875 0.33515625 0.0484375 0.0453125
0 0.81875 0.36796875 0.034375 0.034375
0 0.94140625 0.52890625 0.0984375 0.096875
0 0.8890625 0.59140625 0.040625 0.040625
0 0.80078125 0.59140625 0.0265625 0.025
0 0.671875 0.0515625 0.034375 0.034375
0 0.6625 0.5203125 0.0828125 0.0796875
0 0.5640625 0.65390625 0.1328125 0.1296875
0 0.8171875 0.43125 0.1734375 0.1703125
0 0.7140625 0.0953125 0.053125 0.053125
0 0.7140625 0.0171875 0.0515625 0.034375
0 0.72734375 0.053125 0.0515625 0.0515625