0 0.00234375 0.00234375 0.0015625 0.0015625
0 0.9125 0.30625 0.0453125 0.0390625
0 0.9515625 0.37265625 0.071875 0.0609375
0 0.9078125 0.61875 0.0359375 0.028125
0 0.93359375 0.6515625 0.04375 0.0359375
0 0.9 0.671875 0.040625 0.034375
0 0.8921875 0.70546875 0.0453125 0.0390625
0 0.803125 0.85078125 0.0359375 0.03125
0 0.834375 0.28828125 0.0515625 0.040625
0 0.7609375 0.328125 0.071875 0.0609375
0 0.8296875 0.25625 0.071875 0.0609375
0 0.63671875 0.275 0.04375 0.0359375
0 0.703125 0.3421875 0.03125 0.0265625
0 0.7296875 0.49296875 0.040625 0.034375
0 0.475 0.5765625 0.11875 0.0984375
0 0.49765625 0.62734375 0.0890625 0.075
0 0.6046875 0.8546875 0.0390625 0.03125
0 0.4125 0.8171875 0.0484375 0.040625
0 0.25859375 0.7203125 0.1375 0.1140625
0 0.3140625 0.75234375 0.0296875 0.025
0 0.3734375 0.696875 0.0390625 0.03125
0 0.19609375 0.75859375 0.040625 0.034375
0 0.12109375 0.71171875 0.034375 0.028125
0 0.1109375 0.67421875 0.0578125 0.0484375
0 0.2015625 0.865625 0.03125 0.0265625
0 0.1515625 0.91484375 0.0328125 0.0296875
0 0.5140625 0.8953125 0.040625 0.034375
0 0.3703125 0.87734375 0.034375 0.0296875
0 0.58046875 0.87734375 0.05625 0.0453125
0 0.0921875 0.87265625 0.0484375 0.040625
0 0.4015625 0.0796875 0.0390625 0.03125
0 0.40859375 0.0640625 0.03125 0.0265625
0 0.4078125 0.2203125 0.03125 0.0265625
0 0.2515625 0.22734375 0.0296875 0.025
0 0.47109375 0.3796875 0.034375 0.0296875
0 0.4359375 0.3546875 0.03125 0.0265625
0 0.43515625 0.384375 0.034375 0.0296875
0 0.44921875 0.48671875 0.040625 0.034375
0 0.47734375 0.50625 0.03125 0.0265625
0 0.50859375 0.4984375 0.0390625 0.034375
0 0.28125 0.44921875 0.075 0.0609375
0 0.178125 0.47265625 0.0359375 0.03125
0 0.18046875 0.55625 0.103125 0.084375
0 0.1109375 0.51796875 0.0390625 0.034375
0 0.19609375 0.39765625 0.0328125 0.0296875
0 0.13203125 0.35 0.0875 0.071875
0 0.0609375 0.29453125 0.0625 0.053125
0 0.9234375 0.91484375 0.1078125 0.0890625
0 0.45546875 0.9203125 0.121875 0.1015625