0 0.3296875 0.953125 0.0953125 0.0921875
0 0.21015625 0.93359375 0.03125 0.0296875
0 0.915625 0.9390625 0.0265625 0.025
0 0.92265625 0.9078125 0.1546875 0.15
0 0.78125 0.9484375 0.05625 0.0515625
0 0.73671875 0.90625 0.0765625 0.075
0 0.86328125 0.8109375 0.0265625 0.0265625
0 0.75859375 0.7875 0.1203125 0.1140625
0 0.67578125 0.7953125 0.0359375 0.034375
0 0.8125 0.8640625 0.0875 0.0828125
0 0.7609375 0.6515625 0.028125 0.0265625
0 0.634375 0.51796875 0.0265625 0.0265625
0 0.59609375 0.521875 0.0359375 0.034375
0 0.5359375 0.60234375 0.0515625 0.0484375
0 0.90390625 0.5046875 0.03125 0.0296875
0 0.88828125 0.4046875 0.034375 0.03125
0 0.98984375 0.378125 0.0203125 0.025
0 0.97109375 0.5453125 0.0265625 0.025
0 0.62734375 0.59765625 0.0265625 0.0265625
0 0.68125 0.384375 0.0453125 0.04375
0 0.884375 0.3484375 0.0390625 0.0359375
0 0.97265625 0.35546875 0.0359375 0.034375
0 0.61171875 0.3234375 0.040625 0.0390625
0 0.475 0.33984375 0.0296875 0.0296875
0 0.48046875 0.47109375 0.11875 0.1140625
0 0.53828125 0.3890625 0.0265625 0.025
0 0.55625 0.55546875 0.028125 0.0265625
0 0.37734375 0.84609375 0.0359375 0.034375
0 0.3265625 0.81953125 0.0390625 0.0359375
0 0.0953125 0.8015625 0.084375 0.0796875
0 0.34375 0.8546875 0.034375 0.03125
0 0.38359375 0.884375 0.034375 0.03125
0 0.27421875 0.73671875 0.1875 0.1765625
0 0.1765625 0.696875 0.0296875 0.028125
0 0.209375 0.6671875 0.03125 0.03125
0 0.08671875 0.90625 0.15 0.1421875
0 0.13203125 0.83515625 0.053125 0.0515625
0 0.2765625 0.5265625 0.3484375 0.3265625
0 0.0453125 0.41953125 0.0296875 0.0265625
0 0.0203125 0.58671875 0.040625 0.040625
0 0.0453125 0.5375 0.0296875 0.0265625
0 0.3734375 0.22578125 0.0296875 0.0265625
0 0.3421875 0.2671875 0.0359375 0.0359375
0 0.31640625 0.31640625 0.0625 0.0578125
0 0.36328125 0.078125 0.034375 0.03125
0 0.509375 0.19609375 0.0359375 0.0328125
0 0.4625 0.30625 0.034375 0.03125
0 0.375 0.33203125 0.0390625 0.0359375
0 0.85 0.115625 0.0359375 0.034375
0 0.79921875 0.11875 0.0359375 0.0328125
0 0.7015625 0.04453125 0.04375 0.040625
0 0.6078125 0.07109375 0.034375 0.03125
0 0.9421875 0.11640625 0.03125 0.0296875
0 0.88828125 0.01171875 0.0265625 0.0234375
0 0.9328125 0.1859375 0.03125 0.0296875