0 0.00234375 0.00234375 0.0015625 0.0015625
0 0.9796875 0.51796875 0.034375 0.034375
0 0.97109375 0.13125 0.0453125 0.0453125
0 0.921875 0.25 0.0296875 0.0296875
0 0.93515625 0.21875 0.03125 0.03125
0 0.91484375 0.2015625 0.053125 0.053125
0 0.821875 0.17578125 0.040625 0.040625
0 0.68125 0.08515625 0.040625 0.040625
0 0.665625 0.23046875 0.04375 0.04375
0 0.35546875 0.05546875 0.0359375 0.0359375
0 0.459375 0.10234375 0.0359375 0.0359375
0 0.37734375 0.16796875 0.0328125 0.034375
0 0.55625 0.41953125 0.04375 0.04375
0 0.55546875 0.1140625 0.0265625 0.0265625
0 0.140625 0.05859375 0.03125 0.03125
0 0.14453125 0.56875 0.0265625 0.0265625
0 0.4703125 0.9078125 0.0453125 0.0453125
0 0.4421875 0.9375 0.04375 0.04375
0 0.453125 0.9515625 0.065625 0.065625
0 0.584375 0.9828125 0.0390625 0.034375
0 0.53515625 0.8234375 0.040625 0.040625
0 0.53515625 0.865625 0.071875 0.071875
0 0.50390625 0.92421875 0.0296875 0.0296875
0 0.37890625 0.78828125 0.0484375 0.0484375
0 0.35703125 0.8109375 0.0359375 0.0359375
0 0.24140625 0.81953125 0.0390625 0.0390625
0 0.3546875 0.74140625 0.0578125 0.0578125
0 0.86875 0.64921875 0.0296875 0.028125
0 0.68515625 0.165625 0.028125 0.0296875