0 0.12109375 0.85546875 0.03125 0.0265625
0 0.13671875 0.75703125 0.0515625 0.04375
0 0.1453125 0.6546875 0.24375 0.2078125
0 0.08984375 0.65390625 0.0296875 0.025
0 0.05625 0.4515625 0.04375 0.0359375
0 0.2953125 0.5421875 0.1828125 0.1546875
0 0.28515625 0.62734375 0.053125 0.0453125
0 0.38828125 0.58671875 0.0765625 0.065625
0 0.1890625 0.77890625 0.040625 0.034375
0 0.9125 0.9515625 0.0515625 0.04375
0 0.87109375 0.90625 0.053125 0.0453125
0 0.91484375 0.91328125 0.0390625 0.034375
0 0.6546875 0.9640625 0.0484375 0.040625
0 0.5921875 0.82421875 0.0875 0.071875
0 0.71171875 0.64453125 0.0546875 0.0453125
0 0.7015625 0.615625 0.03125 0.0265625
0 0.68359375 0.603125 0.0359375 0.03125
0 0.79453125 0.60546875 0.0453125 0.0390625
0 0.75703125 0.75625 0.053125 0.0453125
0 0.72109375 0.67890625 0.0484375 0.040625
0 0.915625 0.70546875 0.0296875 0.025
0 0.98046875 0.8015625 0.0390625 0.034375
0 0.85078125 0.7390625 0.0390625 0.034375
0 0.9734375 0.740625 0.053125 0.0484375
0 0.88125 0.69375 0.0984375 0.0828125
0 0.56875 0.5 0.1921875 0.1640625
0 0.68125 0.37890625 0.0703125 0.0578125
0 0.5921875 0.42421875 0.1828125 0.15625
0 0.78125 0.5046875 0.03125 0.0265625
0 0.73046875 0.35703125 0.03125 0.0265625
0 0.646875 0.2796875 0.040625 0.0359375
0 0.7234375 0.2078125 0.0578125 0.0484375
0 0.4640625 0.265625 0.0609375 0.0515625
0 0.3265625 0.27890625 0.1765625 0.146875
0 0.8421875 0.0875 0.0921875 0.0765625
0 0.740625 0.0265625 0.040625 0.0359375
0 0.81875 0.20546875 0.0453125 0.0390625
0 0.82109375 0.1859375 0.03125 0.0265625
0 0.86328125 0.271875 0.0578125 0.0515625
0 0.5953125 0.22265625 0.028125 0.025
0 0.22734375 0.0359375 0.09375 0.071875
0 0.16484375 0.23671875 0.1390625 0.11875
0 0.2171875 0.384375 0.040625 0.0328125
0 0.1234375 0.4171875 0.0359375 0.03125
0 0.7703125 0.0890625 0.03125 0.0265625
0 0.7671875 0.1609375 0.0828125 0.0671875
0 0.69609375 0.115625 0.034375 0.0265625
0 0.58515625 0.115625 0.0765625 0.065625