0 0.00234375 0.00078125 0.0015625 0.0015625
0 0.25625 0.4203125 0.5125 0.575
0 0.20703125 0.7546875 0.0484375 0.0390625
0 0.3109375 0.68046875 0.0484375 0.0359375
0 0.428125 0.69375 0.0359375 0.028125
0 0.62265625 0.71484375 0.065625 0.0515625
0 0.68984375 0.7453125 0.0765625 0.059375
0 0.56875 0.6515625 0.04375 0.034375
0 0.328125 0.8375 0.0390625 0.03125
0 0.3265625 0.90390625 0.03125 0.025
0 0.62890625 0.9578125 0.115625 0.084375
0 0.8171875 0.86875 0.11875 0.09375
0 0.46640625 0.87109375 0.0390625 0.03125
0 0.84140625 0.81015625 0.03125 0.025
0 0.82421875 0.7828125 0.034375 0.0265625
0 0.93984375 0.8234375 0.0515625 0.0390625
0 0.8890625 0.92890625 0.03125 0.025
0 0.828125 0.93515625 0.040625 0.034375
0 0.93046875 0.71015625 0.103125 0.0796875
0 0.85703125 0.69609375 0.0453125 0.0359375
0 0.8109375 0.6515625 0.0484375 0.0390625
0 0.74296875 0.6265625 0.0546875 0.04375
0 0.76328125 0.51171875 0.084375 0.065625
0 0.81015625 0.55859375 0.0796875 0.0625
0 0.7859375 0.140625 0.05625 0.04375
0 0.6296875 0.3125 0.10625 0.084375
0 0.63125 0.5578125 0.0671875 0.053125
0 0.69453125 0.4578125 0.1828125 0.1421875
0 0.5671875 0.4109375 0.040625 0.034375
0 0.18125 0.5046875 0.03125 0.0234375
0 0.06015625 0.14453125 0.0796875 0.0625
0 0.2484375 0.1921875 0.0515625 0.040625
0 0.359375 0.20546875 0.034375 0.0265625
0 0.6265625 0.1671875 0.0453125 0.0359375
0 0.60234375 0.14453125 0.065625 0.0515625
0 0.53515625 0.1734375 0.03125 0.025
0 0.86171875 0.16015625 0.0359375 0.0296875
0 0.73203125 0.02421875 0.0359375 0.0265625
0 0.61953125 0.009375 0.0453125 0.01875
0 0.56875 0.01328125 0.0484375 0.0265625
0 0.4796875 0.02265625 0.0609375 0.0453125
0 0.228125 0.053125 0.03125 0.025
0 0.02734375 0.10234375 0.0390625 0.0296875
0 0.33203125 0.12734375 0.065625 0.0515625
0 0.2609375 0.12734375 0.0609375 0.0453125
0 0.46484375 0.16484375 0.05625 0.04375
0 0.60078125 0.28515625 0.271875 0.2125
0 0.6359375 0.09375 0.0546875 0.04375
0 0.4390625 0.37265625 0.1921875 0.1484375
0 0.13359375 0.07109375 0.040625 0.03125