0 0.4015625 0.040625 0.0359375 0.0359375
0 0.44921875 0.14453125 0.0296875 0.0296875
0 0.78515625 0.0875 0.0265625 0.0265625
0 0.96640625 0.63359375 0.0390625 0.0390625
0 0.953125 0.55390625 0.05625 0.053125
0 0.6859375 0.18359375 0.034375 0.034375
0 0.7953125 0.49140625 0.0578125 0.05625
0 0.68046875 0.7015625 0.071875 0.0703125
0 0.61875 0.76796875 0.065625 0.0625
0 0.19140625 0.4953125 0.034375 0.034375
0 0.22265625 0.39921875 0.034375 0.034375
0 0.396875 0.7015625 0.0765625 0.075
0 0.3421875 0.7140625 0.04375 0.04375
0 0.04921875 0.225 0.0703125 0.0671875
0 0.02265625 0.1828125 0.0453125 0.053125
0 0.7796875 0.953125 0.0359375 0.0359375
0 0.10234375 0.9625 0.0296875 0.0296875
0 0.21015625 0.9109375 0.0265625 0.025
0 0.84765625 0.953125 0.071875 0.071875
0 0.80546875 0.90234375 0.0921875 0.0890625
0 0.88125 0.8546875 0.0359375 0.0359375
0 0.3734375 0.61640625 0.0328125 0.034375
0 0.31484375 0.82109375 0.0265625 0.0265625