0 0.696875 0.03828125 0.1375 0.0765625
0 0.828125 0.14921875 0.0609375 0.0484375
0 0.540625 0.1890625 0.0359375 0.0296875
0 0.396875 0.13125 0.0671875 0.053125
0 0.4234375 0.271875 0.0484375 0.0390625
0 0.24609375 0.13828125 0.034375 0.0265625
0 0.0875 0.09375 0.175 0.146875
0 0.2234375 0.0140625 0.053125 0.028125
0 0.0609375 0.86328125 0.0484375 0.0390625
0 0.07421875 0.4671875 0.03125 0.025
0 0.07578125 0.33671875 0.040625 0.03125
0 0.05859375 0.290625 0.0625 0.0484375
0 0.0140625 0.30703125 0.028125 0.0390625
0 0.03359375 0.34765625 0.053125 0.040625
0 0.025 0.37421875 0.05 0.0484375
0 0.3765625 0.2984375 0.0828125 0.0625
0 0.42890625 0.36796875 0.03125 0.0234375
0 0.384375 0.384375 0.0328125 0.0265625
0 0.359375 0.42578125 0.040625 0.03125
0 0.4078125 0.55546875 0.0484375 0.0359375
0 0.48828125 0.4390625 0.03125 0.025
0 0.44609375 0.4375 0.0359375 0.0265625
0 0.7703125 0.553125 0.09375 0.071875
0 0.828125 0.571875 0.03125 0.025
0 0.6578125 0.63828125 0.03125 0.025
0 0.50390625 0.88125 0.0390625 0.0296875
0 0.7296875 0.72734375 0.1453125 0.1109375
0 0.8015625 0.29453125 0.034375 0.0265625
0 0.81875 0.49765625 0.0390625 0.0296875
0 0.896875 0.51796875 0.0484375 0.0390625
0 0.82421875 0.82109375 0.034375 0.0265625
0 0.4640625 0.5421875 0.040625 0.03125
0 0.19609375 0.46875 0.0328125 0.0265625
0 0.12734375 0.60546875 0.06875 0.053125
0 0.69140625 0.4578125 0.0578125 0.04375