0 0.959375 0.15 0.0359375 0.03125
0 0.90390625 0.1109375 0.0453125 0.0359375
0 0.71171875 0.00703125 0.034375 0.0140625
0 0.72265625 0.15 0.0484375 0.0390625
0 0.85546875 0.2828125 0.03125 0.0265625
0 0.64921875 0.44140625 0.034375 0.0265625
0 0.446875 0.46875 0.0578125 0.0453125
0 0.34609375 0.48828125 0.0640625 0.053125
0 0.32109375 0.5328125 0.034375 0.0265625
0 0.5484375 0.571875 0.034375 0.0265625
0 0.57109375 0.59375 0.0625 0.0515625
0 0.58046875 0.65625 0.05625 0.04375
0 0.31875 0.64921875 0.1765625 0.1390625
0 0.6390625 0.58515625 0.0765625 0.0625
0 0.8234375 0.40234375 0.053125 0.04375
0 0.428125 0.365625 0.034375 0.0265625
0 0.46171875 0.396875 0.1078125 0.0890625
0 0.41328125 0.0578125 0.0453125 0.0390625
0 0.15625 0.3328125 0.053125 0.04375
0 0.14296875 0.30546875 0.0484375 0.0390625
0 0.19921875 0.875 0.0921875 0.071875
0 0.22109375 0.834375 0.0484375 0.0390625
0 0.0734375 0.86171875 0.0390625 0.0296875
0 0.3109375 0.92890625 0.04375 0.0359375
0 0.62109375 0.9671875 0.0875 0.065625
0 0.66796875 0.91484375 0.0609375 0.0484375
0 0.52265625 0.8265625 0.075 0.0609375
0 0.43046875 0.74375 0.034375 0.0265625
0 0.47734375 0.89765625 0.071875 0.0578125
0 0.3859375 0.91953125 0.0875 0.0703125
0 0.3859375 0.86328125 0.040625 0.034375
0 0.57109375 0.759375 0.1296875 0.103125
0 0.86875 0.6609375 0.040625 0.034375
0 0.77734375 0.78359375 0.115625 0.09375
0 0.4546875 0.98671875 0.040625 0.0265625
0 0.95546875 0.96015625 0.0890625 0.0765625