0 0.2203125 0.71015625 0.103125 0.103125
0 0.2703125 0.80859375 0.0234375 0.025
0 0.2234375 0.51796875 0.0265625 0.0265625
0 0.22734375 0.60078125 0.034375 0.034375
0 0.25390625 0.55859375 0.0296875 0.0265625
0 0.66015625 0.4234375 0.0265625 0.0265625
0 0.6921875 0.40234375 0.0390625 0.0390625
0 0.8578125 0.47265625 0.165625 0.165625
0 0.74375 0.634375 0.03125 0.028125
0 0.64921875 0.62109375 0.028125 0.0296875
0 0.4796875 0.71484375 0.0828125 0.0828125
0 0.428125 0.83515625 0.0796875 0.0796875
0 0.6 0.7609375 0.0265625 0.0265625
0 0.55625 0.97265625 0.0359375 0.0359375
0 0.57109375 0.5 0.0671875 0.0671875
0 0.9171875 0.8765625 0.0515625 0.0515625
0 0.8390625 0.72265625 0.0671875 0.0671875
0 0.56875 0.5984375 0.0625 0.0625
0 0.5609375 0.25625 0.2765625 0.2765625
0 0.63515625 0.0140625 0.0421875 0.028125
0 0.45546875 0.103125 0.1296875 0.1296875
0 0.29296875 0.14765625 0.03125 0.03125
0 0.1296875 0.025 0.03125 0.03125
0 0.35546875 0.08515625 0.0796875 0.0796875
0 0.35703125 0.16015625 0.0859375 0.0875
0 0.3171875 0.26953125 0.0671875 0.0671875
0 0.015625 0.25859375 0.03125 0.040625