0 0.10078125 0.24140625 0.0484375 0.0484375
0 0.06640625 0.24296875 0.0265625 0.025
0 0.12734375 0.19453125 0.0671875 0.0671875
0 0.1 0.3609375 0.1421875 0.1375
0 0.26953125 0.4078125 0.0875 0.084375
0 0.17890625 0.43984375 0.0296875 0.0296875
0 0.0453125 0.44375 0.04375 0.04375
0 0.27421875 0.27421875 0.04375 0.04375
0 0.453125 0.3375 0.040625 0.0390625
0 0.40859375 0.3078125 0.0265625 0.0265625
0 0.49765625 0.35234375 0.0625 0.0609375
0 0.5515625 0.359375 0.0265625 0.0265625
0 0.52421875 0.42890625 0.0390625 0.0359375
0 0.58515625 0.46484375 0.03125 0.03125
0 0.5375 0.55546875 0.0265625 0.0265625
0 0.1296875 0.49765625 0.03125 0.0296875
0 0.0671875 0.4890625 0.03125 0.0296875
0 0.05390625 0.5375 0.0265625 0.0265625
0 0.14296875 0.08046875 0.0609375 0.0578125
0 0.19375 0.07578125 0.0296875 0.028125
0 0.21640625 0.09140625 0.034375 0.034375
0 0.23203125 0.171875 0.0453125 0.04375
0 0.2125 0.21015625 0.0296875 0.0296875
0 0.33515625 0.24140625 0.040625 0.040625
0 0.2546875 0.1 0.034375 0.03125
0 0.28828125 0.07578125 0.0296875 0.028125
0 0.22265625 0.0609375 0.0265625 0.025
0 0.50625 0.053125 0.0359375 0.034375
0 0.86875 0.03515625 0.1109375 0.0703125
0 0.89765625 0.1890625 0.096875 0.09375
0 0.81484375 0.21171875 0.05625 0.053125
0 0.8375 0.24140625 0.0609375 0.0578125
0 0.9046875 0.29453125 0.0578125 0.0546875
0 0.665625 0.0421875 0.03125 0.0296875
0 0.859375 0.4234375 0.0265625 0.0265625
0 0.7203125 0.3609375 0.0515625 0.0515625
0 0.9328125 0.96875 0.0296875 0.0296875
0 0.8421875 0.91015625 0.034375 0.03125
0 0.88671875 0.93515625 0.0265625 0.0265625
0 0.84375 0.49296875 0.040625 0.040625
0 0.978125 0.59140625 0.034375 0.03125
0 0.8890625 0.69609375 0.034375 0.03125
0 0.80625 0.67890625 0.04375 0.04375
0 0.83203125 0.70078125 0.0265625 0.025
0 0.78125 0.646875 0.025 0.025
0 0.634375 0.6265625 0.034375 0.03125
0 0.55390625 0.6578125 0.0265625 0.0265625
0 0.7546875 0.52734375 0.03125 0.03125
0 0.7921875 0.5796875 0.0359375 0.0359375
0 0.775 0.9328125 0.065625 0.0625
0 0.70703125 0.971875 0.0671875 0.05625
0 0.5453125 0.93515625 0.034375 0.034375
0 0.49375 0.8703125 0.0296875 0.0265625
0 0.7453125 0.8765625 0.040625 0.0390625
0 0.64453125 0.73671875 0.16875 0.1609375
0 0.49296875 0.5625 0.0265625 0.0265625
0 0.3328125 0.70546875 0.0359375 0.0359375
0 0.165625 0.68125 0.053125 0.0515625
0 0.15859375 0.63359375 0.0265625 0.0265625
0 0.12734375 0.5484375 0.0625 0.059375
0 0.06875 0.59765625 0.034375 0.034375
0 0.10703125 0.71875 0.0265625 0.0265625
0 0.0890625 0.7671875 0.0265625 0.0265625
0 0.09140625 0.86171875 0.05625 0.05625
0 0.21171875 0.7828125 0.0265625 0.0265625
0 0.240625 0.93359375 0.053125 0.053125
0 0.33671875 0.78828125 0.0359375 0.0359375
0 0.2453125 0.58515625 0.1109375 0.1078125
0 0.33046875 0.63671875 0.0765625 0.075
0 0.22265625 0.85234375 0.2125 0.2046875
0 0.1984375 0.6546875 0.034375 0.03125
0 0.00234375 0.00234375 0.0015625 0.0015625