0 0.0140625 0.0796875 0.028125 0.025
0 0.615625 0.7171875 0.184375 0.1296875
0 0.9203125 0.7234375 0.15625 0.1109375
0 0.91484375 0.5296875 0.040625 0.028125
0 0.85234375 0.57421875 0.0390625 0.0296875
0 0.72734375 0.615625 0.0359375 0.025
0 0.70078125 0.61875 0.0390625 0.028125
0 0.7125 0.578125 0.0453125 0.03125
0 0.52265625 0.5921875 0.0609375 0.04375
0 0.6890625 0.41796875 0.221875 0.159375
0 0.7609375 0.33203125 0.075 0.053125
0 0.36328125 0.27890625 0.0609375 0.04375
0 0.1890625 0.209375 0.0484375 0.0359375
0 0.37265625 0.4734375 0.071875 0.053125
0 0.32578125 0.43359375 0.04375 0.03125
0 0.37734375 0.609375 0.1078125 0.0765625
0 0.23671875 0.52265625 0.0609375 0.04375
0 0.25390625 0.4828125 0.0578125 0.040625
0 0.1203125 0.4515625 0.04375 0.03125
0 0.05859375 0.39921875 0.034375 0.0234375