0 0.0015625 0.0015625 0.003125 0.003125
0 0.00234375 0.00234375 0.0046875 0.0046875
0 0.61796875 0.92890625 0.040625 0.03125
0 0.58515625 0.84140625 0.259375 0.2078125
0 0.553125 0.71015625 0.0390625 0.03125
0 0.65390625 0.725 0.040625 0.03125
0 0.18046875 0.93046875 0.0796875 0.0625
0 0.6765625 0.53828125 0.084375 0.0671875
0 0.70703125 0.45546875 0.0609375 0.0484375
0 0.7296875 0.421875 0.0796875 0.0625
0 0.84375 0.10234375 0.1953125 0.1546875
0 0.72578125 0.14296875 0.0453125 0.0359375
0 0.6828125 0.1875 0.04375 0.0359375