0 0.91484375 0.28984375 0.0484375 0.040625
0 0.91796875 0.3265625 0.0625 0.0515625
0 0.9203125 0.35546875 0.0484375 0.0390625
0 0.90390625 0.171875 0.0578125 0.0484375
0 0.821875 0.24296875 0.034375 0.0296875
0 0.82578125 0.321875 0.0453125 0.0390625
0 0.85 0.3578125 0.0609375 0.0515625
0 0.72578125 0.6046875 0.0453125 0.0390625
0 0.59375 0.36640625 0.03125 0.0234375
0 0.34140625 0.50390625 0.1703125 0.1390625
0 0.0203125 0.0671875 0.040625 0.0546875
0 0.31484375 0.16328125 0.0921875 0.0765625
0 0.16328125 0.12265625 0.053125 0.04375
0 0.07578125 0.08984375 0.0359375 0.0296875
0 0.06875 0.24296875 0.0375 0.03125
0 0.08046875 0.21484375 0.040625 0.034375
0 0.0421875 0.271875 0.04375 0.0359375
0 0.2078125 0.415625 0.053125 0.04375
0 0.20703125 0.48203125 0.04375 0.0359375
0 0.08671875 0.3484375 0.1234375 0.1015625
0 0.69140625 0.259375 0.1015625 0.084375
0 0.103125 0.8375 0.04375 0.0359375
0 0.5953125 0.796875 0.0578125 0.0453125
0 0.55546875 0.71875 0.04375 0.0359375
0 0.50234375 0.6890625 0.053125 0.04375
0 0.7015625 0.8953125 0.03125 0.025
0 0.5484375 0.81640625 0.03125 0.0265625
0 0.95546875 0.9734375 0.0390625 0.03125