0 0.2515625 0.36796875 0.3390625 0.3109375
0 0.00078125 0.00234375 0.0015625 0.0015625
0 0.05546875 0.009375 0.0359375 0.01875
0 0.021875 0.584375 0.0265625 0.025
0 0.0296875 0.65546875 0.059375 0.0578125
0 0.1828125 0.5765625 0.04375 0.040625
0 0.11328125 0.5828125 0.034375 0.03125
0 0.15625 0.37109375 0.0296875 0.0265625
0 0.06484375 0.57109375 0.03125 0.028125
0 0.06015625 0.72578125 0.03125 0.028125
0 0.02265625 0.72109375 0.0265625 0.025
0 0.0203125 0.8796875 0.040625 0.0390625
0 0.0140625 0.8390625 0.028125 0.034375
0 0.1984375 0.05859375 0.053125 0.0484375
0 0.09375 0.0984375 0.0296875 0.0265625
0 0.03828125 0.0640625 0.0296875 0.0265625
0 0.03828125 0.0828125 0.034375 0.03125
0 0.04921875 0.1296875 0.034375 0.03125
0 0.0453125 0.18515625 0.03125 0.0296875
0 0.3328125 0.078125 0.0296875 0.0265625
0 0.240625 0.15 0.0359375 0.0328125
0 0.765625 0.62265625 0.0703125 0.0625
0 0.14921875 0.21484375 0.075 0.0703125
0 0.20703125 0.1265625 0.04375 0.0390625
0 0.17890625 0.16953125 0.053125 0.0515625
0 0.0265625 0.1453125 0.034375 0.03125
0 0.87265625 0.03515625 0.0703125 0.065625
0 0.4 0.03984375 0.0296875 0.0265625
0 0.2078125 0.35 0.0296875 0.0265625
0 0.8859375 0.49296875 0.0578125 0.053125
0 0.9671875 0.53984375 0.0296875 0.0265625
0 0.15859375 0.78515625 0.03125 0.0296875