0 0.1265625 0.8390625 0.15625 0.15625
0 0.21640625 0.8078125 0.2015625 0.2015625
0 0.91484375 0.853125 0.0265625 0.0265625
0 0.86640625 0.83671875 0.04375 0.04375
0 0.77421875 0.9546875 0.0390625 0.0390625
0 0.6 0.8015625 0.1828125 0.18125
0 0.546875 0.771875 0.040625 0.040625
0 0.4234375 0.734375 0.025 0.025
0 0.38359375 0.71171875 0.1109375 0.1109375
0 0.2515625 0.671875 0.071875 0.071875
0 0.34140625 0.59765625 0.0328125 0.034375
0 0.75234375 0.8015625 0.0984375 0.0984375
0 0.3953125 0.63203125 0.0828125 0.0828125
0 0.00234375 0.00078125 0.0015625 0.0015625
0 0.8171875 0.45703125 0.0515625 0.0515625
0 0.828125 0.515625 0.0265625 0.0265625
0 0.6203125 0.49375 0.034375 0.034375
0 0.66484375 0.25390625 0.04375 0.04375
0 0.7921875 0.178125 0.1953125 0.1921875
0 0.76171875 0.071875 0.0484375 0.0484375
0 0.7453125 0.04453125 0.0234375 0.025
0 0.946875 0.171875 0.0578125 0.0578125
0 0.546875 0.6859375 0.025 0.025
0 0.5296875 0.553125 0.028125 0.028125
0 0.50625 0.584375 0.178125 0.178125
0 0.48828125 0.4328125 0.0609375 0.0609375
0 0.43359375 0.41015625 0.025 0.025
0 0.29921875 0.4515625 0.103125 0.103125
0 0.2875 0.50234375 0.0296875 0.028125
0 0.2140625 0.5046875 0.034375 0.034375
0 0.16015625 0.3703125 0.1515625 0.15
0 0.3734375 0.34609375 0.09375 0.09375
0 0.359375 0.28359375 0.0625 0.0625
0 0.27421875 0.3265625 0.04375 0.04375
0 0.1875 0.18984375 0.0359375 0.0359375
0 0.31875 0.209375 0.0265625 0.0265625
0 0.228125 0.1546875 0.03125 0.03125
0 0.228125 0.125 0.0515625 0.0515625
0 0.29453125 0.140625 0.1078125 0.1078125
0 0.2390625 0.25703125 0.196875 0.19375
0 0.428125 0.29296875 0.0296875 0.0265625
0 0.42421875 0.17890625 0.034375 0.0328125
0 0.39765625 0.17578125 0.0265625 0.0265625
0 0.515625 0.0734375 0.0625 0.0625
0 0.446875 0.0953125 0.025 0.025
0 0.35 0.04453125 0.053125 0.053125
0 0.33203125 0.08203125 0.040625 0.040625
0 0.46953125 0.009375 0.0296875 0.01875
0 0.0609375 0.12109375 0.040625 0.040625
0 0.05546875 0.296875 0.1109375 0.2
0 0.5515625 0.40390625 0.1375 0.134375
0 0.60234375 0.66796875 0.028125 0.0296875
0 0.0109375 0.1515625 0.021875 0.0296875
0 0.0171875 0.18984375 0.034375 0.0390625
0 0.0953125 0.1734375 0.121875 0.1234375
0 0.0515625 0.1703125 0.0265625 0.0265625