0 0.00078125 0.00234375 0.0015625 0.0015625
0 0.25234375 0.6828125 0.103125 0.103125
0 0.79453125 0.86640625 0.0265625 0.0265625
0 0.6421875 0.71484375 0.0359375 0.0359375
0 0.709375 0.9578125 0.0765625 0.0765625
0 0.90625 0.52265625 0.0296875 0.028125
0 0.80078125 0.33671875 0.03125 0.03125
0 0.70703125 0.45703125 0.040625 0.040625
0 0.3703125 0.24765625 0.0359375 0.0359375
0 0.3609375 0.18359375 0.0296875 0.0296875
0 0.1234375 0.2390625 0.034375 0.034375
0 0.1140625 0.30390625 0.025 0.0234375
0 0.64765625 0.44609375 0.053125 0.053125
0 0.321875 0.18125 0.0234375 0.025
0 0.3015625 0.38203125 0.0609375 0.0578125
0 0.3140625 0.3375 0.053125 0.053125
0 0.5734375 0.65390625 0.028125 0.0265625
0 0.64453125 0.6421875 0.040625 0.040625
0 0.9234375 0.0265625 0.0453125 0.0453125
0 0.73203125 0.3453125 0.028125 0.0296875
0 0.6734375 0.24140625 0.03125 0.03125
0 0.40859375 0.5203125 0.0890625 0.0890625