0 0.19609375 0.34765625 0.3921875 0.490625
0 0.81953125 0.6859375 0.0359375 0.0265625
0 0.83203125 0.96171875 0.03125 0.025
0 0.7296875 0.4171875 0.0484375 0.0359375
0 0.74296875 0.37734375 0.0453125 0.0328125
0 0.32421875 0.9046875 0.240625 0.18125
0 0.1 0.984375 0.0515625 0.03125
0 0.0671875 0.96484375 0.040625 0.03125
0 0.11796875 0.4515625 0.065625 0.0484375
0 0.51953125 0.4484375 0.0390625 0.0296875
0 0.36796875 0.709375 0.0484375 0.0359375
0 0.58046875 0.49609375 0.0578125 0.04375
0 0.54453125 0.3375 0.0578125 0.04375
0 0.134375 0.11875 0.11875 0.0890625
0 0.64453125 0.0828125 0.0390625 0.0296875
0 0.77890625 0.1046875 0.034375 0.0265625
0 0.728125 0.1046875 0.034375 0.0265625
0 0.60546875 0.13359375 0.0625 0.0453125
0 0.2390625 0.5640625 0.04375 0.034375
0 0.0953125 0.61171875 0.0390625 0.028125