0 0.01953125 0.521875 0.034375 0.03125
0 0.0359375 0.22578125 0.0296875 0.0265625
0 0.12734375 0.22734375 0.03125 0.0296875
0 0.73671875 0.58515625 0.0359375 0.034375
0 0.68515625 0.5453125 0.028125 0.0265625
0 0.73046875 0.68359375 0.0390625 0.034375
0 0.64765625 0.72109375 0.0453125 0.040625
0 0.59765625 0.75625 0.0359375 0.034375
0 0.5296875 0.6875 0.028125 0.0265625
0 0.55546875 0.7984375 0.028125 0.0265625
0 0.525 0.828125 0.040625 0.0359375
0 0.40390625 0.8171875 0.0265625 0.025
0 0.2859375 0.46015625 0.0578125 0.053125
0 0.24609375 0.4734375 0.0296875 0.0265625
0 0.271875 0.415625 0.0296875 0.0265625
0 0.14453125 0.46875 0.03125 0.0296875
0 0.46015625 0.37734375 0.0296875 0.0265625
0 0.4796875 0.3921875 0.034375 0.03125
0 0.5171875 0.3953125 0.028125 0.0265625
0 0.58515625 0.6453125 0.0359375 0.034375
0 0.7328125 0.7703125 0.034375 0.028125
0 0.74765625 0.80859375 0.028125 0.0265625
0 0.7671875 0.77421875 0.0390625 0.034375
0 0.20703125 0.0296875 0.0671875 0.059375
0 0.16953125 0.0640625 0.0796875 0.071875
0 0.22109375 0.0984375 0.05625 0.0515625
0 0.3140625 0.30390625 0.0390625 0.034375
0 0.35703125 0.2953125 0.03125 0.0296875
0 0.42421875 0.09609375 0.0515625 0.0484375
0 0.4 0.05546875 0.075 0.0703125
0 0.50625 0.08515625 0.0515625 0.0484375
0 0.3109375 0.0328125 0.0296875 0.0265625
0 0.4625 0.2078125 0.0296875 0.0265625
0 0.4796875 0.1859375 0.04375 0.0390625
0 0.5484375 0.02421875 0.028125 0.0265625
0 0.7015625 0.16328125 0.03125 0.0296875
0 0.671875 0.13125 0.034375 0.03125
0 0.634375 0.27421875 0.0390625 0.034375
0 0.69609375 0.30859375 0.040625 0.0359375
0 0.94609375 0.35234375 0.034375 0.03125
0 0.959375 0.3796875 0.034375 0.03125
0 0.81640625 0.48203125 0.0296875 0.0265625
0 0.94140625 0.2640625 0.03125 0.0296875
0 0.80546875 0.44375 0.03125 0.0296875
0 0.83984375 0.60234375 0.0296875 0.0265625
0 0.975 0.7515625 0.034375 0.03125
0 0.8296875 0.91015625 0.0515625 0.0453125
0 0.7640625 0.91484375 0.040625 0.0390625
0 0.8421875 0.75 0.034375 0.03125
0 0.5875 0.96171875 0.03125 0.0296875
0 0.4390625 0.98046875 0.053125 0.0390625
0 0.3390625 0.91796875 0.0296875 0.025
0 0.6140625 0.07578125 0.0265625 0.025
0 0.71640625 0.05546875 0.0453125 0.04375
0 0.8328125 0.28515625 0.0671875 0.0609375
0 0.86171875 0.359375 0.03125 0.0296875
0 0.8421875 0.3375 0.03125 0.0296875
0 0.740625 0.4734375 0.05625 0.0515625
0 0.82578125 0.509375 0.0390625 0.034375
0 0.80859375 0.41484375 0.0265625 0.025
0 0.85546875 0.41796875 0.03125 0.0296875
0 0.7546875 0.44140625 0.040625 0.0359375
0 0.94453125 0.73203125 0.034375 0.028125
0 0.9046875 0.5796875 0.0359375 0.034375
0 0.8140625 0.975 0.028125 0.0265625
0 0.00234375 0.0015625 0.0046875 0.003125