0 0.01953125 0.81640625 0.0390625 0.040625
0 0.025 0.71875 0.0265625 0.0265625
0 0.01953125 0.52421875 0.0390625 0.0703125
0 0.12890625 0.43359375 0.0265625 0.025
0 0.09765625 0.375 0.0484375 0.0484375
0 0.4390625 0.7046875 0.0359375 0.0359375
0 0.2765625 0.4359375 0.0265625 0.0265625
0 0.39921875 0.9796875 0.0296875 0.0265625
0 0.57421875 0.92578125 0.0265625 0.025
0 0.553125 0.91328125 0.0515625 0.0484375
0 0.55859375 0.884375 0.0296875 0.0265625
0 0.6109375 0.90234375 0.0578125 0.05625
0 0.60546875 0.85546875 0.0265625 0.0265625
0 0.6515625 0.8609375 0.028125 0.0296875
0 0.65625 0.84140625 0.0296875 0.0296875
0 0.75859375 0.9703125 0.0390625 0.0359375
0 0.81953125 0.76328125 0.0265625 0.0265625
0 0.9828125 0.775 0.0265625 0.025
0 0.29296875 0.7453125 0.03125 0.028125
0 0.26953125 0.79296875 0.03125 0.0296875
0 0.2453125 0.81640625 0.0296875 0.0296875
0 0.5484375 0.7140625 0.028125 0.028125
0 0.69375 0.5734375 0.0703125 0.0671875
0 0.95078125 0.1515625 0.0390625 0.0375
0 0.94921875 0.20703125 0.03125 0.0296875
0 0.93515625 0.5046875 0.0359375 0.034375
0 0.71171875 0.5109375 0.03125 0.0296875
0 0.59765625 0.3421875 0.0390625 0.0359375
0 0.6546875 0.31875 0.028125 0.0265625
0 0.77265625 0.31484375 0.0359375 0.0328125
0 0.77265625 0.234375 0.0265625 0.025
0 0.81484375 0.23046875 0.034375 0.03125
0 0.88203125 0.2546875 0.0578125 0.05625
0 0.8453125 0.29921875 0.0265625 0.0234375
0 0.48828125 0.02734375 0.0453125 0.04375
0 0.64375 0.02734375 0.1 0.0546875
0 0.21640625 0.21875 0.03125 0.0296875
0 0.1390625 0.28828125 0.0296875 0.0265625
0 0.078125 0.25703125 0.034375 0.03125
0 0.06484375 0.240625 0.034375 0.03125
0 0.14765625 0.1609375 0.0328125 0.03125
0 0.16015625 0.0328125 0.04375 0.040625
0 0.61796875 0.06015625 0.0796875 0.0765625
0 0.59140625 0.10703125 0.0671875 0.065625
0 0.28359375 0.0484375 0.0671875 0.0625
0 0.3078125 0.02421875 0.0390625 0.0390625
0 0.25625 0.0984375 0.0515625 0.0515625
0 0.14453125 0.91953125 0.0453125 0.0453125
0 0.3015625 0.69140625 0.0265625 0.0265625
0 0.821875 0.25859375 0.03125 0.03125
0 0.24140625 0.14921875 0.040625 0.040625
0 0.1078125 0.21015625 0.0875 0.084375
0 0.26328125 0.40390625 0.0296875 0.0296875
0 0.5328125 0.046875 0.040625 0.0390625