0 0.509375 0.2484375 0.290625 0.290625
0 0.95546875 0.43046875 0.040625 0.040625
0 0.8859375 0.31953125 0.1015625 0.1015625
0 0.91015625 0.96171875 0.0296875 0.0296875
0 0.6890625 0.9375 0.03125 0.03125
0 0.81015625 0.88359375 0.028125 0.0296875
0 0.94375 0.8953125 0.0265625 0.0265625
0 0.68359375 0.77734375 0.0484375 0.0484375
0 0.59765625 0.72109375 0.0828125 0.0828125
0 0.7796875 0.6921875 0.053125 0.053125
0 0.7296875 0.31484375 0.128125 0.125
0 0.6078125 0.37734375 0.025 0.0234375
0 0.6109375 0.52265625 0.065625 0.065625
0 0.67890625 0.5609375 0.090625 0.090625
0 0.478125 0.85078125 0.040625 0.040625
0 0.80859375 0.21015625 0.1546875 0.1546875
0 0.00234375 0.00078125 0.0015625 0.0015625
0 0.73828125 0.40625 0.0671875 0.0671875
0 0.6671875 0.3890625 0.0453125 0.0453125
0 0.525 0.54453125 0.096875 0.096875
0 0.4421875 0.615625 0.0265625 0.0265625
0 0.359375 0.84375 0.03125 0.03125
0 0.31875 0.83671875 0.0265625 0.0265625
0 0.16953125 0.75625 0.0359375 0.0359375
0 0.35703125 0.55859375 0.040625 0.040625
0 0.41796875 0.48828125 0.034375 0.03125
0 0.40390625 0.53984375 0.03125 0.03125
0 0.27265625 0.44140625 0.034375 0.034375
0 0.27421875 0.46875 0.0515625 0.0515625
0 0.10546875 0.48046875 0.05625 0.05625
0 0.19375 0.49765625 0.1140625 0.1140625
0 0.1625 0.57578125 0.025 0.025
0 0.1390625 0.56640625 0.03125 0.03125
0 0.15859375 0.67421875 0.0453125 0.0453125
0 0.0921875 0.640625 0.0671875 0.0671875
0 0.03359375 0.72734375 0.040625 0.040625
0 0.27734375 0.27265625 0.025 0.0234375
0 0.04921875 0.1890625 0.025 0.025
0 0.08203125 0.35546875 0.025 0.025
0 0.0453125 0.446875 0.0296875 0.0296875
0 0.0640625 0.52265625 0.03125 0.03125
0 0.5109375 0.02890625 0.071875 0.0578125
0 0.4890625 0.078125 0.0453125 0.0453125
0 0.896875 0.0109375 0.03125 0.021875
0 0.61328125 0.10703125 0.0515625 0.0515625
0 0.5671875 0.1 0.134375 0.134375
0 0.4546875 0.05390625 0.0703125 0.0703125