0 0.93046875 0.81953125 0.0484375 0.04375
0 0.82578125 0.81484375 0.040625 0.0390625
0 0.8078125 0.84375 0.04375 0.040625
0 0.78828125 0.875 0.034375 0.03125
0 0.7546875 0.9046875 0.0453125 0.040625
0 0.75625 0.9421875 0.0484375 0.0453125
0 0.90859375 0.66328125 0.040625 0.0390625
0 0.8484375 0.734375 0.0296875 0.0265625
0 0.803125 0.9796875 0.0296875 0.0296875
0 0.78984375 0.9640625 0.0296875 0.0296875
0 0.82109375 0.91953125 0.0296875 0.0265625
0 0.6109375 0.96484375 0.075 0.0703125
0 0.56953125 0.9203125 0.1015625 0.09375
0 0.384375 0.828125 0.0921875 0.084375
0 0.28125 0.80390625 0.065625 0.059375
0 0.20703125 0.9625 0.065625 0.0609375
0 0.13671875 0.8453125 0.03125 0.0296875
0 0.02890625 0.953125 0.0359375 0.034375
0 0.0421875 0.1078125 0.084375 0.103125
0 0.015625 0.38671875 0.03125 0.0359375
0 0.0640625 0.4 0.028125 0.0265625
0 0.165625 0.5046875 0.1640625 0.1515625
0 0.11171875 0.57421875 0.0578125 0.053125
0 0.078125 0.61171875 0.065625 0.059375
0 0.01328125 0.62890625 0.0265625 0.04375
0 0.29296875 0.58046875 0.0265625 0.025
0 0.2953125 0.5421875 0.0765625 0.071875
0 0.35703125 0.5265625 0.03125 0.028125
0 0.3328125 0.46640625 0.0609375 0.05625
0 0.428125 0.421875 0.0609375 0.05625
0 0.35078125 0.2953125 0.0359375 0.0328125
0 0.4671875 0.225 0.03125 0.0296875
0 0.41953125 0.040625 0.0921875 0.08125
0 0.2546875 0.05625 0.0484375 0.04375
0 0.32421875 0.18125 0.0671875 0.0625
0 0.28359375 0.37734375 0.0890625 0.084375
0 0.26796875 0.478125 0.103125 0.096875
0 0.0203125 0.46484375 0.034375 0.03125
0 0.2484375 0.7046875 0.0296875 0.0265625
0 0.23203125 0.74765625 0.0296875 0.0265625
0 0.38203125 0.2296875 0.0875 0.0796875
0 0.25859375 0.28984375 0.04375 0.040625
0 0.31015625 0.05078125 0.134375 0.1015625
0 0.546875 0.31484375 0.0453125 0.040625
0 0.36796875 0.1140625 0.0359375 0.034375
0 0.23828125 0.10234375 0.0578125 0.053125
0 0.240625 0.18125 0.0390625 0.0328125
0 0.5734375 0.1625 0.034375 0.03125
0 0.73203125 0.134375 0.1140625 0.10625
0 0.63203125 0.2171875 0.0578125 0.053125
0 0.66484375 0.1765625 0.096875 0.0890625
0 0.60234375 0.03828125 0.04375 0.0390625
0 0.5015625 0.0484375 0.0515625 0.0453125
0 0.5109375 0.13671875 0.0765625 0.0703125
0 0.56484375 0.37265625 0.0828125 0.0765625
0 0.4796875 0.384375 0.0484375 0.0453125
0 0.66015625 0.49140625 0.0265625 0.0265625
0 0.6359375 0.70703125 0.071875 0.0671875
0 0.6765625 0.65625 0.0859375 0.0796875
0 0.75625 0.453125 0.03125 0.0296875
0 0.6546875 0.39921875 0.034375 0.03125
0 0.75859375 0.23203125 0.028125 0.0265625
0 0.80078125 0.61171875 0.2078125 0.1921875
0 0.728125 0.73203125 0.0890625 0.084375
0 0.8578125 0.1046875 0.0984375 0.0890625
0 0.9375 0.140625 0.065625 0.0609375
0 0.85703125 0.01328125 0.03125 0.0265625
0 0.96015625 0.08046875 0.0796875 0.0796875
0 0.3125 0.24140625 0.0359375 0.03125
0 0.2921875 0.2640625 0.034375 0.03125
0 0.90625 0.23671875 0.034375 0.03125
0 0.65625 0.26796875 0.125 0.115625