0 0.0671875 0.240625 0.0453125 0.034375
0 0.321875 0.34140625 0.1578125 0.115625
0 0.55546875 0.38828125 0.0453125 0.0328125
0 0.55859375 0.415625 0.0390625 0.0296875
0 0.31953125 0.421875 0.0625 0.0453125
0 0.18359375 0.4265625 0.0515625 0.0390625
0 0.39765625 0.27265625 0.096875 0.0703125
0 0.18125 0.14296875 0.040625 0.0296875
0 0.3890625 0.021875 0.0625 0.04375
0 0.47265625 0.03984375 0.0359375 0.0265625
0 0.52734375 0.0765625 0.0578125 0.040625
0 0.49375 0.12890625 0.0984375 0.071875
0 0.603125 0.10234375 0.125 0.0921875
0 0.678125 0.23046875 0.0484375 0.0359375
0 0.65234375 0.0265625 0.0828125 0.053125
0 0.859375 0.19140625 0.10625 0.0796875
0 0.53984375 0.2203125 0.0921875 0.0671875
0 0.9796875 0.0140625 0.0375 0.028125
0 0.921875 0.2921875 0.146875 0.10625
0 0.94609375 0.22109375 0.1078125 0.0796875
0 0.5609375 0.30078125 0.05625 0.040625
0 0.83515625 0.37734375 0.0765625 0.0578125
0 0.79921875 0.39296875 0.0359375 0.0265625
0 0.94453125 0.73203125 0.04375 0.03125
0 0.98671875 0.9078125 0.0265625 0.025
0 0.83203125 0.62890625 0.0578125 0.040625
0 0.80546875 0.53515625 0.040625 0.0296875
0 0.6828125 0.5015625 0.096875 0.0703125
0 0.69375 0.5421875 0.1078125 0.0796875
0 0.64453125 0.63828125 0.0390625 0.028125
0 0.478125 0.728125 0.0359375 0.0265625
0 0.34609375 0.7953125 0.1390625 0.1015625
0 0.43515625 0.8328125 0.040625 0.0296875
0 0.47578125 0.8734375 0.0515625 0.0359375
0 0.5328125 0.79453125 0.0453125 0.03125
0 0.52890625 0.87109375 0.0921875 0.065625
0 0.7546875 0.88828125 0.0578125 0.040625
0 0.72578125 0.9578125 0.084375 0.0609375
0 0.63671875 0.9109375 0.0359375 0.025
0 0.2203125 0.8296875 0.0671875 0.0484375
0 0.3390625 0.68046875 0.0703125 0.0515625
0 0.20078125 0.68046875 0.071875 0.053125
0 0.14765625 0.70546875 0.06875 0.0515625
0 0.1734375 0.63203125 0.065625 0.0484375
0 0.01328125 0.6890625 0.0265625 0.0265625
0 0.5921875 0.5171875 0.09375 0.0703125
0 0.1546875 0.48828125 0.1109375 0.0796875
0 0.2953125 0.47109375 0.075 0.05625
0 0.35 0.5828125 0.075 0.053125
0 0.2921875 0.6390625 0.09375 0.0703125
0 0.63359375 0.7546875 0.034375 0.0234375
0 0.078125 0.55625 0.0515625 0.0359375
0 0.1828125 0.56484375 0.0328125 0.025
0 0.0296875 0.48828125 0.0328125 0.025
0 0.1859375 0.790625 0.05625 0.040625