0 0.3703125 0.96171875 0.0484375 0.0484375
0 0.3296875 0.8890625 0.0546875 0.053125
0 0.97578125 0.9125 0.0484375 0.053125
0 0.75625 0.9046875 0.0515625 0.0484375
0 0.7390625 0.85078125 0.0359375 0.0359375
0 0.79296875 0.796875 0.0484375 0.0484375
0 0.90625 0.78828125 0.0796875 0.0765625
0 0.89765625 0.61796875 0.034375 0.03125
0 0.85703125 0.71875 0.04375 0.040625
0 0.7546875 0.6921875 0.0453125 0.0453125
0 0.43125 0.78515625 0.0453125 0.04375
0 0.571875 0.63125 0.0453125 0.04375
0 0.53515625 0.58984375 0.03125 0.03125
0 0.90859375 0.48828125 0.040625 0.040625
0 0.7796875 0.5625 0.0453125 0.04375
0 0.859375 0.3609375 0.025 0.0234375
0 0.8109375 0.30859375 0.0265625 0.0265625
0 0.8609375 0.0578125 0.1375 0.115625
0 0.72734375 0.0625 0.04375 0.040625
0 0.7046875 0.08984375 0.0515625 0.0515625
0 0.9484375 0.05546875 0.03125 0.03125
0 0.5953125 0.1765625 0.0359375 0.0359375
0 0.48671875 0.2234375 0.040625 0.040625
0 0.58203125 0.4484375 0.03125 0.03125
0 0.75625 0.43046875 0.2359375 0.228125
0 0.5828125 0.36875 0.125 0.1234375
0 0.6 0.5625 0.190625 0.1859375
0 0.3640625 0.53984375 0.0296875 0.028125
0 0.38203125 0.4546875 0.0296875 0.0296875
0 0.2328125 0.60234375 0.040625 0.0390625
0 0.265625 0.640625 0.025 0.025
0 0.30390625 0.56015625 0.0234375 0.025
0 0.2328125 0.859375 0.0359375 0.034375
0 0.165625 0.76171875 0.0328125 0.034375
0 0.0578125 0.7296875 0.034375 0.03125
0 0.05078125 0.7609375 0.034375 0.034375
0 0.1453125 0.55625 0.04375 0.04375
0 0.08984375 0.6046875 0.03125 0.03125
0 0.41953125 0.7328125 0.0453125 0.04375
0 0.4375 0.3171875 0.1734375 0.16875
0 0.44453125 0.171875 0.040625 0.0390625
0 0.4078125 0.1 0.0265625 0.025
0 0.040625 0.2453125 0.0296875 0.0296875
0 0.03125 0.13671875 0.034375 0.034375
0 0.103125 0.8453125 0.040625 0.040625
0 0.171875 0.81953125 0.0359375 0.0359375
0 0.0890625 0.0171875 0.065625 0.034375
0 0.509375 0.1109375 0.0515625 0.0484375