0 0.0015625 0.0015625 0.003125 0.003125
0 0.18515625 0.553125 0.04375 0.03125
0 0.1984375 0.46875 0.0390625 0.0296875
0 0.09609375 0.5453125 0.0609375 0.0453125
0 0.27421875 0.41796875 0.0390625 0.0296875
0 0.57421875 0.39765625 0.0359375 0.0265625
0 0.06015625 0.69453125 0.0390625 0.028125
0 0.45703125 0.7453125 0.05625 0.040625
0 0.6109375 0.775 0.0390625 0.0265625
0 0.6203125 0.80859375 0.04375 0.03125
0 0.3453125 0.7859375 0.0953125 0.0703125
0 0.896875 0.9375 0.040625 0.03125
0 0.86328125 0.94609375 0.040625 0.03125
0 0.89296875 0.9671875 0.0453125 0.034375
0 0.953125 0.9515625 0.053125 0.0390625
0 0.90625 0.8171875 0.0703125 0.0515625
0 0.84765625 0.80625 0.0609375 0.04375
0 0.77890625 0.8234375 0.034375 0.025
0 0.28125 0.83046875 0.0359375 0.0265625
0 0.734375 0.66953125 0.0390625 0.028125
0 0.740625 0.546875 0.065625 0.0484375
0 0.8078125 0.46875 0.0546875 0.040625
0 0.9125 0.671875 0.0453125 0.034375
0 0.9109375 0.7359375 0.04375 0.034375
0 0.946875 0.41953125 0.10625 0.0796875
0 0.73515625 0.01171875 0.0328125 0.0234375
0 0.75703125 0.1234375 0.034375 0.025
0 0.834375 0.30546875 0.0703125 0.0515625
0 0.90390625 0.33203125 0.075 0.053125
0 0.09609375 0.2984375 0.0625 0.0453125
0 0.1359375 0.18984375 0.0375 0.0296875