0 0.8296875 0.48671875 0.3328125 0.2765625
0 0.0375 0.046875 0.0453125 0.0390625
0 0.61875 0.04296875 0.0671875 0.05625
0 0.97578125 0.696875 0.0484375 0.04375
0 0.85703125 0.2296875 0.040625 0.034375
0 0.71015625 0.52890625 0.03125 0.0265625
0 0.709375 0.7078125 0.053125 0.0453125
0 0.3609375 0.2296875 0.0328125 0.0265625
0 0.36640625 0.259375 0.04375 0.0359375
0 0.2296875 0.2234375 0.03125 0.025
0 0.3390625 0.91015625 0.0453125 0.0359375
0 0.2328125 0.93046875 0.03125 0.0265625
0 0.88125 0.9234375 0.0453125 0.0390625
0 0.04453125 0.4796875 0.034375 0.0296875
0 0.0140625 0.51328125 0.028125 0.0265625
0 0.7296875 0.98203125 0.034375 0.0296875