0 0.86171875 0.0796875 0.025 0.025
0 0.89921875 0.571875 0.03125 0.03125
0 0.9625 0.771875 0.03125 0.03125
0 0.8703125 0.73046875 0.0296875 0.0296875
0 0.3953125 0.5984375 0.053125 0.053125
0 0.30859375 0.640625 0.0390625 0.0390625
0 0.40859375 0.72109375 0.0296875 0.028125
0 0.6828125 0.00859375 0.0265625 0.0171875
0 0.91953125 0.24140625 0.0265625 0.0265625
0 0.3484375 0.10234375 0.0265625 0.0265625
0 0.1421875 0.24296875 0.0484375 0.0484375
0 0.32109375 0.25703125 0.0359375 0.0359375
0 0.275 0.365625 0.03125 0.03125
0 0.16796875 0.34375 0.03125 0.03125
0 0.19375 0.3546875 0.04375 0.04375
0 0.0984375 0.4578125 0.025 0.025
0 0.009375 0.15390625 0.01875 0.0328125
0 0.03359375 0.115625 0.0265625 0.0265625
0 0.26171875 0.4578125 0.075 0.075
0 0.2765625 0.3453125 0.10625 0.10625
0 0.546875 0.3421875 0.025 0.0234375
0 0.5921875 0.55625 0.028125 0.028125
0 0.775 0.146875 0.034375 0.0328125
0 0.29921875 0.01328125 0.03125 0.0265625
0 0.2640625 0.0109375 0.0296875 0.021875
0 0.17578125 0.3125 0.0296875 0.0296875
0 0.2171875 0.4984375 0.0359375 0.0359375
0 0.2046875 0.4734375 0.0265625 0.0265625
0 0.0265625 0.40859375 0.053125 0.0578125
0 0.125 0.7796875 0.1609375 0.1609375