0 0.46484375 0.3609375 0.471875 0.4203125
0 0.2640625 0.6453125 0.49375 0.4421875
0 0.953125 0.9390625 0.09375 0.0890625
0 0.95546875 0.88671875 0.065625 0.0578125
0 0.9875 0.82890625 0.025 0.0296875
0 0.90625 0.79921875 0.09375 0.084375
0 0.853125 0.78984375 0.0703125 0.0625
0 0.759375 0.72265625 0.0453125 0.040625
0 0.678125 0.69140625 0.034375 0.0296875
0 0.66328125 0.765625 0.1703125 0.1546875
0 0.66484375 0.646875 0.0578125 0.0515625
0 0.671875 0.5625 0.03125 0.0265625
0 0.5578125 0.64765625 0.03125 0.0265625
0 0.53515625 0.66796875 0.0359375 0.034375
0 0.4984375 0.73828125 0.0265625 0.025
0 0.6296875 0.9546875 0.0359375 0.034375
0 0.703125 0.9828125 0.0484375 0.034375
0 0.80859375 0.896875 0.0296875 0.0265625
0 0.79453125 0.91953125 0.028125 0.0265625
0 0.6140625 0.9421875 0.059375 0.05625
0 0.77421875 0.9578125 0.0609375 0.05625
0 0.9796875 0.26171875 0.040625 0.0390625
0 0.89296875 0.33203125 0.0578125 0.0515625
0 0.7140625 0.3109375 0.040625 0.0359375
0 0.75625 0.28515625 0.0390625 0.034375
0 0.09609375 0.8140625 0.071875 0.065625
0 0.15859375 0.771875 0.0265625 0.025
0 0.1921875 0.83515625 0.0296875 0.0265625
0 0.321875 0.9375 0.0484375 0.04375
0 0.4390625 0.84375 0.1375 0.1234375
0 0.1 0.6859375 0.03125 0.028125
0 0.03515625 0.75703125 0.034375 0.03125
0 0.08671875 0.6234375 0.0359375 0.034375
0 0.3171875 0.46640625 0.03125 0.0296875
0 0.24296875 0.3734375 0.0921875 0.0828125
0 0.2015625 0.3015625 0.0625 0.0578125
0 0.0453125 0.2953125 0.03125 0.0296875
0 0.0140625 0.278125 0.028125 0.05
0 0.06484375 0.40234375 0.0359375 0.034375
0 0.11328125 0.4515625 0.115625 0.103125
0 0.615625 0.55546875 0.0453125 0.040625
0 0.603125 0.59140625 0.04375 0.0390625
0 0.1921875 0.25859375 0.0296875 0.0265625
0 0.1546875 0.56484375 0.159375 0.1421875
0 0.1 0.5828125 0.2 0.2953125
0 0.4390625 0.70078125 0.0625 0.0578125
0 0.09375 0.2671875 0.1875 0.3265625
0 0.25859375 0.23828125 0.0359375 0.034375
0 0.68359375 0.040625 0.0671875 0.0609375
0 0.5875 0.11171875 0.053125 0.0453125
0 0.0984375 0.08984375 0.084375 0.075
0 0.1109375 0.02734375 0.040625 0.0359375
0 0.23828125 0.0875 0.2140625 0.175
0 0.45 0.07421875 0.2625 0.1484375
0 0.00234375 0.00078125 0.0015625 0.0015625