0 0.17578125 0.29453125 0.3515625 0.5609375
0 0.54453125 0.3953125 0.190625 0.1828125
0 0.1 0.94609375 0.065625 0.0625
0 0.2046875 0.97109375 0.05625 0.053125
0 0.15390625 0.9828125 0.0328125 0.034375
0 0.03515625 0.80390625 0.03125 0.03125
0 0.0734375 0.71171875 0.0390625 0.0390625
0 0.2671875 0.73203125 0.0328125 0.03125
0 0.19921875 0.7640625 0.0578125 0.05625
0 0.2125 0.80390625 0.0359375 0.0359375
0 0.1046875 0.86171875 0.025 0.025
0 0.09375 0.884375 0.0296875 0.0265625
0 0.45546875 0.95078125 0.03125 0.0296875
0 0.446875 0.96640625 0.0359375 0.034375
0 0.5828125 0.78359375 0.0359375 0.0359375
0 0.64765625 0.7546875 0.040625 0.0390625
0 0.3703125 0.72109375 0.0984375 0.09375
0 0.6078125 0.6875 0.03125 0.03125
0 0.73203125 0.70078125 0.028125 0.028125
0 0.68984375 0.7875 0.025 0.025
0 0.6359375 0.9171875 0.028125 0.0296875
0 0.6390625 0.89296875 0.0265625 0.025
0 0.7484375 0.9578125 0.0265625 0.0265625
0 0.490625 0.6546875 0.0578125 0.05625
0 0.62265625 0.53984375 0.084375 0.0796875
0 0.68046875 0.4640625 0.0453125 0.04375
0 0.5625 0.5765625 0.0296875 0.028125
0 0.57578125 0.55390625 0.028125 0.0265625
0 0.8890625 0.74609375 0.0265625 0.0265625
0 0.9171875 0.4109375 0.05625 0.053125
0 0.8546875 0.3140625 0.053125 0.0515625
0 0.8578125 0.35703125 0.0515625 0.0484375
0 0.790625 0.3734375 0.075 0.071875
0 0.87265625 0.234375 0.0984375 0.09375
0 0.93359375 0.04453125 0.0703125 0.0671875
0 0.85703125 0.03984375 0.053125 0.0515625
0 0.9375 0.125 0.0359375 0.034375
0 0.946875 0.45078125 0.0265625 0.0265625
0 0.9625 0.478125 0.03125 0.0296875
0 0.00234375 0.00078125 0.0015625 0.0015625
0 0.6828125 0.0328125 0.0671875 0.065625
0 0.61171875 0.05625 0.0484375 0.0453125
0 0.68515625 0.103125 0.05625 0.053125
0 0.6625 0.1546875 0.0671875 0.0625
0 0.6921875 0.1875 0.0359375 0.034375
0 0.7875 0.11328125 0.0296875 0.0296875
0 0.7203125 0.1515625 0.028125 0.0296875
0 0.56953125 0.01953125 0.071875 0.0390625
0 0.7984375 0.0625 0.0390625 0.0359375
0 0.85703125 0.07421875 0.0921875 0.0875
0 0.665625 0.2125 0.028125 0.0296875
0 0.79296875 0.17578125 0.0359375 0.034375
0 0.96875 0.07578125 0.0296875 0.0265625
0 0.47578125 0.053125 0.115625 0.10625
0 0.2984375 0.12109375 0.0484375 0.0453125
0 0.26953125 0.04453125 0.040625 0.0390625
0 0.209375 0.00703125 0.0265625 0.0140625
0 0.08984375 0.04453125 0.16875 0.0890625
0 0.0890625 0.2546875 0.03125 0.0296875
0 0.353125 0.0203125 0.0296875 0.0265625
0 0.3171875 0.06953125 0.0609375 0.0578125
0 0.72109375 0.24375 0.034375 0.034375
0 0.41484375 0.38125 0.0265625 0.0234375
0 0.05546875 0.38828125 0.0296875 0.0296875
0 0.021875 0.3765625 0.0265625 0.0265625
0 0.0109375 0.4546875 0.021875 0.0296875
0 0.02890625 0.3171875 0.0296875 0.0265625