0 0.38359375 0.30859375 0.7421875 0.6171875
0 0.4515625 0.95078125 0.0453125 0.04375
0 0.60546875 0.94921875 0.0296875 0.0265625
0 0.39765625 0.8375 0.0296875 0.0265625
0 0.6421875 0.72578125 0.0453125 0.04375
0 0.775 0.98203125 0.0359375 0.034375
0 0.828125 0.8859375 0.0765625 0.0703125
0 0.7859375 0.86796875 0.04375 0.040625
0 0.90859375 0.93984375 0.1375 0.1203125
0 0.79296875 0.803125 0.0609375 0.05625
0 0.8453125 0.78359375 0.1078125 0.0984375
0 0.98671875 0.83515625 0.0265625 0.0265625
0 0.87109375 0.72109375 0.0390625 0.0359375
0 0.7515625 0.31640625 0.0453125 0.04375
0 0.5375 0.2671875 0.0359375 0.03125
0 0.55859375 0.4390625 0.103125 0.09375
0 0.478125 0.2703125 0.0296875 0.0265625
0 0.415625 0.24765625 0.0265625 0.025
0 0.45703125 0.29453125 0.0265625 0.0234375
0 0.67421875 0.6453125 0.0453125 0.040625
0 0.75859375 0.65390625 0.034375 0.03125
0 0.59765625 0.65625 0.1203125 0.1109375
0 0.703125 0.86640625 0.0484375 0.0453125
0 0.8921875 0.41796875 0.03125 0.0296875
0 0.296875 0.86328125 0.034375 0.03125
0 0.27421875 0.25390625 0.0390625 0.034375
0 0.33984375 0.17578125 0.0578125 0.053125
0 0.23828125 0.275 0.0484375 0.04375
0 0.20546875 0.31484375 0.0671875 0.0625
0 0.08984375 0.2703125 0.0453125 0.04375
0 0.05625 0.39765625 0.1125 0.1734375
0 0.06015625 0.515625 0.1203125 0.1953125
0 0.2234375 0.49765625 0.1828125 0.16875
0 0.2703125 0.5953125 0.0390625 0.034375
0 0.0421875 0.615625 0.0296875 0.0265625
0 0.1109375 0.125 0.221875 0.2390625
0 0.0015625 0.0015625 0.003125 0.003125
0 0.33046875 0.87734375 0.0453125 0.04375