0 0.9625 0.478125 0.0359375 0.0359375
0 0.834375 0.62734375 0.034375 0.03125
0 0.946875 0.609375 0.034375 0.03125
0 0.9734375 0.709375 0.0296875 0.0265625
0 0.93359375 0.71875 0.0390625 0.0359375
0 0.946875 0.5359375 0.040625 0.0390625
0 0.63828125 0.37109375 0.1953125 0.1828125
0 0.49296875 0.29921875 0.03125 0.0296875
0 0.49296875 0.32109375 0.0296875 0.0265625
0 0.50390625 0.365625 0.040625 0.0390625
0 0.796875 0.37734375 0.0703125 0.065625
0 0.6296875 0.1828125 0.040625 0.0390625
0 0.546875 0.22734375 0.0453125 0.04375
0 0.5015625 0.26953125 0.0359375 0.034375
0 0.46875 0.2640625 0.0296875 0.0296875
0 0.8109375 0.2359375 0.0359375 0.034375
0 0.765625 0.240625 0.0296875 0.0265625
0 0.68984375 0.29921875 0.0390625 0.0359375
0 0.875 0.4375 0.03125 0.03125
0 0.85078125 0.49375 0.0890625 0.084375
0 0.7796875 0.46484375 0.096875 0.0921875
0 0.68046875 0.4578125 0.034375 0.03125
0 0.87890625 0.95703125 0.0453125 0.04375
0 0.50859375 0.72109375 0.0515625 0.0484375
0 0.52265625 0.75390625 0.03125 0.0296875
0 0.53359375 0.7875 0.0453125 0.04375
0 0.365625 0.60234375 0.384375 0.3609375
0 0.45703125 0.42421875 0.0625 0.0578125
0 0.3609375 0.521875 0.0515625 0.0453125
0 0.553125 0.709375 0.0453125 0.04375
0 0.60234375 0.7125 0.034375 0.03125
0 0.74140625 0.75625 0.028125 0.0265625
0 0.12265625 0.78984375 0.1390625 0.1296875
0 0.1390625 0.40625 0.0359375 0.034375
0 0.1296875 0.48046875 0.1375 0.1296875
0 0.521875 0.01171875 0.05 0.0234375
0 0.9046875 0.0828125 0.0484375 0.0453125
0 0.91015625 0.14296875 0.0359375 0.0328125
0 0.725 0.03828125 0.028125 0.0265625
0 0.61640625 0.0203125 0.075 0.040625
0 0.35703125 0.24296875 0.04375 0.040625
0 0.3328125 0.20546875 0.04375 0.040625
0 0.34765625 0.27421875 0.0390625 0.0359375
0 0.2390625 0.08046875 0.0453125 0.040625
0 0.2078125 0.115625 0.04375 0.040625
0 0.1828125 0.15234375 0.0359375 0.034375
0 0.95703125 0.265625 0.03125 0.0296875
0 0.98046875 0.12890625 0.03125 0.0296875
0 0.9578125 0.11328125 0.0296875 0.0265625
0 0.9375 0.0984375 0.0265625 0.025
0 0.765625 0.6421875 0.16875 0.159375