0 0.0015625 0.00234375 0.003125 0.003125
0 0.69375 0.06015625 0.028125 0.0265625
0 0.24140625 0.4578125 0.2125 0.1921875
0 0.35546875 0.428125 0.1015625 0.0921875
0 0.12109375 0.40234375 0.0875 0.0765625
0 0.1921875 0.46171875 0.04375 0.0390625
0 0.30859375 0.83984375 0.0265625 0.025
0 0.1421875 0.8609375 0.0296875 0.0265625
0 0.08046875 0.1609375 0.0265625 0.025
0 0.26171875 0.13828125 0.034375 0.03125
0 0.203125 0.15390625 0.03125 0.0296875
0 0.06796875 0.009375 0.0359375 0.01875
0 0.0984375 0.05859375 0.196875 0.1171875
0 0.34375 0.234375 0.3390625 0.3078125
0 0.4203125 0.0453125 0.0609375 0.05625
0 0.43125 0.1515625 0.0296875 0.0265625
0 0.5765625 0.071875 0.134375 0.121875
0 0.709375 0.19140625 0.028125 0.0265625
0 0.69140625 0.24609375 0.03125 0.0296875
0 0.5515625 0.39453125 0.03125 0.0296875
0 0.46640625 0.415625 0.0671875 0.0609375
0 0.8109375 0.22578125 0.0359375 0.03125
0 0.88359375 0.209375 0.0296875 0.0265625
0 0.9640625 0.225 0.0359375 0.034375
0 0.8859375 0.33046875 0.040625 0.0359375
0 0.946875 0.44140625 0.0625 0.0578125
0 0.94140625 0.48203125 0.0296875 0.025
0 0.90390625 0.4859375 0.04375 0.0390625
0 0.9640625 0.6 0.0703125 0.0625
0 0.7390625 0.55390625 0.03125 0.028125
0 0.73828125 0.7484375 0.040625 0.0390625
0 0.53828125 0.7984375 0.0546875 0.0515625
0 0.5734375 0.80625 0.028125 0.025
0 0.740625 0.6515625 0.028125 0.0265625
0 0.91796875 0.725 0.0796875 0.071875
0 0.54921875 0.553125 0.271875 0.2453125
0 0.6734375 0.62890625 0.065625 0.0578125
0 0.8125 0.62109375 0.2625 0.2390625
0 0.9515625 0.86328125 0.0484375 0.04375
0 0.86875 0.7796875 0.075 0.0671875
0 0.9828125 0.75859375 0.034375 0.034375
0 0.72578125 0.8890625 0.0390625 0.034375
0 0.89921875 0.9484375 0.0796875 0.0703125
0 0.95703125 0.97421875 0.0671875 0.0515625
0 0.55625 0.86640625 0.0484375 0.04375
0 0.2140625 0.87734375 0.0796875 0.071875
0 0.1296875 0.93125 0.0625 0.05625