0 0.00234375 0.0015625 0.0046875 0.003125
0 0.98515625 0.12265625 0.0296875 0.0265625
0 0.975 0.30546875 0.0484375 0.0359375
0 0.98203125 0.74609375 0.0359375 0.03125
0 0.95078125 0.728125 0.05625 0.040625
0 0.9203125 0.7515625 0.034375 0.025
0 0.7953125 0.8171875 0.0875 0.065625
0 0.52890625 0.67421875 0.065625 0.0484375
0 0.546875 0.77734375 0.0390625 0.0296875
0 0.42421875 0.69375 0.0359375 0.0265625
0 0.5 0.5625 0.034375 0.025
0 0.946875 0.37109375 0.0359375 0.0265625
0 0.884375 0.321875 0.0625 0.0484375
0 0.90625 0.24140625 0.0390625 0.0296875
0 0.884375 0.2640625 0.0390625 0.03125
0 0.834375 0.2515625 0.04375 0.0328125
0 0.52265625 0.39765625 0.034375 0.0265625
0 0.08515625 0.390625 0.065625 0.0515625
0 0.08203125 0.48203125 0.04375 0.034375
0 0.02421875 0.25 0.0453125 0.034375