0 0.64453125 0.3375 0.53125 0.5296875
0 0.0109375 0.734375 0.021875 0.025
0 0.0921875 0.83828125 0.184375 0.2234375
0 0.19921875 0.884375 0.0265625 0.0265625
0 0.0265625 0.69609375 0.0359375 0.0359375
0 0.28359375 0.703125 0.0296875 0.0296875
0 0.2515625 0.709375 0.03125 0.03125
0 0.240625 0.80625 0.0296875 0.028125
0 0.24140625 0.921875 0.0265625 0.0265625
0 0.34609375 0.91015625 0.053125 0.053125
0 0.27890625 0.9265625 0.0265625 0.0265625
0 0.334375 0.975 0.0296875 0.0296875
0 0.41484375 0.76953125 0.03125 0.03125
0 0.39453125 0.8296875 0.0265625 0.0265625
0 0.44140625 0.82578125 0.103125 0.1015625
0 0.553125 0.94453125 0.03125 0.03125
0 0.57578125 0.93125 0.0515625 0.0515625
0 0.3734375 0.95703125 0.04375 0.04375
0 0.975 0.984375 0.034375 0.03125
0 0.72734375 0.8421875 0.028125 0.0296875
0 0.71875 0.79921875 0.03125 0.03125
0 0.68359375 0.81875 0.0296875 0.0296875
0 0.6421875 0.7671875 0.0484375 0.0484375
0 0.828125 0.7875 0.05625 0.053125
0 0.63125 0.6875 0.0515625 0.0515625
0 0.5984375 0.7296875 0.0359375 0.0359375
0 0.58671875 0.7015625 0.0359375 0.0359375
0 0.46484375 0.6625 0.0515625 0.0484375
0 0.61171875 0.6453125 0.040625 0.040625
0 0.48671875 0.5984375 0.0265625 0.0265625
0 0.79921875 0.63359375 0.065625 0.0625
0 0.83671875 0.6984375 0.0453125 0.0453125
0 0.8703125 0.734375 0.034375 0.034375
0 0.8859375 0.69140625 0.0453125 0.0453125
0 0.71640625 0.73046875 0.196875 0.196875
0 0.67421875 0.8859375 0.0875 0.0875
0 0.7125 0.60234375 0.034375 0.034375
0 0.8578125 0.86875 0.0296875 0.0296875
0 0.6828125 0.4171875 0.0265625 0.0265625
0 0.6609375 0.4828125 0.0515625 0.0484375
0 0.5875 0.3265625 0.028125 0.0296875
0 0.4015625 0.49765625 0.0390625 0.0390625
0 0.31953125 0.57421875 0.0390625 0.0390625
0 0.94375 0.0296875 0.040625 0.040625
0 0.93046875 0.09609375 0.034375 0.034375
0 0.90625 0.21015625 0.025 0.025
0 0.86875 0.1734375 0.040625 0.040625
0 0.64296875 0.01953125 0.0265625 0.0265625
0 0.578125 0.0359375 0.053125 0.053125
0 0.8015625 0.0453125 0.0453125 0.04375
0 0.4390625 0.0921875 0.025 0.025
0 0.36875 0.2171875 0.0390625 0.0390625
0 0.509375 0.0515625 0.0265625 0.025
0 0.13125 0.52734375 0.190625 0.190625
0 0.14453125 0.5796875 0.2890625 0.4515625
0 0.03828125 0.1578125 0.0671875 0.0671875
0 0.0734375 0.09140625 0.05625 0.05625
0 0.76328125 0.37265625 0.040625 0.040625