0 0.9625 0.5953125 0.034375 0.0265625
0 0.8453125 0.571875 0.04375 0.034375
0 0.85 0.65390625 0.034375 0.028125
0 0.90625 0.71640625 0.03125 0.025
0 0.8859375 0.709375 0.03125 0.0265625
0 0.94140625 0.5296875 0.0984375 0.0796875
0 0.87734375 0.896875 0.040625 0.03125
0 0.94375 0.23046875 0.05625 0.04375
0 0.87734375 0.25703125 0.096875 0.075
0 0.834375 0.2390625 0.0359375 0.0296875
0 0.85546875 0.3171875 0.053125 0.040625
0 0.91328125 0.3609375 0.0578125 0.0453125
0 0.97578125 0.0828125 0.0453125 0.0359375
0 0.928125 0.1046875 0.0703125 0.0546875
0 0.77421875 0.07421875 0.0890625 0.0703125
0 0.87109375 0.0203125 0.0625 0.040625
0 0.8109375 0.0171875 0.071875 0.034375
0 0.7828125 0.3171875 0.0984375 0.0765625
0 0.81953125 0.2703125 0.04375 0.0359375
0 0.790625 0.25859375 0.04375 0.034375
0 0.31953125 0.49765625 0.0359375 0.0296875