0 0.0015625 0.00234375 0.0015625 0.0015625
0 0.55859375 0.4859375 0.365625 0.3359375
0 0.0015625 0.0015625 0.003125 0.003125
0 0.88828125 0.95078125 0.0765625 0.071875
0 0.415625 0.93046875 0.1375 0.128125
0 0.35546875 0.9234375 0.075 0.0703125
0 0.86328125 0.8578125 0.0296875 0.0296875
0 0.01171875 0.9390625 0.0234375 0.03125
0 0.9625 0.77265625 0.04375 0.040625
0 0.0640625 0.4328125 0.04375 0.0390625
0 0.0921875 0.475 0.028125 0.0265625
0 0.1578125 0.665625 0.0390625 0.0359375
0 0.23671875 0.6921875 0.071875 0.0671875
0 0.51953125 0.72109375 0.0359375 0.034375
0 0.11640625 0.31640625 0.0484375 0.0453125
0 0.08203125 0.33046875 0.04375 0.0390625
0 0.31015625 0.29453125 0.0640625 0.0609375
0 0.33046875 0.225 0.159375 0.146875
0 0.06875 0.02734375 0.071875 0.0546875
0 0.459375 0.09609375 0.0390625 0.0359375
0 0.37890625 0.1234375 0.040625 0.0390625
0 0.43984375 0.2171875 0.03125 0.0296875
0 0.6734375 0.11875 0.04375 0.040625
0 0.775 0.1578125 0.040625 0.0390625
0 0.2765625 0.6078125 0.03125 0.028125
0 0.73046875 0.4828125 0.03125 0.0296875
0 0.39765625 0.6765625 0.1828125 0.1703125
0 0.66953125 0.3703125 0.028125 0.0265625
0 0.86171875 0.2828125 0.15 0.1375
0 0.7875 0.46875 0.0484375 0.0453125
0 0.8390625 0.63203125 0.03125 0.028125