0 0.578125 0.00859375 0.025 0.0171875
0 0.59609375 0.30078125 0.0359375 0.0359375
0 0.6390625 0.3703125 0.025 0.0234375
0 0.73671875 0.41953125 0.0578125 0.0578125
0 0.36640625 0.21171875 0.0234375 0.025
0 0.359375 0.2328125 0.0296875 0.0296875
0 0.9203125 0.59140625 0.034375 0.034375
0 0.771875 0.6265625 0.0359375 0.0359375
0 0.77421875 0.7453125 0.04375 0.04375
0 0.74609375 0.76953125 0.03125 0.03125
0 0.7640625 0.4734375 0.0453125 0.0453125
0 0.759375 0.54296875 0.0359375 0.0359375
0 0.71484375 0.6 0.0359375 0.0359375
0 0.646875 0.60234375 0.0484375 0.0484375
0 0.54453125 0.47109375 0.0484375 0.0484375
0 0.70546875 0.5515625 0.0359375 0.0359375
0 0.678125 0.16484375 0.0671875 0.0671875
0 0.459375 0.76953125 0.0265625 0.0265625
0 0.26328125 0.39453125 0.0796875 0.0796875
0 0.17890625 0.18984375 0.04375 0.04375
0 0.24375 0.15390625 0.03125 0.03125
0 0.1859375 0.24765625 0.025 0.025
0 0.0484375 0.1703125 0.04375 0.04375
0 0.0296875 0.1734375 0.0265625 0.0265625
0 0.0171875 0.4515625 0.025 0.025
0 0.0671875 0.6625 0.0265625 0.0265625
0 0.12734375 0.48203125 0.053125 0.053125
0 0.25703125 0.55625 0.03125 0.03125
0 0.2484375 0.8703125 0.025 0.025
0 0.20546875 0.8703125 0.053125 0.053125
0 0.259375 0.89296875 0.0453125 0.0453125
0 0.23671875 0.9046875 0.034375 0.034375
0 0.22734375 0.92890625 0.0359375 0.0359375
0 0.0625 0.9390625 0.0296875 0.0265625
0 0.32421875 0.859375 0.0296875 0.0296875
0 0.4515625 0.94375 0.034375 0.034375
0 0.61796875 0.95546875 0.0890625 0.0890625
0 0.76796875 0.96640625 0.028125 0.0296875