0 0.328125 0.01953125 0.0390625 0.0359375
0 0.240625 0.03984375 0.0265625 0.0265625
0 0.08203125 0.03828125 0.0390625 0.0359375
0 0.0921875 0.0109375 0.034375 0.021875
0 0.0875 0.1421875 0.0359375 0.0328125
0 0.03359375 0.015625 0.040625 0.03125
0 0.1890625 0.1515625 0.0453125 0.0453125
0 0.90390625 0.0171875 0.0296875 0.0296875
0 0.8890625 0.39921875 0.0578125 0.0546875
0 0.8375 0.38828125 0.03125 0.03125
0 0.8375 0.509375 0.0296875 0.0296875
0 0.72734375 0.47734375 0.0484375 0.0453125
0 0.85078125 0.76796875 0.0453125 0.04375
0 0.96171875 0.115625 0.034375 0.03125
0 0.82578125 0.1046875 0.0265625 0.0265625
0 0.5328125 0.0890625 0.0265625 0.025
0 0.50625 0.0953125 0.1375 0.1296875
0 0.44453125 0.15390625 0.0359375 0.0328125
0 0.40859375 0.18515625 0.065625 0.0609375
0 0.475 0.16796875 0.0578125 0.05625
0 0.6734375 0.31015625 0.0828125 0.0796875
0 0.7453125 0.3171875 0.0453125 0.04375
0 0.6390625 0.2515625 0.1328125 0.1265625
0 0.578125 0.1203125 0.040625 0.0390625
0 0.4421875 0.28984375 0.040625 0.040625
0 0.640625 0.41953125 0.053125 0.0515625
0 0.59375 0.38125 0.09375 0.0890625
0 0.640625 0.8296875 0.0453125 0.04375
0 0.609375 0.66484375 0.1921875 0.1828125
0 0.475 0.75625 0.09375 0.0890625
0 0.390625 0.82421875 0.03125 0.03125
0 0.459375 0.5578125 0.209375 0.2
0 0.33046875 0.54296875 0.1234375 0.115625
0 0.47265625 0.3484375 0.04375 0.040625
0 0.365625 0.4015625 0.0390625 0.0390625
0 0.475 0.40234375 0.15625 0.15
0 0.3390625 0.3453125 0.0296875 0.0296875
0 0.2453125 0.33515625 0.03125 0.0296875
0 0.2078125 0.32578125 0.03125 0.03125
0 0.26796875 0.20078125 0.0265625 0.0265625
0 0.24765625 0.19140625 0.0625 0.0609375
0 0.1703125 0.2984375 0.0625 0.0609375
0 0.14453125 0.25859375 0.040625 0.0390625
0 0.05546875 0.6078125 0.040625 0.040625
0 0.2359375 0.50625 0.0359375 0.034375
0 0.16484375 0.6921875 0.0328125 0.03125
0 0.109375 0.7328125 0.0484375 0.0453125
0 0.06484375 0.76328125 0.0359375 0.034375
0 0.02421875 0.7515625 0.0265625 0.0265625
0 0.06015625 0.3375 0.1203125 0.1921875
0 0.12265625 0.74765625 0.11875 0.1140625
0 0.1390625 0.953125 0.04375 0.040625
0 0.3796875 0.9546875 0.0578125 0.053125
0 0.00078125 0.00234375 0.0015625 0.0015625
0 0.48671875 0.9390625 0.034375 0.03125
0 0.05625 0.9234375 0.1125 0.125
0 0.7078125 0.8734375 0.0359375 0.0359375
0 0.41484375 0.83984375 0.0390625 0.0390625
0 0.946875 0.9125 0.040625 0.0390625
0 0.38125 0.77421875 0.096875 0.0921875