0 0.21015625 0.11640625 0.040625 0.040625
0 0.06953125 0.1296875 0.034375 0.03125
0 0.1984375 0.14921875 0.034375 0.03125
0 0.3546875 0.28828125 0.034375 0.034375
0 0.13203125 0.3234375 0.0265625 0.0234375
0 0.23046875 0.0984375 0.0265625 0.025
0 0.1234375 0.04921875 0.0359375 0.0359375
0 0.52265625 0.4078125 0.03125 0.0296875
0 0.2234375 0.4796875 0.0296875 0.0296875
0 0.0671875 0.38359375 0.03125 0.0296875
0 0.10546875 0.240625 0.071875 0.0703125
0 0.15625 0.5296875 0.0265625 0.025
0 0.98515625 0.2625 0.0296875 0.028125
0 0.9875 0.28359375 0.025 0.0265625