0 0.93125 0.06640625 0.065625 0.0625
0 0.8453125 0.08046875 0.0453125 0.04375
0 0.91328125 0.0171875 0.0484375 0.034375
0 0.98515625 0.13515625 0.0296875 0.0359375
0 0.70546875 0.084375 0.0359375 0.0359375
0 0.68125 0.07109375 0.0359375 0.034375
0 0.603125 0.03125 0.0359375 0.0359375
0 0.5890625 0.0109375 0.034375 0.021875
0 0.53828125 0.053125 0.04375 0.04375
0 0.48203125 0.0359375 0.0609375 0.0578125
0 0.62265625 0.08046875 0.028125 0.0265625
0 0.3609375 0.01796875 0.04375 0.0359375
0 0.23203125 0.0140625 0.0359375 0.028125
0 0.15703125 0.0296875 0.0921875 0.059375
0 0.140625 0.1578125 0.0296875 0.0265625
0 0.63203125 0.15390625 0.16875 0.1640625
0 0.5953125 0.24765625 0.1515625 0.146875
0 0.75234375 0.328125 0.1015625 0.096875
0 0.38046875 0.2015625 0.4671875 0.403125
0 0.81484375 0.5 0.1875 0.18125
0 0.58515625 0.4203125 0.209375 0.2
0 0.4484375 0.3015625 0.0921875 0.0890625
0 0.5375 0.453125 0.0359375 0.034375
0 0.7140625 0.525 0.040625 0.040625
0 0.4328125 0.4984375 0.0265625 0.0265625
0 0.303125 0.428125 0.0359375 0.034375
0 0.11640625 0.446875 0.0390625 0.0359375
0 0.13671875 0.2328125 0.04375 0.040625
0 0.1421875 0.271875 0.0515625 0.0484375
0 0.1515625 0.3234375 0.03125 0.0296875
0 0.05390625 0.35546875 0.028125 0.0265625
0 0.1109375 0.64921875 0.0296875 0.028125
0 0.17578125 0.74609375 0.0265625 0.0265625
0 0.146875 0.55078125 0.025 0.025
0 0.50859375 0.5828125 0.034375 0.03125
0 0.609375 0.62109375 0.0515625 0.0484375
0 0.5953125 0.665625 0.03125 0.03125
0 0.5671875 0.63359375 0.040625 0.040625
0 0.22265625 0.67890625 0.15 0.1453125
0 0.2953125 0.7234375 0.0859375 0.0828125
0 0.05546875 0.5796875 0.1109375 0.1078125
0 0.6140625 0.7640625 0.2234375 0.2171875
0 0.2078125 0.80078125 0.0296875 0.0296875
0 0.2328125 0.87734375 0.0484375 0.0453125
0 0.28359375 0.9328125 0.0609375 0.0578125
0 0.1984375 0.9671875 0.03125 0.0296875
0 0.4671875 0.83203125 0.1078125 0.103125
0 0.5515625 0.8765625 0.0265625 0.0265625
0 0.57109375 0.915625 0.03125 0.03125
0 0.66328125 0.82578125 0.034375 0.034375
0 0.6515625 0.8859375 0.0390625 0.0390625
0 0.62890625 0.90859375 0.0984375 0.096875
0 0.55859375 0.8578125 0.065625 0.0625
0 0.00078125 0.00234375 0.0015625 0.0015625
0 0.79296875 0.6140625 0.0296875 0.028125
0 0.9234375 0.76796875 0.0890625 0.0875
0 0.88359375 0.5984375 0.0265625 0.0234375
0 0.78828125 0.86875 0.0359375 0.034375
0 0.00234375 0.00234375 0.0015625 0.0015625
0 0.75859375 0.93125 0.1515625 0.1375
0 0.8375 0.78984375 0.1515625 0.146875
0 0.89296875 0.71484375 0.0890625 0.0875
0 0.865625 0.3734375 0.084375 0.0828125