0 0.51640625 0.01171875 0.0296875 0.0234375
0 0.5984375 0.71640625 0.03125 0.028125
0 0.4890625 0.6875 0.0296875 0.025
0 0.3953125 0.74765625 0.04375 0.0390625
0 0.21171875 0.7875 0.0578125 0.0515625
0 0.3546875 0.6265625 0.04375 0.0390625
0 0.56015625 0.52734375 0.0390625 0.034375
0 0.53828125 0.2921875 0.0546875 0.0484375
0 0.55625 0.75703125 0.1078125 0.096875
0 0.1421875 0.4125 0.0328125 0.0296875
0 0.1921875 0.2984375 0.0359375 0.03125
0 0.03515625 0.5578125 0.03125 0.0265625
0 0.15625 0.56484375 0.0296875 0.025
0 0.5328125 0.93125 0.1203125 0.10625