0 0.12265625 0.8953125 0.0484375 0.0484375
0 0.09140625 0.9359375 0.0484375 0.0453125
0 0.40390625 0.94609375 0.0578125 0.05625
0 0.00078125 0.0015625 0.0015625 0.0015625
0 0.4625 0.75859375 0.0390625 0.0359375
0 0.4578125 0.71875 0.0296875 0.0296875
0 0.5203125 0.6859375 0.0359375 0.0359375
0 0.49609375 0.7171875 0.0390625 0.0359375
0 0.5484375 0.7796875 0.0484375 0.0453125
0 0.59765625 0.79296875 0.0359375 0.0359375
0 0.72578125 0.77421875 0.0453125 0.0453125
0 0.68515625 0.790625 0.034375 0.034375
0 0.665625 0.70703125 0.0703125 0.0703125
0 0.59609375 0.68984375 0.1921875 0.1875
0 0.4359375 0.49375 0.0453125 0.0453125
0 0.62265625 0.5375 0.053125 0.053125
0 0.6578125 0.58984375 0.0984375 0.096875
0 0.7859375 0.65 0.0765625 0.0765625
0 0.8859375 0.75625 0.034375 0.034375
0 0.9578125 0.6296875 0.0390625 0.0359375
0 0.93125 0.9578125 0.040625 0.0390625
0 0.421875 0.63203125 0.0265625 0.0234375
0 0.99140625 0.47578125 0.0171875 0.025
0 0.978125 0.125 0.03125 0.03125
0 0.959375 0.22734375 0.04375 0.04375
0 0.97265625 0.259375 0.03125 0.03125
0 0.74140625 0.546875 0.1703125 0.165625
0 0.7765625 0.421875 0.028125 0.0296875
0 0.90390625 0.290625 0.0453125 0.04375
0 0.60078125 0.3171875 0.1328125 0.1296875
0 0.48828125 0.365625 0.040625 0.0390625
0 0.63359375 0.446875 0.071875 0.0703125
0 0.28515625 0.4234375 0.04375 0.04375
0 0.259375 0.384375 0.0484375 0.0453125
0 0.8578125 0.15625 0.0765625 0.0765625
0 0.8375 0.2140625 0.034375 0.034375
0 0.6765625 0.1703125 0.028125 0.0296875
0 0.62890625 0.07578125 0.0390625 0.0390625
0 0.62109375 0.12109375 0.0265625 0.0265625
0 0.55546875 0.025 0.0390625 0.0390625
0 0.5375 0.1921875 0.0390625 0.0375
0 0.48046875 0.2609375 0.04375 0.04375
0 0.46484375 0.3078125 0.04375 0.040625
0 0.54453125 0.2328125 0.0875 0.084375
0 0.43125 0.27890625 0.0515625 0.0484375
0 0.396875 0.234375 0.1109375 0.1078125
0 0.53828125 0.10234375 0.10625 0.103125
0 0.61015625 0.0296875 0.0828125 0.059375
0 0.6671875 0.03359375 0.1171875 0.0671875
0 0.75703125 0.0328125 0.0390625 0.0359375
0 0.35 0.08984375 0.21875 0.1796875
0 0.225 0.2234375 0.21875 0.2140625
0 0.12265625 0.1421875 0.24375 0.2359375
0 0.02421875 0.109375 0.0484375 0.09375
0 0.0203125 0.23046875 0.040625 0.0515625
0 0.05390625 0.834375 0.0515625 0.0484375
0 0.10078125 0.76953125 0.0296875 0.0296875
0 0.13203125 0.44609375 0.2640625 0.3640625
0 0.16328125 0.0421875 0.128125 0.084375
0 0.3484375 0.1890625 0.0265625 0.0265625
0 0.94453125 0.071875 0.1109375 0.1140625