0 0.09765625 0.16953125 0.0578125 0.0578125
0 0.19140625 0.1875 0.0609375 0.0609375
0 0.2328125 0.125 0.0453125 0.0453125
0 0.32421875 0.209375 0.03125 0.03125
0 0.35703125 0.228125 0.0484375 0.0484375
0 0.384375 0.1296875 0.15625 0.1546875
0 0.31875 0.0828125 0.0265625 0.025
0 0.140625 0.3609375 0.2015625 0.2
0 0.0515625 0.36328125 0.0359375 0.0359375
0 0.759375 0.02421875 0.05625 0.0484375
0 0.7203125 0.08984375 0.03125 0.03125
0 0.4734375 0.05078125 0.1453125 0.1015625
0 0.9828125 0.0609375 0.034375 0.0359375
0 0.91015625 0.171875 0.1328125 0.1328125
0 0.85703125 0.259375 0.075 0.071875
0 0.81953125 0.2453125 0.025 0.0234375
0 0.78359375 0.29296875 0.028125 0.0296875
0 0.74140625 0.3109375 0.0265625 0.0265625
0 0.84765625 0.109375 0.03125 0.03125
0 0.92421875 0.0421875 0.0453125 0.0453125
0 0.9546875 0.32578125 0.0453125 0.0453125
0 0.86328125 0.33671875 0.0484375 0.0484375
0 0.828125 0.359375 0.03125 0.03125
0 0.8546875 0.40390625 0.03125 0.03125
0 0.9015625 0.3640625 0.0265625 0.0265625
0 0.93125 0.38359375 0.025 0.0234375
0 0.97578125 0.54453125 0.0265625 0.0265625
0 0.525 0.13671875 0.0390625 0.0390625
0 0.5921875 0.15234375 0.0265625 0.0265625
0 0.59609375 0.19453125 0.025 0.025
0 0.584375 0.24609375 0.0265625 0.0265625
0 0.4515625 0.2703125 0.0265625 0.0265625
0 0.4515625 0.3453125 0.0359375 0.0359375
0 0.68046875 0.353125 0.065625 0.0640625
0 0.6890625 0.4171875 0.071875 0.071875
0 0.66484375 0.4953125 0.0265625 0.0265625
0 0.5625 0.484375 0.034375 0.034375
0 0.3578125 0.46640625 0.0578125 0.0578125
0 0.38671875 0.38203125 0.0265625 0.0265625
0 0.375 0.515625 0.034375 0.034375
0 0.57421875 0.59765625 0.0359375 0.0359375
0 0.69453125 0.6546875 0.03125 0.03125
0 0.8234375 0.7328125 0.040625 0.040625
0 0.8296875 0.73828125 0.228125 0.2265625
0 0.75625 0.8171875 0.128125 0.128125
0 0.63359375 0.75625 0.0265625 0.0265625
0 0.59140625 0.81015625 0.040625 0.040625
0 0.64453125 0.678125 0.0265625 0.0265625
0 0.55859375 0.64921875 0.0265625 0.0265625
0 0.41796875 0.678125 0.040625 0.040625
0 0.50859375 0.78828125 0.1453125 0.1453125
0 0.3640625 0.81953125 0.0390625 0.0390625
0 0.5328125 0.89921875 0.034375 0.034375
0 0.5328125 0.928125 0.0515625 0.0515625
0 0.5046875 0.9125 0.0234375 0.025
0 0.296875 0.8921875 0.03125 0.03125
0 0.3234375 0.64921875 0.034375 0.034375
0 0.2859375 0.728125 0.0390625 0.0359375
0 0.25625 0.56953125 0.1140625 0.1140625
0 0.63125 0.8953125 0.1609375 0.159375
0 0.5140625 0.51328125 0.025 0.025
0 0.49140625 0.4984375 0.025 0.025
0 0.3125 0.328125 0.034375 0.034375
0 0.5 0.23671875 0.0265625 0.0265625
0 0.08984375 0.6 0.0359375 0.0359375
0 0.0765625 0.61640625 0.034375 0.034375
0 0.02890625 0.72109375 0.03125 0.03125
0 0.12890625 0.55859375 0.0296875 0.0296875
0 0.02421875 0.48828125 0.0359375 0.0359375
0 0.22734375 0.71015625 0.0265625 0.0265625
0 0.484375 0.61640625 0.025 0.0234375
0 0.02265625 0.9421875 0.0359375 0.0359375
0 0.05625 0.93359375 0.0265625 0.0265625
0 0.3859375 0.8640625 0.0234375 0.025
0 0.77890625 0.9484375 0.03125 0.03125
0 0.68515625 0.9703125 0.0265625 0.0265625
0 0.81953125 0.9234375 0.0265625 0.0265625
0 0.828125 0.9421875 0.0296875 0.0296875
0 0.8078125 0.96015625 0.0359375 0.034375
0 0.9234375 0.90625 0.0359375 0.0359375
0 0.8734375 0.9484375 0.0359375 0.0359375