0 0.9515625 0.68125 0.0359375 0.0359375
0 0.853125 0.7296875 0.0390625 0.0390625
0 0.9125 0.9375 0.0609375 0.0609375
0 0.803125 0.9046875 0.034375 0.03125
0 0.72265625 0.9484375 0.0390625 0.0390625
0 0.6984375 0.74140625 0.1765625 0.1765625
0 0.64921875 0.60546875 0.1703125 0.1703125
0 0.52421875 0.6609375 0.2109375 0.2109375
0 0.6546875 0.44375 0.1765625 0.1765625
0 0.4265625 0.5359375 0.0828125 0.0828125
0 0.5015625 0.375 0.3125 0.3109375
0 0.39921875 0.4859375 0.040625 0.040625
0 0.73828125 0.28359375 0.2015625 0.2015625
0 0.85078125 0.26171875 0.2390625 0.2390625
0 0.85703125 0.40390625 0.0453125 0.0453125
0 0.8125 0.1765625 0.040625 0.040625
0 0.7765625 0.1890625 0.0265625 0.0265625
0 0.6703125 0.93046875 0.0390625 0.0359375
0 0.49765625 0.9 0.0484375 0.0484375
0 0.56953125 0.79296875 0.0359375 0.0359375
0 0.8375 0.8765625 0.065625 0.065625
0 0.62109375 0.859375 0.284375 0.28125
0 0.4546875 0.85703125 0.0703125 0.0703125
0 0.45078125 0.796875 0.0578125 0.0578125
0 0.26953125 0.76171875 0.05625 0.05625
0 0.228125 0.79453125 0.0265625 0.0265625
0 0.12890625 0.9375 0.0453125 0.0453125
0 0.3609375 0.88671875 0.0328125 0.034375
0 0.34609375 0.93046875 0.0453125 0.0453125
0 0.3859375 0.709375 0.03125 0.03125
0 0.11875 0.7015625 0.15 0.15
0 0.0671875 0.77265625 0.1234375 0.1203125
0 0.07109375 0.83671875 0.0359375 0.0359375
0 0.2046875 0.85 0.0484375 0.0484375
0 0.13671875 0.425 0.2734375 0.38125
0 0.1578125 0.171875 0.3140625 0.34375
0 0.146875 0.0203125 0.0296875 0.0296875
0 0.57578125 0.0828125 0.0453125 0.0453125
0 0.553125 0.12265625 0.0484375 0.0484375
0 0.5609375 0.1546875 0.040625 0.040625
0 0.6 0.20546875 0.0265625 0.0265625
0 0.53984375 0.41328125 0.0453125 0.0453125
0 0.428125 0.10078125 0.0359375 0.0359375
0 0.64453125 0.0515625 0.0359375 0.0359375
0 0.7203125 0.03984375 0.0625 0.0625
0 0.7984375 0.09609375 0.034375 0.034375
0 0.7609375 0.025 0.059375 0.05
0 0.9265625 0.115625 0.03125 0.0296875
0 0.8953125 0.0609375 0.0890625 0.0890625
0 0.35390625 0.21484375 0.5265625 0.4296875
0 0.95546875 0.86796875 0.0296875 0.0296875
0 0.8953125 0.7921875 0.0265625 0.0265625
0 0.89453125 0.85703125 0.0296875 0.0265625
0 0.36875 0.7640625 0.0359375 0.0359375
0 0.5796875 0.51953125 0.028125 0.0296875