0 0.9015625 0.0328125 0.03125 0.0234375
0 0.765625 0.05390625 0.0515625 0.0390625
0 0.23828125 0.0265625 0.03125 0.025
0 0.2078125 0.046875 0.0328125 0.0265625
0 0.0671875 0.2125 0.0390625 0.03125
0 0.1296875 0.38671875 0.0578125 0.04375
0 0.15390625 0.41328125 0.03125 0.025
0 0.0921875 0.49375 0.0453125 0.0359375
0 0.3125 0.16953125 0.0578125 0.04375
0 0.475 0.203125 0.0765625 0.0609375
0 0.71171875 0.17421875 0.040625 0.03125
0 0.62890625 0.3484375 0.034375 0.0265625
0 0.47734375 0.56953125 0.03125 0.0234375
0 0.50625 0.6078125 0.03125 0.025
0 0.36875 0.34609375 0.1296875 0.1015625
0 0.4546875 0.80390625 0.034375 0.0234375
0 0.725 0.84609375 0.053125 0.040625
0 0.85234375 0.67578125 0.0703125 0.05625
0 0.81640625 0.51796875 0.065625 0.0515625
0 0.60546875 0.82578125 0.034375 0.0265625
0 0.63359375 0.8125 0.0484375 0.0359375
0 0.9328125 0.1109375 0.040625 0.03125
0 0.2515625 0.9828125 0.0359375 0.0296875