0 0.04921875 0.60703125 0.0265625 0.0265625
0 0.08046875 0.5265625 0.03125 0.03125
0 0.2765625 0.9390625 0.0796875 0.0765625
0 0.0375 0.9390625 0.075 0.115625
0 0.37890625 0.8375 0.0390625 0.0390625
0 0.3921875 0.7515625 0.0296875 0.028125
0 0.46015625 0.69921875 0.0265625 0.0265625
0 0.5671875 0.87109375 0.2328125 0.228125
0 0.25625 0.671875 0.0328125 0.03125
0 0.14296875 0.68125 0.0390625 0.0359375
0 0.71484375 0.73828125 0.04375 0.040625
0 0.5921875 0.71171875 0.0265625 0.0234375
0 0.7484375 0.790625 0.03125 0.03125
0 0.79921875 0.74140625 0.1015625 0.0984375
0 0.765625 0.6765625 0.0390625 0.0359375
0 0.8078125 0.65390625 0.040625 0.040625
0 0.73203125 0.63671875 0.028125 0.0296875
0 0.6703125 0.6625 0.0484375 0.0453125
0 0.00234375 0.00234375 0.0015625 0.0015625
0 0.97109375 0.984375 0.0296875 0.0296875
0 0.98046875 0.56953125 0.034375 0.034375
0 0.90234375 0.5875 0.03125 0.03125
0 0.93046875 0.75703125 0.115625 0.1140625
0 0.76953125 0.5484375 0.0265625 0.0265625
0 0.74296875 0.5515625 0.0453125 0.0453125
0 0.55859375 0.625 0.0265625 0.025
0 0.65625 0.4546875 0.0625 0.0609375
0 0.6359375 0.50390625 0.0453125 0.0453125
0 0.6828125 0.3921875 0.0671875 0.0640625
0 0.79921875 0.36171875 0.065625 0.0640625
0 0.00234375 0.00078125 0.0015625 0.0015625
0 0.98203125 0.525 0.0296875 0.028125
0 0.86171875 0.1109375 0.096875 0.09375
0 0.8078125 0.22265625 0.1734375 0.1703125
0 0.6359375 0.109375 0.365625 0.21875
0 0.43125 0.078125 0.040625 0.0390625
0 0.6765625 0.3171875 0.0984375 0.096875
0 0.5609375 0.29453125 0.03125 0.03125
0 0.475 0.3390625 0.0265625 0.0265625
0 0.57421875 0.4078125 0.3421875 0.3328125
0 0.6109375 0.2875 0.0484375 0.0484375
0 0.57421875 0.3703125 0.03125 0.03125
0 0.18125 0.2828125 0.3625 0.371875
0 0.1078125 0.1234375 0.2046875 0.2
0 0.33046875 0.0453125 0.0296875 0.0265625
0 0.39921875 0.3765625 0.0265625 0.0265625
0 0.94921875 0.1203125 0.053125 0.0515625
0 0.94140625 0.0765625 0.0359375 0.034375
0 0.6671875 0.60234375 0.0265625 0.0234375
0 0.42421875 0.53828125 0.053125 0.0515625