0 0.85703125 0.13671875 0.0390625 0.03125
0 0.00234375 0.00078125 0.0015625 0.0015625
0 0.90625 0.3390625 0.034375 0.0265625
0 0.8296875 0.3578125 0.0578125 0.0453125
0 0.81640625 0.39296875 0.0453125 0.0359375
0 0.953125 0.3859375 0.0453125 0.0359375
0 0.94609375 0.4625 0.0796875 0.0625
0 0.8953125 0.1390625 0.034375 0.0265625
0 0.36640625 0.21640625 0.0515625 0.0390625
0 0.05078125 0.1390625 0.1015625 0.1140625
0 0.0328125 0.85 0.05625 0.04375
0 0.07421875 0.29453125 0.0625 0.0484375
0 0.18984375 0.68125 0.04375 0.034375
0 0.1625 0.86171875 0.0359375 0.0296875
0 0.13828125 0.834375 0.040625 0.03125
0 0.446875 0.92578125 0.075 0.0609375
0 0.3109375 0.94375 0.03125 0.025
0 0.10703125 0.6265625 0.2140625 0.18125
0 0.2171875 0.2875 0.075 0.0609375
0 0.28125 0.24375 0.0828125 0.065625
0 0.421875 0.0578125 0.096875 0.0765625
0 0.2359375 0.77421875 0.040625 0.034375
0 0.49140625 0.97265625 0.04375 0.034375
0 0.78828125 0.9046875 0.0703125 0.05625
0 0.53125 0.4859375 0.034375 0.0265625
0 0.67578125 0.39765625 0.0609375 0.0484375
0 0.7234375 0.3859375 0.1015625 0.0796875
0 0.74140625 0.49296875 0.0359375 0.0296875
0 0.703125 0.5796875 0.0703125 0.05625
0 0.63828125 0.665625 0.040625 0.03125
0 0.9625 0.81484375 0.034375 0.0265625
0 0.0015625 0.00234375 0.0015625 0.0015625
0 0.82421875 0.59140625 0.0984375 0.0796875