0 0.70703125 0.18125 0.0453125 0.0328125
0 0.64921875 0.23828125 0.034375 0.0265625
0 0.33046875 0.28515625 0.0703125 0.053125
0 0.19140625 0.24609375 0.0453125 0.034375
0 0.21640625 0.15234375 0.321875 0.240625
0 0.02734375 0.15625 0.0453125 0.0359375
0 0.79921875 0.46171875 0.128125 0.09375
0 0.703125 0.5265625 0.071875 0.0546875
0 0.51328125 0.525 0.0484375 0.0359375
0 0.33671875 0.47734375 0.1546875 0.1140625
0 0.11875 0.40625 0.084375 0.0625
0 0.19375 0.46640625 0.1140625 0.084375
0 0.0734375 0.540625 0.146875 0.1328125
0 0.13828125 0.6046875 0.0328125 0.0265625
0 0.08671875 0.678125 0.065625 0.0484375
0 0.12890625 0.65234375 0.0359375 0.0265625
0 0.08671875 0.6234375 0.0578125 0.04375
0 0.01328125 0.66484375 0.0265625 0.0234375
0 0.1140625 0.7125 0.040625 0.028125
0 0.17890625 0.75625 0.1015625 0.075
0 0.54921875 0.45546875 0.1734375 0.1296875
0 0.44375 0.33984375 0.0609375 0.0453125
0 0.2453125 0.3890625 0.084375 0.0625
0 0.89296875 0.50625 0.0359375 0.0265625
0 0.9421875 0.384375 0.04375 0.03125
0 0.89921875 0.64296875 0.1109375 0.0828125
0 0.11328125 0.896875 0.053125 0.0390625
0 0.26015625 0.98515625 0.0453125 0.0296875
0 0.3015625 0.9703125 0.0484375 0.034375
0 0.446875 0.9828125 0.040625 0.0296875
0 0.62109375 0.8390625 0.040625 0.0296875
0 0.59609375 0.93125 0.159375 0.115625
0 0.59765625 0.9640625 0.034375 0.025
0 0.6140625 0.79921875 0.2015625 0.15