0 0.5921875 0.07578125 0.259375 0.1515625
0 0.775 0.38828125 0.3765625 0.3765625
0 0.22109375 0.259375 0.0484375 0.0484375
0 0.1984375 0.50234375 0.025 0.025
0 0.05546875 0.43125 0.0390625 0.0390625
0 0.1078125 0.15859375 0.159375 0.159375
0 0.25234375 0.06953125 0.0703125 0.0703125
0 0.396875 0.41796875 0.1546875 0.1546875
0 0.59765625 0.21015625 0.159375 0.159375
0 0.04921875 0.83515625 0.0703125 0.0703125
0 0.0328125 0.884375 0.065625 0.075
0 0.021875 0.946875 0.04375 0.0609375
0 0.3484375 0.7953125 0.0390625 0.0390625
0 0.259375 0.8375 0.03125 0.03125
0 0.2609375 0.77890625 0.065625 0.065625
0 0.33203125 0.66015625 0.05625 0.05625
0 0.52265625 0.6734375 0.0578125 0.0578125
0 0.54453125 0.71640625 0.0484375 0.0484375
0 0.5265625 0.8734375 0.0359375 0.0359375
0 0.546875 0.896875 0.05625 0.053125
0 0.62109375 0.946875 0.0296875 0.0296875
0 0.8078125 0.82109375 0.0390625 0.0390625
0 0.78984375 0.803125 0.040625 0.040625
0 0.884375 0.88359375 0.0359375 0.0359375
0 0.3640625 0.71484375 0.040625 0.040625
0 0.9734375 0.6109375 0.040625 0.040625
0 0.60234375 0.6984375 0.04375 0.04375
0 0.8921875 0.7296875 0.040625 0.040625
0 0.86875 0.76953125 0.0765625 0.0765625
0 0.8109375 0.71875 0.0875 0.0875
0 0.8640625 0.671875 0.071875 0.071875
0 0.26328125 0.615625 0.0390625 0.0390625
0 0.20078125 0.578125 0.075 0.075
0 0.4171875 0.65 0.1421875 0.1421875
0 0.2140625 0.31953125 0.0828125 0.0828125
0 0.14921875 0.5109375 0.0578125 0.0578125
0 0.040625 0.84765625 0.08125 0.1546875
0 0.1359375 0.89296875 0.0953125 0.096875
0 0.10234375 0.96953125 0.0671875 0.0609375
0 0.225 0.946875 0.03125 0.03125
0 0.4328125 0.78515625 0.05625 0.05625