0 0.15 0.9671875 0.03125 0.03125
0 0.103125 0.75703125 0.1640625 0.1609375
0 0.30390625 0.515625 0.065625 0.0625
0 0.28359375 0.584375 0.053125 0.0515625
0 0.46171875 0.7546875 0.0265625 0.0265625
0 0.51796875 0.4 0.028125 0.0265625
0 0.5875 0.43046875 0.0484375 0.0453125
0 0.49609375 0.46171875 0.034375 0.034375
0 0.65390625 0.9203125 0.0875 0.084375
0 0.78515625 0.9125 0.0453125 0.04375
0 0.88125 0.9375 0.0484375 0.0484375
0 0.8375 0.93046875 0.03125 0.03125
0 0.7359375 0.859375 0.0265625 0.0265625
0 0.790625 0.8171875 0.0453125 0.0453125
0 0.734375 0.67578125 0.0265625 0.025
0 0.81875 0.65390625 0.0265625 0.0265625
0 0.734375 0.5921875 0.0359375 0.034375
0 0.72578125 0.5625 0.03125 0.03125
0 0.69921875 0.53125 0.040625 0.0390625
0 0.796875 0.51328125 0.0359375 0.0359375
0 0.8015625 0.06953125 0.0390625 0.0390625
0 0.8765625 0.02265625 0.0296875 0.0296875
0 0.68359375 0.0640625 0.0296875 0.028125
0 0.6671875 0.1359375 0.034375 0.034375
0 0.353125 0.0796875 0.03125 0.028125
0 0.18359375 0.1359375 0.034375 0.03125
0 0.10234375 0.2453125 0.0359375 0.0359375
0 0.6 0.021875 0.034375 0.03125
0 0.5984375 0.0890625 0.028125 0.0265625
0 0.21171875 0.4421875 0.0359375 0.034375
0 0.5484375 0.23046875 0.0359375 0.034375
0 0.96171875 0.58984375 0.0359375 0.034375
0 0.390625 0.1359375 0.0765625 0.075