0 0.05078125 0.134375 0.1015625 0.09375
0 0.0796875 0.140625 0.075 0.0703125
0 0.10703125 0.08046875 0.03125 0.028125
0 0.02421875 0.01796875 0.04375 0.0359375
0 0.1890625 0.0515625 0.065625 0.0609375
0 0.27890625 0.02734375 0.0796875 0.0546875
0 0.28515625 0.07109375 0.05625 0.053125
0 0.2671875 0.1078125 0.05625 0.0515625
0 0.2125 0.12265625 0.0296875 0.0265625
0 0.225 0.2546875 0.03125 0.0296875
0 0.27265625 0.2796875 0.0359375 0.0328125
0 0.15859375 0.28828125 0.0265625 0.0234375
0 0.1296875 0.375 0.03125 0.0296875
0 0.09765625 0.39296875 0.0265625 0.025
0 0.0890625 0.42890625 0.034375 0.03125
0 0.0921875 0.5015625 0.0265625 0.025
0 0.25625 0.1921875 0.0328125 0.03125
0 0.321875 0.0921875 0.0390625 0.0359375
0 0.34375 0.10078125 0.0296875 0.0265625
0 0.328125 0.05625 0.0296875 0.0265625
0 0.66015625 0.09765625 0.034375 0.034375
0 0.734375 0.11171875 0.0265625 0.025
0 0.725 0.2015625 0.040625 0.0390625
0 0.8859375 0.04296875 0.034375 0.03125
0 0.59609375 0.26796875 0.075 0.0703125
0 0.6078125 0.31875 0.0359375 0.0328125
0 0.57421875 0.353125 0.071875 0.0671875
0 0.475 0.31875 0.03125 0.0296875
0 0.9 0.5328125 0.0359375 0.034375
0 0.8375 0.5828125 0.0484375 0.04375
0 0.9515625 0.540625 0.03125 0.028125
0 0.91015625 0.56015625 0.0515625 0.0453125
0 0.84375 0.49375 0.0296875 0.0265625
0 0.68125 0.5140625 0.0625 0.0578125
0 0.6140625 0.4734375 0.253125 0.2328125
0 0.75703125 0.4 0.071875 0.0671875
0 0.7671875 0.47265625 0.15625 0.146875
0 0.8546875 0.56875 0.121875 0.1140625
0 0.58515625 0.8390625 0.0625 0.0578125
0 0.7078125 0.87109375 0.0765625 0.0703125
0 0.7453125 0.89296875 0.0265625 0.025
0 0.66328125 0.859375 0.0859375 0.0828125
0 0.70546875 0.75625 0.3109375 0.2890625
0 0.8640625 0.75 0.0609375 0.05625
0 0.41015625 0.7078125 0.0296875 0.028125
0 0.39296875 0.60234375 0.0515625 0.0453125
0 0.47109375 0.609375 0.0265625 0.025
0 0.421875 0.73203125 0.0265625 0.0265625
0 0.396875 0.7859375 0.034375 0.03125
0 0.4234375 0.834375 0.0359375 0.034375
0 0.41953125 0.915625 0.071875 0.0671875
0 0.3703125 0.828125 0.0359375 0.034375
0 0.3609375 0.8609375 0.040625 0.0390625
0 0.30546875 0.83671875 0.0359375 0.034375
0 0.90390625 0.771875 0.0453125 0.040625
0 0.4546875 0.5015625 0.071875 0.0671875
0 0.29453125 0.546875 0.0296875 0.0265625
0 0.21171875 0.49765625 0.0359375 0.034375
0 0.1828125 0.63125 0.0359375 0.034375
0 0.09609375 0.6359375 0.1921875 0.178125
0 0.01953125 0.70703125 0.0390625 0.034375
0 0.1875 0.88828125 0.0453125 0.040625
0 0.16953125 0.85078125 0.0265625 0.025
0 0.04453125 0.8921875 0.053125 0.0484375
0 0.18359375 0.7328125 0.03125 0.028125
0 0.25 0.75390625 0.0484375 0.04375
0 0.21171875 0.66015625 0.0296875 0.0265625
0 0.15390625 0.828125 0.3078125 0.2859375
0 0.08984375 0.95703125 0.04375 0.040625
0 0.0484375 0.95703125 0.0484375 0.04375
0 0.0734375 0.9421875 0.0390625 0.0359375
0 0.1109375 0.9890625 0.0328125 0.021875
0 0.1359375 0.33046875 0.271875 0.4859375