0 0.6265625 0.78515625 0.034375 0.03125
0 0.63671875 0.81953125 0.03125 0.0296875
0 0.15234375 0.91015625 0.0453125 0.040625
0 0.13125 0.9390625 0.0609375 0.053125
0 0.42578125 0.71015625 0.0484375 0.04375
0 0.41015625 0.6265625 0.03125 0.0265625
0 0.26328125 0.73203125 0.0578125 0.0515625
0 0.375 0.72265625 0.0578125 0.0515625
0 0.33515625 0.68515625 0.03125 0.028125
0 0.2046875 0.6734375 0.040625 0.0359375
0 0.2203125 0.30625 0.034375 0.0296875
0 0.4078125 0.39921875 0.03125 0.0265625
0 0.3953125 0.4171875 0.0296875 0.0265625
0 0.30078125 0.52734375 0.03125 0.0296875
0 0.02421875 0.125 0.0484375 0.0578125
0 0.01171875 0.084375 0.0234375 0.03125
0 0.19140625 0.02890625 0.03125 0.0265625
0 0.01328125 0.1625 0.0265625 0.0328125
0 0.11328125 0.56875 0.065625 0.0578125
0 0.5359375 0.35078125 0.03125 0.0265625
0 0.61171875 0.22734375 0.03125 0.0296875
0 0.459375 0.02265625 0.034375 0.03125
0 0.71484375 0.03984375 0.034375 0.0296875
0 0.725 0.490625 0.1390625 0.121875
0 0.9796875 0.31640625 0.03125 0.0265625
0 0.9375 0.28515625 0.0265625 0.025
0 0.9171875 0.25 0.03125 0.0296875
0 0.96015625 0.24296875 0.0390625 0.034375
0 0.9640625 0.428125 0.0515625 0.0453125
0 0.98046875 0.1265625 0.0359375 0.03125
0 0.80390625 0.08203125 0.034375 0.0296875
0 0.94453125 0.32421875 0.034375 0.03125
0 0.046875 0.48828125 0.0265625 0.025
0 0.31484375 0.47109375 0.0546875 0.0484375
0 0.84140625 0.2140625 0.0296875 0.0265625
0 0.8578125 0.36796875 0.03125 0.0265625
0 0.9890625 0.00859375 0.021875 0.0171875
0 0.9671875 0.38671875 0.0390625 0.034375