0 0.89921875 0.02421875 0.0875 0.0484375
0 0.8546875 0.35078125 0.05625 0.040625
0 0.8421875 0.28984375 0.040625 0.0296875
0 0.70546875 0.16328125 0.0359375 0.025
0 0.63671875 0.26953125 0.0484375 0.034375
0 0.584375 0.2078125 0.053125 0.0375
0 0.984375 0.62109375 0.03125 0.0296875
0 0.85703125 0.6703125 0.053125 0.0390625
0 0.7125 0.5484375 0.04375 0.03125
0 0.6 0.59375 0.04375 0.03125
0 0.46171875 0.56953125 0.05625 0.0390625
0 0.38359375 0.6140625 0.04375 0.03125
0 0.6109375 0.77890625 0.0890625 0.0625
0 0.84609375 0.740625 0.1921875 0.1375
0 0.96015625 0.6203125 0.0671875 0.0484375
0 0.68984375 0.68984375 0.1421875 0.1015625
0 0.6109375 0.65390625 0.034375 0.025
0 0.39921875 0.7953125 0.1421875 0.1015625
0 0.2984375 0.75390625 0.0671875 0.0484375
0 0.23828125 0.7703125 0.065625 0.0453125
0 0.334375 0.65390625 0.0765625 0.05625
0 0.18984375 0.5328125 0.0828125 0.0578125
0 0.0203125 0.25625 0.040625 0.0609375
0 0.24140625 0.61171875 0.0390625 0.0265625
0 0.1875 0.63359375 0.0390625 0.028125
0 0.0625 0.64453125 0.075 0.053125
0 0.05390625 0.79453125 0.0625 0.04375
0 0.49375 0.728125 0.0453125 0.034375
0 0.8765625 0.61171875 0.0359375 0.0265625
0 0.25703125 0.7203125 0.04375 0.03125