0 0.8125 0.34765625 0.040625 0.0359375
0 0.9046875 0.1046875 0.040625 0.0359375
0 0.7234375 0.0203125 0.0359375 0.03125
0 0.69921875 0.41015625 0.0296875 0.025
0 0.69140625 0.19921875 0.1609375 0.1390625
0 0.21015625 0.428125 0.0578125 0.0515625
0 0.103125 0.3859375 0.0296875 0.0234375
0 0.24296875 0.2953125 0.0359375 0.03125
0 0.31015625 0.103125 0.03125 0.0265625
0 0.2609375 0.0171875 0.03125 0.0265625
0 0.03984375 0.01796875 0.04375 0.0359375
0 0.084375 0.234375 0.04375 0.0359375
0 0.3921875 0.03125 0.1234375 0.0625
0 0.03359375 0.09375 0.03125 0.0265625
0 0.021875 0.88359375 0.0390625 0.034375
0 0.04453125 0.73046875 0.0890625 0.103125
0 0.30625 0.59375 0.0296875 0.025
0 0.92421875 0.7765625 0.0671875 0.0578125
0 0.7703125 0.725 0.04375 0.0390625
0 0.75234375 0.7078125 0.040625 0.0359375
0 0.6671875 0.615625 0.0546875 0.0484375
0 0.2703125 0.68046875 0.0765625 0.065625
0 0.12109375 0.7203125 0.0671875 0.0578125
0 0.95546875 0.81875 0.03125 0.0265625
0 0.953125 0.91015625 0.0296875 0.025
0 0.80078125 0.9125 0.03125 0.0265625
0 0.9078125 0.59375 0.1015625 0.0875
0 0.95078125 0.53984375 0.0296875 0.0234375
0 0.87265625 0.959375 0.071875 0.0625