0 0.06640625 0.46484375 0.034375 0.0265625
0 0.275 0.2296875 0.0359375 0.0296875
0 0.32421875 0.1515625 0.03125 0.025
0 0.4078125 0.31953125 0.0453125 0.0359375
0 0.5015625 0.35546875 0.0609375 0.0484375
0 0.54921875 0.4625 0.0671875 0.053125
0 0.609375 0.45078125 0.0390625 0.03125
0 0.43515625 0.140625 0.03125 0.025
0 0.578125 0.046875 0.034375 0.0265625
0 0.7828125 0.27265625 0.0359375 0.0296875
0 0.7546875 0.28515625 0.03125 0.0265625
0 0.75703125 0.31015625 0.0484375 0.0390625
0 0.75 0.3796875 0.065625 0.053125
0 0.759375 0.35703125 0.040625 0.0328125
0 0.7609375 0.43125 0.0625 0.0515625
0 0.81875 0.44609375 0.040625 0.034375
0 0.94453125 0.08203125 0.0390625 0.03125
0 0.95546875 0.23046875 0.0359375 0.0296875
0 0.8328125 0.78828125 0.053125 0.04375
0 0.96484375 0.509375 0.0703125 0.0609375
0 0.90625 0.5953125 0.0359375 0.028125
0 0.828125 0.6265625 0.0359375 0.028125
0 0.63125 0.4984375 0.040625 0.034375
0 0.5515625 0.975 0.0359375 0.0296875
0 0.07421875 0.9671875 0.09375 0.065625
0 0.3390625 0.9546875 0.03125 0.0265625
0 0.3140625 0.8453125 0.0328125 0.0265625
0 0.334375 0.78125 0.0546875 0.04375
0 0.28515625 0.8015625 0.03125 0.025
0 0.40390625 0.89765625 0.0828125 0.065625
0 0.5046875 0.50390625 0.0703125 0.05625
0 0.4703125 0.60546875 0.0671875 0.053125
0 0.46640625 0.56953125 0.0875 0.0703125
0 0.30078125 0.62109375 0.0515625 0.0390625
0 0.3765625 0.72109375 0.0359375 0.0265625
0 0.25703125 0.56640625 0.0609375 0.0453125
0 0.2234375 0.6078125 0.05625 0.0453125
0 0.3765625 0.53984375 0.1015625 0.0796875
0 0.02734375 0.71640625 0.0546875 0.0453125
0 0.07421875 0.50703125 0.0984375 0.0765625
0 0.06640625 0.6203125 0.03125 0.0234375