0 0.81484375 0.36796875 0.3578125 0.2796875
0 0.60078125 0.1109375 0.3421875 0.221875
0 0.42265625 0.0140625 0.0546875 0.028125
0 0.140625 0.89765625 0.040625 0.03125
0 0.2078125 0.8609375 0.0375 0.0296875
0 0.31953125 0.87265625 0.0671875 0.053125
0 0.23828125 0.9109375 0.0515625 0.0390625
0 0.22109375 0.33671875 0.040625 0.03125
0 0.1546875 0.1203125 0.03125 0.025
0 0.02734375 0.1203125 0.04375 0.034375
0 0.58984375 0.73828125 0.103125 0.0796875
0 0.40859375 0.87734375 0.0359375 0.0296875
0 0.75703125 0.38359375 0.0359375 0.0296875
0 0.8109375 0.60546875 0.03125 0.025
0 0.85234375 0.50703125 0.190625 0.146875
0 0.93984375 0.79296875 0.0453125 0.034375
0 0.82578125 0.959375 0.040625 0.03125
0 0.13125 0.9546875 0.0875 0.0671875
0 0.08046875 0.97109375 0.034375 0.025
0 0.14296875 0.24296875 0.040625 0.03125
0 0.0421875 0.2609375 0.0578125 0.0453125