0 0.34375 0.0359375 0.1640625 0.071875
0 0.265625 0.15859375 0.0609375 0.0484375
0 0.13125 0.1765625 0.053125 0.04375
0 0.375 0.1875 0.0390625 0.03125
0 0.6515625 0.02890625 0.03125 0.0265625
0 0.678125 0.303125 0.35625 0.29375
0 0.45078125 0.45078125 0.3203125 0.2625
0 0.8578125 0.51171875 0.0484375 0.0390625
0 0.00234375 0.00078125 0.0015625 0.0015625
0 0.6546875 0.55546875 0.1453125 0.1171875
0 0.9828125 0.30625 0.034375 0.03125
0 0.05625 0.30546875 0.0796875 0.065625
0 0.29296875 0.9203125 0.0390625 0.03125
0 0.66015625 0.6921875 0.221875 0.1796875
0 0.00078125 0.00234375 0.0015625 0.0015625