0 0.56953125 0.20078125 0.5046875 0.4015625
0 0.00234375 0.0015625 0.0046875 0.003125
0 0.0171875 0.87734375 0.0296875 0.0265625
0 0.11171875 0.9171875 0.0265625 0.0265625
0 0.2234375 0.790625 0.0296875 0.028125
0 0.62734375 0.98515625 0.0359375 0.0296875
0 0.5328125 0.8171875 0.11875 0.1140625
0 0.69375 0.8296875 0.040625 0.0390625
0 0.7015625 0.7953125 0.0625 0.0609375
0 0.6234375 0.80078125 0.028125 0.0265625
0 0.6359375 0.82109375 0.028125 0.0296875
0 0.75234375 0.96484375 0.034375 0.034375
0 0.00078125 0.00234375 0.0015625 0.0015625
0 0.48671875 0.7125 0.128125 0.121875
0 0.84609375 0.86171875 0.228125 0.21875
0 0.8109375 0.72109375 0.0265625 0.0265625
0 0.7171875 0.73828125 0.0390625 0.0359375
0 0.6828125 0.6578125 0.0546875 0.053125
0 0.1921875 0.7453125 0.0265625 0.0265625
0 0.1703125 0.71484375 0.053125 0.0515625
0 0.140625 0.67890625 0.0578125 0.0546875
0 0.11328125 0.665625 0.0359375 0.0359375
0 0.05546875 0.64296875 0.0546875 0.053125
0 0.0953125 0.5953125 0.040625 0.0390625
0 0.95546875 0.98671875 0.0265625 0.025
0 0.81640625 0.62734375 0.053125 0.0515625
0 0.79921875 0.5921875 0.0671875 0.065625
0 0.7359375 0.5796875 0.0390625 0.0359375
0 0.82109375 0.5140625 0.0265625 0.025
0 0.91796875 0.5109375 0.03125 0.03125
0 0.5734375 0.4390625 0.0546875 0.053125
0 0.52734375 0.45703125 0.065625 0.0625
0 0.9171875 0.72734375 0.0265625 0.0265625
0 0.796875 0.3375 0.0265625 0.0234375
0 0.828125 0.39921875 0.11875 0.1109375
0 0.86171875 0.16015625 0.0484375 0.0453125
0 0.83203125 0.17421875 0.0296875 0.0265625
0 0.6734375 0.22265625 0.03125 0.0296875
0 0.52734375 0.2203125 0.0359375 0.034375
0 0.52265625 0.19921875 0.0265625 0.025
0 0.48828125 0.09765625 0.0359375 0.034375
0 0.4703125 0.1234375 0.04375 0.04375
0 0.9375 0.0109375 0.0296875 0.021875
0 0.65 0.58671875 0.0265625 0.0234375
0 0.35078125 0.3328125 0.0265625 0.0265625
0 0.29453125 0.29296875 0.0453125 0.0453125
0 0.37109375 0.4109375 0.0359375 0.034375
0 0.28984375 0.4125 0.0265625 0.025
0 0.23828125 0.5671875 0.0296875 0.0265625
0 0.22265625 0.2140625 0.0578125 0.05625
0 0.21484375 0.30078125 0.103125 0.0984375
0 0.28359375 0.11171875 0.0390625 0.0375
0 0.05078125 0.56953125 0.0359375 0.0359375
0 0.0296875 0.540625 0.03125 0.028125
0 0.0109375 0.5171875 0.021875 0.0265625