0 0.11640625 0.896875 0.0453125 0.034375
0 0.2859375 0.91484375 0.134375 0.0984375
0 0.36796875 0.8796875 0.196875 0.1421875
0 0.1078125 0.78515625 0.0359375 0.0265625
0 0.79921875 0.834375 0.034375 0.025
0 0.228125 0.7671875 0.2078125 0.15
0 0.26171875 0.5015625 0.190625 0.1375
0 0.2171875 0.4546875 0.0359375 0.0265625
0 0.20703125 0.43359375 0.040625 0.0296875
0 0.259375 0.515625 0.04375 0.03125
0 0.1046875 0.37265625 0.0609375 0.04375
0 0.2828125 0.42421875 0.0921875 0.065625
0 0.47578125 0.740625 0.115625 0.084375
0 0.87578125 0.9875 0.0359375 0.025
0 0.87109375 0.89296875 0.034375 0.025
0 0.8484375 0.82109375 0.0390625 0.0296875
0 0.740625 0.86796875 0.18125 0.1296875
0 0.87265625 0.8140625 0.103125 0.075
0 0.9640625 0.74140625 0.0671875 0.0484375
0 0.91328125 0.71640625 0.115625 0.0828125
0 0.5765625 0.040625 0.053125 0.0390625
0 0.5453125 0.0265625 0.0359375 0.0265625
0 0.603125 0.06875 0.0453125 0.034375
0 0.8765625 0.4015625 0.0359375 0.025
0 0.93046875 0.484375 0.0890625 0.0625
0 0.78984375 0.69453125 0.040625 0.028125
0 0.65390625 0.2234375 0.2640625 0.1875
0 0.50859375 0.19140625 0.196875 0.1390625
0 0.4171875 0.134375 0.125 0.0890625
0 0.8953125 0.35703125 0.1390625 0.0984375
0 0.56640625 0.4078125 0.1375 0.0984375
0 0.57421875 0.69375 0.0484375 0.034375
0 0.7875 0.31953125 0.165625 0.1171875
0 0.7921875 0.771875 0.1328125 0.096875
0 0.6296875 0.6625 0.059375 0.04375
0 0.23046875 0.12265625 0.065625 0.0453125
0 0.18125 0.16484375 0.084375 0.0609375
0 0.31484375 0.19453125 0.2 0.1421875
0 0.0609375 0.23046875 0.121875 0.1390625
0 0.040625 0.15234375 0.0609375 0.04375
0 0.015625 0.1359375 0.03125 0.0265625
0 0.11171875 0.18359375 0.0671875 0.0484375
0 0.02265625 0.08203125 0.0453125 0.040625
0 0.0921875 0.05546875 0.184375 0.1109375
0 0.9328125 0.94140625 0.134375 0.1015625
0 0.71015625 0.49375 0.2140625 0.1546875
0 0.71875 0.04296875 0.05625 0.0390625
0 0.84765625 0.0671875 0.2484375 0.134375