0 0.959375 0.165625 0.0265625 0.0265625
0 0.92890625 0.2140625 0.0453125 0.04375
0 0.8265625 0.24296875 0.0265625 0.0265625
0 0.82578125 0.28359375 0.1078125 0.1078125
0 0.8234375 0.33984375 0.0296875 0.0296875
0 0.71640625 0.3109375 0.0359375 0.0359375
0 0.61328125 0.33046875 0.0296875 0.0296875
0 0.571875 0.32421875 0.0359375 0.0359375
0 0.6609375 0.1390625 0.034375 0.034375
0 0.77265625 0.19453125 0.0984375 0.0984375
0 0.8390625 0.16796875 0.05625 0.05625
0 0.8109375 0.11171875 0.0390625 0.0375
0 0.7390625 0.09375 0.0359375 0.0359375
0 0.69375 0.03984375 0.04375 0.04375
0 0.83203125 0.03359375 0.040625 0.040625
0 0.7984375 0.040625 0.0359375 0.0359375
0 0.821875 0.07109375 0.0296875 0.0296875
0 0.875 0.18046875 0.128125 0.128125
0 0.97578125 0.3015625 0.0296875 0.0296875
0 0.6109375 0.04296875 0.040625 0.040625
0 0.3734375 0.17421875 0.0265625 0.0265625
0 0.2546875 0.1453125 0.0359375 0.0359375
0 0.134375 0.11328125 0.0265625 0.0265625
0 0.1515625 0.13203125 0.0296875 0.0265625
0 0.12265625 0.08046875 0.0484375 0.0484375
0 0.13671875 0.04296875 0.0453125 0.0453125
0 0.103125 0.040625 0.025 0.025
0 0.0296875 0.0203125 0.0296875 0.0296875
0 0.40625 0.25390625 0.034375 0.034375
0 0.321875 0.228125 0.03125 0.03125
0 0.2765625 0.3265625 0.03125 0.03125
0 0.33203125 0.36875 0.03125 0.03125
0 0.21875 0.31875 0.0296875 0.0296875
0 0.19453125 0.2671875 0.115625 0.115625
0 0.0796875 0.23828125 0.0359375 0.0359375
0 0.0984375 0.384375 0.0671875 0.0671875
0 0.1921875 0.4234375 0.146875 0.146875
0 0.015625 0.68125 0.03125 0.034375
0 0.071875 0.63828125 0.0828125 0.0828125
0 0.1046875 0.7125 0.040625 0.040625
0 0.03984375 0.7703125 0.0265625 0.0265625
0 0.078125 0.85234375 0.0265625 0.0265625
0 0.14453125 0.928125 0.0484375 0.0484375
0 0.11875 0.9703125 0.0296875 0.0296875
0 0.24296875 0.82421875 0.0453125 0.0453125
0 0.16484375 0.8859375 0.0296875 0.0296875
0 0.0921875 0.7796875 0.03125 0.03125
0 0.1359375 0.7203125 0.025 0.025
0 0.21171875 0.6515625 0.0640625 0.065625
0 0.3109375 0.64296875 0.0703125 0.0703125
0 0.4 0.7984375 0.0296875 0.028125
0 0.32109375 0.82109375 0.0453125 0.0453125
0 0.3109375 0.8484375 0.0625 0.0609375
0 0.3078125 0.92578125 0.0625 0.0609375
0 0.3796875 0.97109375 0.0625 0.0578125
0 0.34609375 0.9421875 0.0515625 0.0515625
0 0.40625 0.9125 0.0265625 0.0265625
0 0.4484375 0.88203125 0.0578125 0.0578125
0 0.4796875 0.9125 0.0390625 0.0390625
0 0.4859375 0.9515625 0.03125 0.0296875
0 0.43125 0.9390625 0.0703125 0.0703125
0 0.36171875 0.6734375 0.1765625 0.1734375
0 0.2640625 0.73046875 0.04375 0.04375
0 0.30546875 0.4984375 0.0484375 0.0484375
0 0.365625 0.49765625 0.0640625 0.0625
0 0.36875 0.53828125 0.0953125 0.096875
0 0.546875 0.5640625 0.128125 0.128125
0 0.6609375 0.54921875 0.1203125 0.11875
0 0.4265625 0.415625 0.09375 0.09375
0 0.47578125 0.23671875 0.04375 0.04375
0 0.60703125 0.3890625 0.0515625 0.0515625
0 0.80390625 0.4984375 0.2859375 0.2828125
0 0.8015625 0.27265625 0.0296875 0.0296875
0 0.96484375 0.53125 0.03125 0.0296875
0 0.9625 0.54921875 0.03125 0.03125
0 0.9796875 0.6875 0.034375 0.034375
0 0.83515625 0.7703125 0.2046875 0.2046875
0 0.7609375 0.9046875 0.15625 0.15625
0 0.63203125 0.7671875 0.03125 0.03125
0 0.52734375 0.703125 0.025 0.025
0 0.640625 0.79296875 0.3484375 0.346875
0 0.5625 0.98046875 0.04375 0.0390625
0 0.9390625 0.95078125 0.025 0.025
0 0.08203125 0.5203125 0.0703125 0.0671875
0 0.28359375 0.64921875 0.1890625 0.190625
0 0.490625 0.29921875 0.0796875 0.0765625