0 0.25 0.3640625 0.4640625 0.4203125
0 0.8296875 0.0140625 0.05625 0.028125
0 0.03515625 0.53125 0.05625 0.0515625
0 0.0140625 0.5109375 0.028125 0.028125
0 0.525 0.0625 0.2 0.125
0 0.06640625 0.22265625 0.1328125 0.2328125
0 0.17421875 0.09609375 0.0390625 0.0359375
0 0.1984375 0.1109375 0.0515625 0.0453125
0 0.69453125 0.07578125 0.0265625 0.025
0 0.9046875 0.05546875 0.0296875 0.0265625
0 0.89296875 0.115625 0.134375 0.1203125
0 0.81015625 0.19921875 0.028125 0.0265625
0 0.73203125 0.12265625 0.034375 0.03125
0 0.6390625 0.28828125 0.028125 0.0265625
0 0.7484375 0.33515625 0.034375 0.03125
0 0.87890625 0.36328125 0.03125 0.0296875
0 0.6609375 0.4796875 0.040625 0.0359375
0 0.7046875 0.5171875 0.03125 0.028125
0 0.6078125 0.5203125 0.028125 0.0265625
0 0.59765625 0.5453125 0.0296875 0.0265625
0 0.33984375 0.5578125 0.034375 0.03125
0 0.5 0.4484375 0.0390625 0.0359375
0 0.9890625 0.490625 0.021875 0.028125
0 0.8109375 0.62734375 0.03125 0.028125
0 0.7359375 0.5796875 0.0390625 0.034375
0 0.40234375 0.915625 0.1328125 0.11875
0 0.27734375 0.984375 0.03125 0.0265625
0 0.1359375 0.9203125 0.0265625 0.025
0 0.103125 0.9375 0.034375 0.03125
0 0.1265625 0.72265625 0.053125 0.0484375
0 0.1421875 0.640625 0.0265625 0.025
0 0.00234375 0.0015625 0.003125 0.0015625
0 0.62890625 0.76171875 0.446875 0.4046875
0 0.46484375 0.5640625 0.18125 0.1640625