0 0.96015625 0.4046875 0.0390625 0.0296875
0 0.9734375 0.3109375 0.0515625 0.0390625
0 0.9375 0.0328125 0.053125 0.040625
0 0.8859375 0.196875 0.0359375 0.0265625
0 0.85546875 0.5609375 0.0359375 0.028125
0 0.5984375 0.3765625 0.0390625 0.0296875
0 0.6515625 0.446875 0.040625 0.03125
0 0.5171875 0.6421875 0.053125 0.040625
0 0.578125 0.7015625 0.1078125 0.0828125
0 0.42890625 0.6359375 0.1203125 0.090625
0 0.59140625 0.52734375 0.1296875 0.0984375
0 0.4546875 0.46484375 0.0390625 0.0296875
0 0.4109375 0.4265625 0.034375 0.0265625
0 0.35546875 0.55078125 0.040625 0.03125
0 0.3265625 0.61796875 0.0328125 0.0234375
0 0.05390625 0.60546875 0.0453125 0.034375
0 0.4109375 0.06015625 0.0359375 0.0296875
0 0.33515625 0.0796875 0.034375 0.0265625
0 0.85 0.47734375 0.0359375 0.0296875
0 0.72578125 0.678125 0.0765625 0.0578125
0 0.2234375 0.8453125 0.040625 0.03125
0 0.0984375 0.93125 0.04375 0.03125
0 0.05390625 0.6890625 0.065625 0.0515625
0 0.24609375 0.73203125 0.0671875 0.0515625
0 0.2046875 0.6109375 0.071875 0.05625
0 0.28125 0.93984375 0.0609375 0.0453125
0 0.5875 0.8609375 0.034375 0.025
0 0.71875 0.92421875 0.0359375 0.0296875
0 0.9484375 0.8734375 0.034375 0.025
0 0.14765625 0.95546875 0.06875 0.053125
0 0.12265625 0.9328125 0.065625 0.0484375
0 0.3375 0.703125 0.03125 0.025