0 0.93125 0.296875 0.0265625 0.0265625
0 0.91328125 0.31484375 0.0296875 0.0265625
0 0.8234375 0.28515625 0.0484375 0.0453125
0 0.72578125 0.20078125 0.053125 0.053125
0 0.6625 0.09375 0.028125 0.0296875
0 0.62109375 0.02265625 0.034375 0.034375
0 0.0484375 0.0109375 0.0328125 0.021875
0 0.0296875 0.1078125 0.0515625 0.0515625
0 0.0625 0.046875 0.0796875 0.0765625
0 0.07578125 0.11328125 0.04375 0.04375
0 0.06484375 0.1390625 0.034375 0.034375
0 0.14296875 0.09140625 0.053125 0.053125
0 0.19375 0.0515625 0.0609375 0.0609375
0 0.28984375 0.12265625 0.053125 0.0515625
0 0.18359375 0.125 0.0359375 0.0359375
0 0.1078125 0.2125 0.0484375 0.0484375
0 0.0921875 0.2546875 0.04375 0.04375
0 0.0515625 0.3078125 0.04375 0.04375
0 0.146875 0.4015625 0.03125 0.03125
0 0.3078125 0.38125 0.0296875 0.0296875
0 0.1515625 0.3328125 0.03125 0.03125
0 0.196875 0.24609375 0.0265625 0.0265625
0 0.27734375 0.2125 0.1390625 0.1375
0 0.38828125 0.2328125 0.103125 0.1015625
0 0.46171875 0.30078125 0.125 0.1234375
0 0.4484375 0.38671875 0.03125 0.03125
0 0.47265625 0.39296875 0.0625 0.0609375
0 0.321875 0.41796875 0.0296875 0.0296875
0 0.290625 0.43046875 0.0296875 0.0296875
0 0.10234375 0.50390625 0.0390625 0.0390625
0 0.0984375 0.634375 0.0359375 0.0359375
0 0.1078125 0.665625 0.0359375 0.0359375
0 0.1203125 0.7078125 0.025 0.0234375
0 0.16328125 0.77265625 0.0328125 0.034375
0 0.2640625 0.7875 0.0296875 0.0296875
0 0.34609375 0.578125 0.03125 0.03125
0 0.3640625 0.5890625 0.0390625 0.0390625
0 0.31484375 0.64921875 0.0234375 0.0234375
0 0.015625 0.25 0.03125 0.0484375
0 0.0109375 0.203125 0.021875 0.03125
0 0.56484375 0.625 0.2046875 0.2015625
0 0.5953125 0.7078125 0.0265625 0.0265625
0 0.6421875 0.7390625 0.05625 0.0546875
0 0.696875 0.7046875 0.0265625 0.0265625
0 0.75625 0.6625 0.034375 0.03125
0 0.77890625 0.49296875 0.03125 0.03125
0 0.7453125 0.41015625 0.0265625 0.025
0 0.4796875 0.13671875 0.034375 0.03125
0 0.4640625 0.0140625 0.03125 0.028125
0 0.76953125 0.071875 0.025 0.025
0 0.88671875 0.41796875 0.034375 0.034375
0 0.88203125 0.4671875 0.0359375 0.0359375
0 0.453125 0.62734375 0.0359375 0.0359375
0 0.5171875 0.509375 0.03125 0.03125
0 0.2828125 0.80859375 0.0234375 0.025
0 0.7015625 0.8453125 0.04375 0.040625
0 0.71875 0.8640625 0.0390625 0.0359375
0 0.9375 0.89453125 0.0390625 0.0390625
0 0.74296875 0.2328125 0.0265625 0.0265625
0 0.96171875 0.33515625 0.0296875 0.0296875
0 0.759375 0.92421875 0.03125 0.03125
0 0.6828125 0.9875 0.03125 0.025
0 0.3375 0.98046875 0.0265625 0.0265625
0 0.16484375 0.82421875 0.025 0.025
0 0.00234375 0.00234375 0.0046875 0.0046875
0 0.2515625 0.39765625 0.325 0.3171875