0 0.78359375 0.77890625 0.0609375 0.053125
0 0.73203125 0.80546875 0.034375 0.0296875
0 0.75859375 0.81875 0.040625 0.0359375
0 0.8375 0.84140625 0.0296875 0.025
0 0.5296875 0.828125 0.03125 0.0265625
0 0.32578125 0.94453125 0.03125 0.0265625
0 0.3078125 0.96015625 0.03125 0.0265625
0 0.91015625 0.6046875 0.0390625 0.034375
0 0.8140625 0.5828125 0.028125 0.0265625
0 0.97578125 0.17578125 0.03125 0.0265625
0 0.94921875 0.1890625 0.0390625 0.034375
0 0.89453125 0.32578125 0.04375 0.0390625
0 0.91328125 0.35703125 0.034375 0.0296875
0 0.9 0.3421875 0.034375 0.0296875
0 0.921875 0.33046875 0.03125 0.0265625
0 0.946875 0.3484375 0.0296875 0.0265625
0 0.709375 0.38359375 0.040625 0.0359375
0 0.8015625 0.625 0.084375 0.075
0 0.68984375 0.71640625 0.1078125 0.09375
0 0.634375 0.26328125 0.084375 0.071875
0 0.57578125 0.41796875 0.03125 0.0265625
0 0.96484375 0.10078125 0.0578125 0.0515625
0 0.2125 0.053125 0.0296875 0.025
0 0.5609375 0.24140625 0.1390625 0.1234375