0 0.4359375 0.38203125 0.0296875 0.0265625
0 0.4203125 0.265625 0.0359375 0.034375
0 0.5296875 0.35 0.028125 0.0265625
0 0.40859375 0.0640625 0.146875 0.128125
0 0.33515625 0.134375 0.128125 0.1203125
0 0.140625 0.4796875 0.040625 0.0390625
0 0.046875 0.7640625 0.03125 0.028125
0 0.0296875 0.603125 0.0296875 0.0265625
0 0.6421875 0.1765625 0.04375 0.040625
0 0.8015625 0.1265625 0.0265625 0.0265625
0 0.69921875 0.23671875 0.05625 0.0515625
0 0.8546875 0.30390625 0.04375 0.040625
0 0.92578125 0.4078125 0.03125 0.0296875
0 0.98203125 0.68046875 0.0265625 0.0234375
0 0.7953125 0.8125 0.03125 0.0296875
0 0.6359375 0.56875 0.0453125 0.04375
0 0.47578125 0.796875 0.0578125 0.05625
0 0.89765625 0.94609375 0.04375 0.040625
0 0.80078125 0.6546875 0.0359375 0.034375
0 0.19921875 0.609375 0.03125 0.0296875