0 0.2296875 0.2171875 0.3953125 0.3703125
0 0.3171875 0.46171875 0.4734375 0.4453125
0 0.8609375 0.15859375 0.096875 0.0921875
0 0.79453125 0.0921875 0.090625 0.0875
0 0.9125 0.23671875 0.0390625 0.0359375
0 0.95703125 0.3578125 0.0390625 0.0359375
0 0.91796875 0.41484375 0.053125 0.0515625
0 0.7609375 0.18984375 0.0265625 0.025
0 0.7765625 0.33984375 0.04375 0.040625
0 0.86640625 0.2546875 0.0296875 0.0296875
0 0.859375 0.2859375 0.03125 0.0296875
0 0.83515625 0.3234375 0.0453125 0.04375
0 0.7296875 0.428125 0.053125 0.0484375
0 0.634375 0.3796875 0.0265625 0.0265625
0 0.7234375 0.2765625 0.028125 0.0296875
0 0.61640625 0.1578125 0.0484375 0.0453125
0 0.71640625 0.46875 0.028125 0.0265625
0 0.6984375 0.6140625 0.034375 0.03125
0 0.59765625 0.52734375 0.0265625 0.025
0 0.83984375 0.5453125 0.1703125 0.1609375
0 0.6453125 0.57109375 0.10625 0.1015625
0 0.56640625 0.071875 0.040625 0.0390625
0 0.40625 0.0453125 0.0359375 0.034375
0 0.18984375 0.13828125 0.0296875 0.0265625
0 0.49609375 0.25 0.034375 0.03125
0 0.0640625 0.03984375 0.0796875 0.075
0 0.2390625 0.115625 0.0265625 0.0265625
0 0.0203125 0.1625 0.040625 0.0703125
0 0.0625 0.9640625 0.040625 0.0390625
0 0.02265625 0.73671875 0.0453125 0.0578125
0 0.0765625 0.7140625 0.0984375 0.090625
0 0.11796875 0.7984375 0.10625 0.0984375
0 0.1734375 0.80390625 0.0328125 0.03125
0 0.1515625 0.56953125 0.0296875 0.0265625
0 0.1234375 0.4640625 0.0265625 0.025
0 0.1046875 0.5296875 0.0265625 0.025
0 0.17578125 0.6296875 0.0484375 0.0453125
0 0.19375 0.921875 0.0328125 0.03125
0 0.10703125 0.946875 0.0296875 0.0265625
0 0.44375 0.49609375 0.03125 0.0296875
0 0.44609375 0.6625 0.0265625 0.0265625
0 0.4171875 0.6671875 0.0296875 0.0265625
0 0.4796875 0.70078125 0.053125 0.0484375
0 0.384375 0.73828125 0.03125 0.0296875
0 0.22109375 0.6984375 0.0609375 0.0546875
0 0.271875 0.8578125 0.03125 0.0296875
0 0.00078125 0.00234375 0.0015625 0.0015625
0 0.546875 0.93515625 0.0296875 0.0265625
0 0.58671875 0.89453125 0.034375 0.03125
0 0.3421875 0.86796875 0.0265625 0.0265625
0 0.7859375 0.7765625 0.03125 0.03125
0 0.703125 0.8421875 0.0578125 0.05625
0 0.83984375 0.8921875 0.0296875 0.0265625
0 0.85078125 0.75625 0.034375 0.03125
0 0.75859375 0.6078125 0.0578125 0.05625
0 0.775 0.51171875 0.0265625 0.025