0 0.64921875 0.94453125 0.03125 0.03125
0 0.1515625 0.93515625 0.0265625 0.0265625
0 0.921875 0.60703125 0.04375 0.040625
0 0.98984375 0.66953125 0.0203125 0.0265625
0 0.82421875 0.91015625 0.0296875 0.0296875
0 0.8125 0.834375 0.0265625 0.0265625
0 0.77890625 0.80078125 0.0265625 0.0265625
0 0.859375 0.4125 0.0390625 0.0390625
0 0.90390625 0.4546875 0.0296875 0.0296875
0 0.8609375 0.521875 0.0359375 0.0359375
0 0.86640625 0.5578125 0.025 0.0234375
0 0.70703125 0.55625 0.0265625 0.0265625
0 0.7203125 0.5015625 0.03125 0.0296875
0 0.69921875 0.640625 0.0265625 0.0265625
0 0.26328125 0.640625 0.0234375 0.025
0 0.29453125 0.64921875 0.0328125 0.034375
0 0.290625 0.51328125 0.0265625 0.025
0 0.06875 0.84140625 0.0265625 0.025
0 0.1234375 0.8453125 0.025 0.025
0 0.125 0.54453125 0.0296875 0.028125
0 0.0625 0.25625 0.0359375 0.0359375
0 0.00703125 0.38203125 0.0140625 0.0265625
0 0.19609375 0.2703125 0.03125 0.0296875
0 0.2546875 0.321875 0.025 0.0234375
0 0.9734375 0.28984375 0.053125 0.0578125
0 0.9234375 0.1296875 0.03125 0.0296875
0 0.9234375 0.1078125 0.0390625 0.0359375
0 0.85546875 0.92421875 0.0265625 0.025
0 0.80625 0.36796875 0.034375 0.034375
0 0.45546875 0.85703125 0.0296875 0.0296875
0 0.6546875 0.58984375 0.03125 0.0296875
0 0.8015625 0.49296875 0.0265625 0.0265625
0 0.34765625 0.7671875 0.0265625 0.025
0 0.19921875 0.8171875 0.025 0.025
0 0.15234375 0.66796875 0.025 0.025
0 0.93515625 0.2359375 0.0265625 0.0265625
0 0.87109375 0.33046875 0.0265625 0.0234375
0 0.71484375 0.01328125 0.034375 0.0265625