0 0.459375 0.0328125 0.040625 0.03125
0 0.8578125 0.4859375 0.03125 0.025
0 0.896875 0.521875 0.0359375 0.028125
0 0.8078125 0.525 0.0484375 0.0359375
0 0.6875 0.56015625 0.05625 0.040625
0 0.70546875 0.14921875 0.0359375 0.0265625
0 0.884375 0.1609375 0.1921875 0.146875
0 0.428125 0.1546875 0.05625 0.04375
0 0.41015625 0.115625 0.05625 0.04375
0 0.41015625 0.0828125 0.053125 0.040625
0 0.4203125 0.05078125 0.05625 0.04375
0 0.46171875 0.07578125 0.0515625 0.0390625
0 0.4578125 0.26171875 0.040625 0.03125
0 0.459375 0.51796875 0.075 0.05625
0 0.3953125 0.32578125 0.034375 0.0265625
0 0.2671875 0.50703125 0.0453125 0.034375
0 0.07109375 0.6578125 0.0796875 0.059375
0 0.165625 0.4359375 0.071875 0.05625
0 0.0109375 0.77890625 0.021875 0.028125
0 0.09375 0.91953125 0.0390625 0.0296875
0 0.7015625 0.8234375 0.0390625 0.0296875
0 0.9796875 0.92578125 0.040625 0.0359375
0 0.87109375 0.8125 0.0390625 0.0296875
0 0.40234375 0.47734375 0.5390625 0.4109375