0 0.36640625 0.54453125 0.275 0.2625
0 0.0328125 0.09140625 0.03125 0.0296875
0 0.1 0.0640625 0.0796875 0.0765625
0 0.2984375 0.0359375 0.0359375 0.0359375
0 0.2875 0.17890625 0.103125 0.1015625
0 0.25625 0.21015625 0.0328125 0.03125
0 0.521875 0.1921875 0.0515625 0.0484375
0 0.64765625 0.2234375 0.0546875 0.053125
0 0.87109375 0.125 0.103125 0.0984375
0 0.828125 0.01953125 0.034375 0.03125
0 0.85234375 0.68984375 0.0359375 0.0359375
0 0.66953125 0.50859375 0.03125 0.03125
0 0.50703125 0.56015625 0.03125 0.03125
0 0.86796875 0.9828125 0.0359375 0.034375
0 0.8328125 0.4234375 0.0265625 0.0265625
0 0.8453125 0.32109375 0.0484375 0.0484375
0 0.7828125 0.58671875 0.053125 0.0515625
0 0.76796875 0.615625 0.025 0.025
0 0.44609375 0.39453125 0.040625 0.040625
0 0.49375 0.4125 0.1546875 0.15
0 0.2765625 0.51953125 0.0453125 0.0453125
0 0.25625 0.68984375 0.0875 0.084375
0 0.22109375 0.740625 0.0828125 0.0796875
0 0.1875 0.79453125 0.075 0.071875
0 0.27421875 0.83671875 0.0265625 0.025
0 0.13125 0.290625 0.0578125 0.0578125
0 0.36796875 0.33515625 0.10625 0.103125
0 0.05078125 0.02890625 0.0984375 0.0578125
0 0.18359375 0.05390625 0.0296875 0.028125
0 0.47265625 0.18046875 0.315625 0.30625
0 0.421875 0.296875 0.03125 0.03125
0 0.7015625 0.2484375 0.0265625 0.0265625
0 0.728125 0.40625 0.0484375 0.0453125
0 0.6453125 0.3234375 0.1171875 0.1140625
0 0.8234375 0.36875 0.096875 0.09375
0 0.31640625 0.25234375 0.10625 0.1015625
0 0.1734375 0.2296875 0.0453125 0.04375
0 0.12890625 0.4515625 0.03125 0.0296875
0 0.0109375 0.06953125 0.021875 0.0265625
0 0.68359375 0.953125 0.09375 0.0921875
0 0.94921875 0.52734375 0.0296875 0.0296875
0 0.83671875 0.6109375 0.0265625 0.0265625
0 0.90625 0.97734375 0.040625 0.0390625
0 0.50390625 0.725 0.0265625 0.0265625
0 0.88671875 0.43125 0.025 0.025
0 0.09140625 0.61796875 0.025 0.0234375
0 0.8328125 0.6671875 0.0296875 0.0265625