0 0.6109375 0.53359375 0.48125 0.3484375
0 0.00234375 0.00078125 0.0015625 0.0015625
0 0.759375 0.0984375 0.178125 0.13125
0 0.790625 0.03828125 0.040625 0.03125
0 0.7125 0.04453125 0.053125 0.0390625
0 0.54453125 0.08671875 0.0453125 0.034375
0 0.446875 0.015625 0.0359375 0.0265625
0 0.3953125 0.0640625 0.0359375 0.0265625
0 0.40859375 0.28828125 0.0765625 0.0546875
0 0.3109375 0.3609375 0.04375 0.03125
0 0.21640625 0.4484375 0.0390625 0.0265625
0 0.19375 0.57421875 0.075 0.05625
0 0.0171875 0.49375 0.034375 0.0265625
0 0.05390625 0.040625 0.05625 0.040625
0 0.06484375 0.9359375 0.1296875 0.115625
0 0.77265625 0.78828125 0.221875 0.1609375
0 0.6859375 0.84765625 0.0703125 0.0515625
0 0.77890625 0.8796875 0.0359375 0.0265625
0 0.87109375 0.8546875 0.04375 0.03125
0 0.8890625 0.6890625 0.1609375 0.11875
0 0.00390625 0.00234375 0.0078125 0.0046875