0 0.23671875 0.06015625 0.0484375 0.0453125
0 0.134375 0.03828125 0.0296875 0.0296875
0 0.03515625 0.12734375 0.0578125 0.0578125
0 0.03515625 0.00859375 0.0265625 0.0171875
0 0.06484375 0.03515625 0.0484375 0.0484375
0 0.10078125 0.25703125 0.034375 0.034375
0 0.06640625 0.196875 0.0265625 0.0265625
0 0.0328125 0.5046875 0.065625 0.0671875
0 0.08046875 0.509375 0.0265625 0.025
0 0.1109375 0.5609375 0.221875 0.3578125
0 0.171875 0.70078125 0.0359375 0.0359375
0 0.25859375 0.7765625 0.0265625 0.0265625
0 0.46484375 0.6765625 0.0296875 0.028125
0 0.47265625 0.39921875 0.0296875 0.0296875
0 0.553125 0.446875 0.025 0.025
0 0.75859375 0.21875 0.0234375 0.025
0 0.734375 0.2703125 0.0359375 0.0359375
0 0.85 0.19921875 0.0265625 0.0265625
0 0.91015625 0.37734375 0.0453125 0.04375
0 0.81953125 0.53125 0.040625 0.040625
0 0.55546875 0.5953125 0.03125 0.03125
0 0.90390625 0.7515625 0.0296875 0.028125
0 0.5734375 0.975 0.028125 0.0265625