0 0.00234375 0.00234375 0.0015625 0.0015625
0 0.08515625 0.09375 0.0390625 0.0296875
0 0.05078125 0.078125 0.04375 0.034375
0 0.01796875 0.19375 0.0359375 0.040625
0 0.0203125 0.41796875 0.040625 0.0390625
0 0.04453125 0.22734375 0.0484375 0.0390625
0 0.05625 0.17421875 0.040625 0.0328125
0 0.61328125 0.10234375 0.03125 0.025
0 0.63671875 0.16484375 0.03125 0.025
0 0.16796875 0.19609375 0.0484375 0.0375
0 0.76796875 0.02890625 0.0453125 0.0390625
0 0.75 0.0984375 0.04375 0.0359375
0 0.98515625 0.26640625 0.0296875 0.0265625
0 0.94453125 0.334375 0.040625 0.0328125
0 0.83515625 0.47578125 0.040625 0.03125
0 0.96171875 0.43046875 0.05625 0.04375
0 0.91796875 0.19921875 0.053125 0.04375
0 0.8390625 0.2390625 0.209375 0.165625
0 0.8546875 0.1578125 0.0765625 0.0609375
0 0.87890625 0.07578125 0.084375 0.0671875
0 0.9015625 0.12890625 0.084375 0.0671875
0 0.765625 0.41484375 0.0390625 0.0296875
0 0.2546875 0.2078125 0.0390625 0.0296875
0 0.52734375 0.62890625 0.065625 0.0515625
0 0.18515625 0.63203125 0.0671875 0.053125
0 0.396875 0.93984375 0.0875 0.0671875
0 0.50703125 0.9578125 0.0578125 0.0453125
0 0.390625 0.828125 0.0515625 0.0390625
0 0.3015625 0.8125 0.053125 0.040625
0 0.015625 0.56484375 0.03125 0.0265625
0 0.646875 0.64765625 0.0625 0.0515625
0 0.56484375 0.53828125 0.065625 0.0515625
0 0.71171875 0.39453125 0.0890625 0.0703125
0 0.77421875 0.3265625 0.0875 0.0703125
0 0.41953125 0.634375 0.034375 0.0265625
0 0.3890625 0.640625 0.2078125 0.1640625
0 0.57578125 0.7515625 0.034375 0.0265625
0 0.33515625 0.7796875 0.1609375 0.128125
0 0.18515625 0.67890625 0.0609375 0.0484375