0 0.94140625 0.0640625 0.0703125 0.0765625
0 0.9234375 0.13046875 0.09140625 0.08046875
0 0.91171875 0.178125 0.046875 0.0484375
0 0.896875 0.3375 0.0625 0.06796875
0 0.84140625 0.403125 0.07578125 0.0765625
0 0.8578125 0.5 0.05078125 0.0546875
0 0.8390625 0.69296875 0.103125 0.109375
0 0.73359375 0.72265625 0.025 0.03125
0 0.95234375 0.73359375 0.0328125 0.03515625
0 0.9265625 0.896875 0.0296875 0.03515625
0 0.70625 0.8390625 0.06640625 0.05859375
0 0.68828125 0.7859375 0.03515625 0.040625
0 0.659375 0.821875 0.04296875 0.046875
0 0.5765625 0.8953125 0.0296875 0.02734375
0 0.6625 0.9171875 0.1015625 0.084375
0 0.5046875 0.9875 0.025 0.021875
0 0.5828125 0.99296875 0.0375 0.0140625
0 0.6359375 0.9765625 0.09765625 0.046875
0 0.75859375 0.9828125 0.0375 0.0328125
0 0.8796875 0.8375 0.05859375 0.0609375