0 0.26171875 0.63828125 0.090625 0.08359375
0 0.9515625 0.84296875 0.096875 0.13515625
0 0.44296875 0.83515625 0.0625 0.0453125
0 0.21015625 0.87890625 0.034375 0.03671875
0 0.24921875 0.9109375 0.04140625 0.02734375
0 0.434375 0.8890625 0.03125 0.028125
0 0.71328125 0.63203125 0.0484375 0.0484375
0 0.684375 0.76953125 0.034375 0.0296875
0 0.6875 0.7765625 0.125 0.140625
0 0.16015625 0.61796875 0.046875 0.0453125
0 0.29140625 0.503125 0.06796875 0.03984375
1 0.10546875 0.83203125 0.0484375 0.04140625
1 0.09453125 0.59921875 0.04375 0.034375
1 0.07578125 0.6234375 0.0609375 0.028125
1 0.6109375 0.85546875 0.03125 0.0453125
1 0.35390625 0.93671875 0.10546875 0.04375
1 0.86171875 0.9484375 0.05234375 0.03828125
1 0.76015625 0.9515625 0.07109375 0.03984375
0 0.8203125 0.909375 0.0609375 0.0453125
0 0.7875 0.796875 0.05 0.0625
0 0.5078125 0.77734375 0.05 0.0484375
0 0.3984375 0.76484375 0.04140625 0.05
0 0.31796875 0.7734375 0.03671875 0.04140625
0 0.2828125 0.81640625 0.05078125 0.03125
0 0.35625 0.76640625 0.02578125 0.03515625
0 0.403125 0.70703125 0.034375 0.04296875
1 0.51171875 0.9796875 0.0453125 0.040625
1 0.57265625 0.9453125 0.03984375 0.03515625
1 0.66875 0.96171875 0.0453125 0.034375
1 0.3640625 0.8828125 0.06640625 0.03515625
1 0.125 0.9828125 0.0625 0.034375
1 0.0859375 0.91484375 0.046875 0.0453125
1 0.02734375 0.97421875 0.04140625 0.0484375