0 0.0765625 0.13671875 0.03359375 0.04140625
0 0.1078125 0.12578125 0.02890625 0.040625
0 0.2046875 0.08671875 0.0484375 0.04296875
0 0.19375 0.0296875 0.02578125 0.02890625
0 0.35703125 0.15 0.05703125 0.06015625
0 0.3546875 0.0625 0.025 0.0234375
0 0.396875 0.04453125 0.04453125 0.03359375
0 0.4640625 0.13671875 0.0296875 0.02890625
0 0.5765625 0.109375 0.02734375 0.02109375
0 0.5640625 0.07265625 0.02734375 0.01796875
0 0.63359375 0.02421875 0.0140625 0.0140625
0 0.76953125 0.115625 0.07265625 0.071875
0 0.640625 0.13828125 0.01796875 0.015625
0 0.7046875 0.14453125 0.02578125 0.03359375
0 0.66796875 0.18828125 0.02578125 0.0171875
0 0.1296875 0.09375 0.02421875 0.0234375
0 0.1515625 0.0734375 0.0109375 0.01484375
0 0.5078125 0.19296875 0.08203125 0.06953125
0 0.9484375 0.22265625 0.0375 0.025
0 0.85234375 0.0828125 0.0359375 0.03515625
0 0.91796875 0.0953125 0.0234375 0.0171875
0 0.94375 0.10078125 0.01953125 0.02421875
0 0.82421875 0.03359375 0.0375 0.028125
1 0.61796875 0.15859375 0.01953125 0.02421875
0 0.665625 0.165625 0.13671875 0.1296875
0 0.28671875 0.053125 0.0265625 0.03046875
0 0.253125 0.09609375 0.025 0.02265625
0 0.16875 0.13984375 0.03125 0.03125