0 0.1078125 0.37890625 0.03125 0.0296875
0 0.28515625 0.21953125 0.02890625 0.028125
0 0.01796875 0.4046875 0.02265625 0.0234375
0 0.07890625 0.47421875 0.01875 0.02109375
0 0.17890625 0.559375 0.03046875 0.03125
0 0.8484375 0.60859375 0.0171875 0.01953125
0 0.009375 0.56875 0.01796875 0.02265625
0 0.54765625 0.17265625 0.02421875 0.02265625
0 0.0828125 0.171875 0.02890625 0.02734375
0 0.06953125 0.3140625 0.0328125 0.03203125
0 0.0953125 0.57890625 0.03515625 0.0359375
0 0.34921875 0.178125 0.02421875 0.025
0 0.8953125 0.5609375 0.03828125 0.04296875
0 0.2046875 0.4328125 0.0296875 0.03046875
0 0.2078125 0.1484375 0.025 0.03046875
0 0.86640625 0.42578125 0.025 0.025
0 0.8609375 0.6265625 0.0171875 0.0171875
0 0.13984375 0.25546875 0.0328125 0.03203125
0 0.765625 0.7625 0.01953125 0.0203125
0 0.0640625 0.27109375 0.04140625 0.04296875
0 0.08671875 0.7703125 0.02890625 0.03046875
0 0.184375 0.509375 0.01875 0.0203125
0 0.403125 0.16484375 0.028125 0.02578125
0 0.82734375 0.11171875 0.025 0.0265625
0 0.70546875 0.77734375 0.02265625 0.021875
0 0.14765625 0.13046875 0.02734375 0.0265625
0 0.778125 0.5765625 0.0203125 0.01875
0 0.5359375 0.79609375 0.0265625 0.02578125
0 0.5578125 0.146875 0.02265625 0.0171875
0 0.753125 0.64921875 0.0140625 0.015625
0 0.1234375 0.175 0.0171875 0.01640625
0 0.9671875 0.7625 0.0140625 0.0171875
0 0.1921875 0.475 0.01953125 0.021875
0 0.08046875 0.21484375 0.0421875 0.04296875
0 0.621875 0.7953125 0.0296875 0.03046875
0 0.1984375 0.265625 0.0265625 0.0265625
0 0.7515625 0.59921875 0.01328125 0.0140625
0 0.02734375 0.17734375 0.02890625 0.0328125
0 0.0328125 0.24375 0.04765625 0.0515625
0 0.7953125 0.1796875 0.015625 0.015625
0 0.0671875 0.1578125 0.034375 0.03671875
0 0.81875 0.87734375 0.0203125 0.01953125
0 0.7109375 0.528125 0.0140625 0.01484375
0 0.93984375 0.56484375 0.015625 0.015625
0 0.1328125 0.4640625 0.0140625 0.01484375
0 0.61875 0.6828125 0.0140625 0.01484375
0 0.553125 0.83984375 0.01484375 0.01484375
0 0.021875 0.09609375 0.03984375 0.04140625
0 0.490625 0.13125 0.02578125 0.01875
0 0.4734375 0.509375 0.01875 0.01640625
0 0.37890625 0.7859375 0.03671875 0.034375
0 0.19375 0.190625 0.01484375 0.01328125
0 0.58671875 0.80234375 0.01484375 0.015625
0 0.346875 0.11953125 0.03671875 0.02890625
0 0.81953125 0.2375 0.046875 0.05078125
0 0.93671875 0.8046875 0.01328125 0.0140625
0 0.77265625 0.621875 0.0125 0.01328125
0 0.81015625 0.3828125 0.015625 0.015625
0 0.51640625 0.30078125 0.03984375 0.03671875
0 0.29375 0.34296875 0.0140625 0.01484375
0 0.44375 0.77421875 0.01328125 0.01484375
0 0.553125 0.896875 0.0125 0.01328125
0 0.85625 0.890625 0.03671875 0.034375
0 0.78125 0.80078125 0.01171875 0.01171875
0 0.65078125 0.1890625 0.01484375 0.0140625
0 0.07734375 0.64765625 0.06640625 0.0609375
0 0.81015625 0.90546875 0.01171875 0.0125
0 0.75078125 0.8125 0.0109375 0.0125
0 0.0453125 0.6890625 0.0125 0.01328125
0 0.40625 0.42109375 0.02890625 0.02734375
0 0.31796875 0.39765625 0.06640625 0.06171875
0 0.31875 0.271875 0.096875 0.1046875
0 0.23046875 0.05625 0.0234375 0.01875
0 0.82734375 0.93125 0.01328125 0.01328125
0 0.5875 0.971875 0.04296875 0.03828125
0 0.93046875 0.93671875 0.01484375 0.015625
0 0.24296875 0.153125 0.046875 0.04609375
0 0.18046875 0.08046875 0.02109375 0.02421875
0 0.975 0.35 0.0390625 0.05390625
0 0.615625 0.471875 0.01171875 0.0125
0 0.8078125 0.69375 0.01171875 0.0125
0 0.425 0.95 0.0125 0.0125
0 0.30234375 0.0359375 0.0265625 0.028125
0 0.53828125 0.3625 0.096875 0.08515625
0 0.29453125 0.6265625 0.12890625 0.1296875
0 0.1578125 0.0390625 0.02734375 0.025
0 0.86015625 0.25234375 0.01796875 0.01796875
0 0.1734375 0.45546875 0.01484375 0.01484375
0 0.053125 0.94921875 0.01328125 0.01328125
0 0.4046875 0.94296875 0.0109375 0.0109375
0 0.7296875 0.96015625 0.0234375 0.0234375
0 0.25859375 0.303125 0.028125 0.03359375
0 0.65703125 0.3546875 0.06953125 0.06953125
0 0.096875 0.1453125 0.01171875 0.0140625
0 0.57734375 0.87578125 0.01015625 0.0109375
0 0.29140625 0.40546875 0.0328125 0.03046875
0 0.009375 0.8734375 0.01640625 0.025
0 0.453125 0.2578125 0.07734375 0.071875
0 0.2765625 0.971875 0.034375 0.0328125
0 0.5765625 0.321875 0.06640625 0.0609375
0 0.08203125 0.03828125 0.0515625 0.05234375
0 0.96015625 0.22109375 0.03203125 0.03125
0 0.04296875 0.3671875 0.075 0.0875
0 0.834375 0.03359375 0.05078125 0.0515625
0 0.2296875 0.81328125 0.07265625 0.06484375