0 0.05546875 0.31953125 0.02421875 0.0296875
0 0.28671875 0.8421875 0.03671875 0.03203125
0 0.0484375 0.70234375 0.03203125 0.0359375
0 0.22265625 0.4265625 0.03046875 0.0296875
0 0.77890625 0.371875 0.03828125 0.0359375
0 0.25859375 0.47578125 0.028125 0.0296875
0 0.2328125 0.63359375 0.05859375 0.05546875
0 0.3640625 0.78984375 0.03828125 0.03828125
0 0.55625 0.4671875 0.03203125 0.03203125
0 0.2921875 0.8875 0.0359375 0.028125
0 0.80625 0.353125 0.03125 0.0328125
0 0.20078125 0.85390625 0.0390625 0.0375
0 0.1578125 0.86796875 0.0390625 0.03828125
0 0.16640625 0.73125 0.03671875 0.03671875
0 0.1625 0.55625 0.03046875 0.03203125
0 0.13125 0.7703125 0.03828125 0.040625
0 0.284375 0.74765625 0.04453125 0.0453125
0 0.13671875 0.2984375 0.02109375 0.025
0 0.88203125 0.4640625 0.046875 0.05234375
0 0.02109375 0.5703125 0.03125 0.04609375
0 0.9453125 0.44375 0.03515625 0.0390625
0 0.44296875 0.76484375 0.0484375 0.04375
0 0.26875 0.7875 0.03203125 0.03046875
0 0.64375 0.6234375 0.05390625 0.04921875
0 0.37265625 0.7453125 0.02109375 0.021875
0 0.56953125 0.86796875 0.04296875 0.03671875
0 0.47890625 0.65 0.028125 0.025
0 0.384375 0.84453125 0.025 0.0234375
0 0.46328125 0.81875 0.04609375 0.040625
0 0.78046875 0.46875 0.0453125 0.0453125
0 0.51640625 0.48671875 0.02109375 0.0203125
0 0.4390625 0.60703125 0.034375 0.0296875
0 0.63828125 0.81015625 0.04140625 0.0328125
0 0.525 0.80234375 0.04375 0.0390625
0 0.409375 0.73671875 0.03671875 0.03984375
0 0.75390625 0.803125 0.04765625 0.0421875
0 0.12890625 0.3875 0.05703125 0.0546875
0 0.57265625 0.6015625 0.04375 0.04375
0 0.11328125 0.82578125 0.02890625 0.0328125
0 0.1953125 0.328125 0.03046875 0.028125
0 0.40078125 0.66640625 0.0734375 0.06953125
0 0.065625 0.38359375 0.0203125 0.021875
0 0.76640625 0.871875 0.0375 0.0328125
0 0.7984375 0.40625 0.021875 0.021875
0 0.51875 0.7421875 0.059375 0.05859375
0 0.58828125 0.7625 0.028125 0.02578125
0 0.484375 0.890625 0.02578125 0.02265625
0 0.6265625 0.66484375 0.0328125 0.0296875
0 0.653125 0.5859375 0.02890625 0.0296875
0 0.67265625 0.48359375 0.02265625 0.021875
0 0.68046875 0.4375 0.01875 0.0203125
0 0.82265625 0.4390625 0.0203125 0.02109375
0 0.5875 0.3578125 0.021875 0.0203125
0 0.7828125 0.6390625 0.01796875 0.01796875
0 0.8484375 0.803125 0.04140625 0.03359375
0 0.59453125 0.45 0.0609375 0.05859375
0 0.175 0.6890625 0.05859375 0.05546875
0 0.43828125 0.93828125 0.065625 0.05078125
0 0.74921875 0.62890625 0.0203125 0.0203125
0 0.9171875 0.45 0.0234375 0.02734375
0 0.8578125 0.525 0.07734375 0.078125
0 0.1671875 0.9359375 0.03515625 0.02890625
0 0.0078125 0.51875 0.015625 0.03046875
0 0.36484375 0.60078125 0.03046875 0.0296875
0 0.36640625 0.9515625 0.04921875 0.03515625
0 0.5859375 0.73828125 0.025 0.02421875
0 0.58515625 0.93984375 0.040625 0.02734375
0 0.06328125 0.66328125 0.02890625 0.03125
0 0.3921875 0.89765625 0.03046875 0.02421875
0 0.03984375 0.740625 0.0375 0.03828125
0 0.32265625 0.56171875 0.021875 0.02265625
0 0.11015625 0.90390625 0.05234375 0.0484375
0 0.31796875 0.9125 0.0234375 0.0203125
0 0.29140625 0.7875 0.03984375 0.034375
0 0.303125 0.9421875 0.0265625 0.02421875
0 0.046875 0.446875 0.01640625 0.01875
0 0.75078125 0.45 0.0140625 0.0140625
0 0.61015625 0.39375 0.01875 0.0171875
0 0.5578125 0.75078125 0.03828125 0.04140625
0 0.40625 0.8484375 0.02109375 0.01953125
0 0.05625 0.4625 0.01484375 0.015625
0 0.20078125 0.94765625 0.025 0.021875
0 0.0140625 0.64609375 0.01640625 0.01953125
0 0.515625 0.675 0.02578125 0.021875
0 0.94609375 0.65546875 0.08984375 0.14375
0 0.1890625 0.30078125 0.01796875 0.01796875
0 0.146875 0.6953125 0.01875 0.01875
0 0.84296875 0.515625 0.0375 0.0359375
0 0.31640625 0.39609375 0.01953125 0.01953125
0 0.16328125 0.2890625 0.0140625 0.01484375
0 0.0296875 0.3640625 0.03203125 0.03828125
0 0.021875 0.41328125 0.01328125 0.01640625
0 0.8921875 0.37734375 0.03203125 0.03359375
0 0.55625 0.9796875 0.0515625 0.03359375
0 0.94609375 0.4125 0.03828125 0.04453125
0 0.9078125 0.7359375 0.0203125 0.01953125
0 0.78359375 0.53671875 0.12578125 0.09140625
0 0.02734375 0.7921875 0.04296875 0.059375
0 0.2921875 0.65390625 0.01484375 0.0140625
0 0.96796875 0.6234375 0.01640625 0.0203125
0 0.6828125 0.94765625 0.03203125 0.0171875
0 0.53359375 0.95078125 0.01484375 0.0125
0 0.74453125 0.909375 0.0328125 0.01640625
0 0.759375 0.9515625 0.03671875 0.025
0 0.496875 0.9875 0.04375 0.01953125
0 0.7140625 0.971875 0.0421875 0.02109375
0 0.89375 0.60859375 0.03828125 0.0390625
0 0.63125 0.96953125 0.04765625 0.02109375
0 0.2671875 0.953125 0.03671875 0.02265625
0 0.075 0.915625 0.04765625 0.03984375
0 0.88515625 0.934375 0.10546875 0.0859375