0 0.1234375 0.6421875 0.02265625 0.025
0 0.19140625 0.7859375 0.02890625 0.02890625
0 0.146875 0.825 0.02109375 0.02265625
0 0.171875 0.6890625 0.06484375 0.0640625
0 0.1015625 0.5671875 0.02109375 0.021875
0 0.0828125 0.56953125 0.01796875 0.0203125
0 0.23203125 0.7640625 0.02421875 0.02265625
0 0.16484375 0.60078125 0.025 0.0265625
0 0.103125 0.72734375 0.021875 0.02578125
0 0.50625 0.775 0.02578125 0.0234375
0 0.03515625 0.3609375 0.0265625 0.02734375
0 0.33828125 0.6625 0.0265625 0.02734375
0 0.0453125 0.771875 0.028125 0.03046875
0 0.32890625 0.790625 0.02421875 0.02578125
0 0.39140625 0.81796875 0.02109375 0.02109375
0 0.12421875 0.8484375 0.0234375 0.02578125
0 0.078125 0.39921875 0.0265625 0.0265625
0 0.16015625 0.3890625 0.02578125 0.028125
0 0.41484375 0.878125 0.0234375 0.02265625
0 0.03515625 0.3265625 0.0265625 0.03359375
0 0.3984375 0.8375 0.025 0.0234375
0 0.3421875 0.8890625 0.025 0.0234375
0 0.2265625 0.68828125 0.03671875 0.0375
0 0.28984375 0.71015625 0.0328125 0.034375
0 0.17421875 0.553125 0.0296875 0.0296875
0 0.459375 0.75859375 0.02890625 0.028125
0 0.16953125 0.58515625 0.028125 0.03046875
0 0.2671875 0.65390625 0.01796875 0.0171875
0 0.4515625 0.6875 0.0328125 0.02890625
0 0.37890625 0.69375 0.0328125 0.0328125
0 0.2640625 0.9421875 0.01796875 0.01796875
0 0.159375 0.43046875 0.03203125 0.03515625
0 0.0140625 0.571875 0.0171875 0.0203125
0 0.0734375 0.615625 0.01328125 0.0140625
0 0.28515625 0.9109375 0.03125 0.028125
0 0.328125 0.759375 0.01796875 0.0171875
0 0.1 0.6203125 0.03515625 0.0390625
0 0.175 0.896875 0.0671875 0.0546875
0 0.3015625 0.628125 0.01953125 0.0203125
0 0.58828125 0.85859375 0.0265625 0.02734375
0 0.50390625 0.8015625 0.01796875 0.01796875
0 0.52578125 0.75078125 0.01953125 0.01875
0 0.5328125 0.89375 0.0296875 0.02578125
0 0.50703125 0.83984375 0.02734375 0.0265625
0 0.50859375 0.9328125 0.0328125 0.0265625
0 0.5359375 0.865625 0.015625 0.01640625
0 0.5890625 0.746875 0.02109375 0.021875
0 0.43125 0.75078125 0.03671875 0.03515625
0 0.590625 0.8890625 0.03671875 0.03515625
0 0.66953125 0.8953125 0.025 0.0234375
0 0.37421875 0.79140625 0.03828125 0.03828125
0 0.5359375 0.9484375 0.02578125 0.025
0 0.1859375 0.85625 0.01796875 0.01796875
0 0.45078125 0.7125 0.0359375 0.0359375
0 0.23359375 0.953125 0.03125 0.03046875
0 0.6109375 0.92578125 0.0203125 0.0171875
0 0.01953125 0.64296875 0.03671875 0.03984375
0 0.53984375 0.790625 0.03125 0.0296875
0 0.728125 0.8 0.01796875 0.0171875
0 0.56875 0.784375 0.02578125 0.02421875
0 0.37265625 0.95703125 0.015625 0.0140625
0 0.3765625 0.6109375 0.040625 0.03828125
0 0.115625 0.26328125 0.02265625 0.02578125
0 0.45 0.840625 0.0359375 0.03203125
0 0.39296875 0.97109375 0.01796875 0.01484375
0 0.38203125 0.903125 0.034375 0.0296875
0 0.3265625 0.95703125 0.03125 0.02421875
0 0.3171875 0.715625 0.0453125 0.046875
0 0.371875 0.93515625 0.015625 0.015625
0 0.20234375 0.58203125 0.046875 0.046875
0 0.421875 0.6234375 0.02265625 0.01875
0 0.57734375 0.91875 0.0453125 0.0375
0 0.63515625 0.88984375 0.03515625 0.034375
0 0.08359375 0.471875 0.06171875 0.0671875
0 0.065625 0.5296875 0.0421875 0.04453125
0 0.48515625 0.98515625 0.01875 0.015625
0 0.70859375 0.90625 0.04375 0.03671875
0 0.2203125 0.8421875 0.0765625 0.06953125
0 0.07265625 0.27109375 0.0328125 0.03359375
0 0.134375 0.71171875 0.0125 0.01953125
0 0.38359375 0.73984375 0.0453125 0.04765625
0 0.165625 0.94375 0.03671875 0.03125
0 0.1515625 0.30625 0.02265625 0.02421875
0 0.6953125 0.8640625 0.02734375 0.025
0 0.2671875 0.5796875 0.0296875 0.03203125
0 0.45625 0.96171875 0.01640625 0.01484375
0 0.56171875 0.97421875 0.03046875 0.021875
0 0.2234375 0.4734375 0.04375 0.0515625
0 0.4234375 0.9828125 0.04296875 0.02890625
0 0.025 0.45 0.0359375 0.0421875
0 0.709375 0.840625 0.0203125 0.02109375
0 0.25859375 0.7921875 0.0609375 0.0578125
0 0.134375 0.33203125 0.0515625 0.05234375
0 0.6078125 0.81484375 0.03671875 0.03125
0 0.621875 0.709375 0.025 0.025
0 0.69609375 0.9546875 0.0484375 0.03828125
0 0.6734375 0.9828125 0.02265625 0.01875
0 0.04765625 0.21171875 0.02265625 0.028125
0 0.4203125 0.9203125 0.04453125 0.0390625
0 0.634375 0.85859375 0.03125 0.03046875
0 0.72265625 0.8640625 0.03203125 0.03125
0 0.13671875 0.27890625 0.03671875 0.03828125
0 0.1078125 0.22890625 0.03203125 0.03828125
0 0.24921875 0.5203125 0.03359375 0.03515625
0 0.6859375 0.83984375 0.03515625 0.03359375
0 0.57109375 0.67421875 0.02578125 0.02421875
0 0.84375 0.96796875 0.0125 0.01171875
0 0.29765625 0.40546875 0.0453125 0.040625
0 0.2859375 0.33046875 0.04921875 0.04296875
1 0.57890625 0.703125 0.01328125 0.015625
0 0.48359375 0.6390625 0.03203125 0.03203125
0 0.3515625 0.49609375 0.0671875 0.071875
0 0.40703125 0.7015625 0.04765625 0.05703125
0 0.234375 0.3828125 0.0546875 0.059375
0 0.36796875 0.48125 0.0328125 0.03125
0 0.06796875 0.15546875 0.0484375 0.04609375
0 0.49609375 0.6046875 0.0359375 0.0359375
0 0.28046875 0.48046875 0.04140625 0.0484375
1 0.35 0.4484375 0.01953125 0.021875
1 0.11875 0.42109375 0.0109375 0.01875
1 0.865625 0.93125 0.0140625 0.0109375
1 0.01796875 0.465625 0.01640625 0.0171875
1 0.57109375 0.57109375 0.009375 0.01015625
1 0.59609375 0.61015625 0.01640625 0.01171875
1 0.70234375 0.7296875 0.01171875 0.015625
1 0.90625 0.98046875 0.0109375 0.0125
1 0.78515625 0.92421875 0.0265625 0.028125
1 0.478125 0.5734375 0.021875 0.021875
1 0.54765625 0.56328125 0.02109375 0.01328125
1 0.84765625 0.8671875 0.0109375 0.0140625
1 0.69921875 0.703125 0.00859375 0.0140625
1 0.8234375 0.8125 0.01875 0.0203125
0 0.7234375 0.82265625 0.04296875 0.0359375
1 0.81484375 0.9265625 0.03203125 0.02109375
0 0.49921875 0.45703125 0.01015625 0.009375
1 0.81171875 0.83828125 0.02265625 0.03359375
1 0.47109375 0.528125 0.01640625 0.0234375
1 0.4890625 0.521875 0.0125 0.0265625