0 0.6359375 0.83046875 0.0953125 0.0859375
0 0.71484375 0.81875 0.02890625 0.025
0 0.96015625 0.74296875 0.053125 0.0640625
0 0.3484375 0.88046875 0.05625 0.04921875
0 0.3578125 0.9859375 0.0328125 0.021875
0 0.38125 0.94375 0.03671875 0.0375
0 0.5625 0.9625 0.0703125 0.06484375
0 0.95546875 0.9765625 0.0578125 0.046875
0 0.990625 0.8578125 0.01875 0.053125
0 0.9921875 0.8125 0.015625 0.0375
0 0.9859375 0.0859375 0.02734375 0.03671875
0 0.571875 0.1859375 0.0390625 0.040625
0 0.52890625 0.265625 0.03671875 0.03125
0 0.521875 0.4046875 0.021875 0.03125
0 0.7328125 0.503125 0.025 0.021875
0 0.87734375 0.59921875 0.0234375 0.03671875
0 0.834375 0.7328125 0.04140625 0.03671875
0 0.8359375 0.7328125 0.01328125 0.0140625
0 0.61875 0.91328125 0.04140625 0.04296875
1 0.6375 0.82890625 0.025 0.03515625
1 0.9609375 0.746875 0.01015625 0.0140625
1 0.8328125 0.73125 0.01171875 0.0140625