0 0.88515625 0.3578125 0.02265625 0.025
0 0.85078125 0.74296875 0.028125 0.02890625
0 0.825 0.7828125 0.028125 0.02890625
0 0.8234375 0.3140625 0.028125 0.03203125
0 0.97421875 0.42421875 0.028125 0.0328125
0 0.9546875 0.41171875 0.03203125 0.034375
0 0.7796875 0.4140625 0.03359375 0.034375
0 0.82109375 0.440625 0.0234375 0.0234375
0 0.96171875 0.6984375 0.03125 0.03046875
0 0.68671875 0.753125 0.02734375 0.02890625
0 0.6515625 0.5515625 0.040625 0.0390625
0 0.7890625 0.534375 0.0296875 0.028125
0 0.8734375 0.8421875 0.01875 0.01953125
0 0.9828125 0.759375 0.02890625 0.03046875
0 0.74140625 0.3265625 0.021875 0.02109375
0 0.73359375 0.58671875 0.025 0.02421875
0 0.93515625 0.77890625 0.0328125 0.03359375
0 0.73984375 0.884375 0.03046875 0.02890625
0 0.80703125 0.65546875 0.03046875 0.03125
0 0.67265625 0.378125 0.01796875 0.01796875
0 0.91875 0.7109375 0.01484375 0.015625
1 0.315625 0.209375 0.01953125 0.0171875
0 0.9828125 0.565625 0.01953125 0.01953125
0 0.58671875 0.3015625 0.0421875 0.040625
0 0.9328125 0.51328125 0.02578125 0.02890625
0 0.8359375 0.8140625 0.021875 0.021875
0 0.6109375 0.33984375 0.01796875 0.0171875
0 0.4984375 0.76328125 0.025 0.02578125
0 0.971875 0.64296875 0.01484375 0.015625
0 0.79453125 0.3859375 0.01640625 0.0171875
0 0.478125 0.0921875 0.03671875 0.0328125
0 0.58125 0.56328125 0.040625 0.0453125
0 0.55390625 0.2921875 0.03515625 0.0359375
0 0.69921875 0.50859375 0.01640625 0.015625
0 0.78359375 0.83515625 0.03125 0.03046875
0 0.453125 0.51484375 0.0203125 0.02109375
0 0.590625 0.54765625 0.0234375 0.0234375
0 0.959375 0.828125 0.0140625 0.01484375
0 0.96953125 0.1578125 0.021875 0.0234375
1 0.2203125 0.6546875 0.0125 0.0140625
0 0.81484375 0.4796875 0.02421875 0.0265625
0 0.80859375 0.903125 0.02265625 0.025
0 0.90859375 0.58359375 0.059375 0.05859375
0 0.740625 0.5171875 0.02890625 0.02890625
0 0.6 0.2359375 0.0453125 0.04453125
0 0.61171875 0.7796875 0.0125 0.0140625
1 0.821875 0.978125 0.01328125 0.01484375
0 0.6859375 0.80234375 0.0125 0.0140625
0 0.5609375 0.2390625 0.0296875 0.02890625
0 0.95625 0.73984375 0.01484375 0.0171875
0 0.32421875 0.84140625 0.0296875 0.0265625
0 0.86015625 0.94140625 0.01796875 0.01796875
0 0.36875 0.8421875 0.01328125 0.01640625
1 0.2171875 0.2609375 0.02265625 0.02734375
0 0.64921875 0.49375 0.0125 0.01328125
0 0.33828125 0.6953125 0.015625 0.01640625
0 0.9859375 0.29140625 0.01328125 0.015625
0 0.51875 0.06015625 0.0296875 0.03046875
0 0.8578125 0.3390625 0.0171875 0.0203125
1 0.5234375 0.96875 0.015625 0.01484375
0 0.709375 0.4296875 0.01328125 0.01484375
0 0.9484375 0.91640625 0.0203125 0.02265625
0 0.8046875 0.15390625 0.0203125 0.01875
0 0.35 0.578125 0.01796875 0.01875
0 0.98671875 0.83671875 0.0125 0.0140625
1 0.23828125 0.70390625 0.02109375 0.02265625
0 0.8765625 0.134375 0.03515625 0.03515625
1 0.93671875 0.8671875 0.01640625 0.01953125
0 0.08828125 0.95546875 0.01953125 0.01796875
0 0.8875 0.9203125 0.0484375 0.046875
0 0.96875 0.81875 0.0140625 0.015625
0 0.553125 0.73359375 0.0296875 0.03046875
0 0.37578125 0.95625 0.0140625 0.0140625
1 0.28203125 0.80546875 0.01484375 0.0171875
0 0.55234375 0.8328125 0.02890625 0.0296875
0 0.721875 0.7734375 0.01171875 0.01328125
0 0.82734375 0.60078125 0.08671875 0.0875
0 0.71796875 0.1265625 0.06328125 0.06171875
1 0.609375 0.66015625 0.0140625 0.0140625
0 0.81875 0.24921875 0.0296875 0.02890625
1 0.12109375 0.8984375 0.025 0.02421875
1 0.715625 0.82890625 0.01796875 0.01796875
0 0.44609375 0.76484375 0.06171875 0.05859375
1 0.40078125 0.29375 0.021875 0.0234375
1 0.96796875 0.62265625 0.01171875 0.01171875
0 0.85625 0.54921875 0.01640625 0.01875
0 0.41015625 0.79609375 0.03125 0.0375
0 0.4953125 0.5125 0.01640625 0.0171875
0 0.44296875 0.39296875 0.05078125 0.0515625
0 0.6390625 0.2140625 0.03828125 0.03828125
1 0.54140625 0.13125 0.021875 0.02265625
0 0.9234375 0.959375 0.04453125 0.0390625
1 0.5796875 0.903125 0.0171875 0.0171875
0 0.43828125 0.83515625 0.03515625 0.034375
0 0.6625 0.7140625 0.015625 0.01796875
0 0.98515625 0.9234375 0.0296875 0.0359375
0 0.41015625 0.328125 0.0515625 0.05078125
0 0.95234375 0.9703125 0.02734375 0.0265625
0 0.2390625 0.51953125 0.05546875 0.05625
1 0.5109375 0.671875 0.0234375 0.025
0 0.465625 0.54921875 0.015625 0.01640625
0 0.42734375 0.890625 0.02734375 0.0296875
0 0.4359375 0.1671875 0.02734375 0.0265625
0 0.61796875 0.76015625 0.0125 0.01328125
0 0.8421875 0.475 0.0421875 0.03125
0 0.54921875 0.44375 0.07734375 0.07578125
1 0.16640625 0.478125 0.01171875 0.01328125
1 0.1375 0.62890625 0.03984375 0.028125
0 0.42890625 0.54453125 0.03515625 0.03515625
0 0.48828125 0.22890625 0.034375 0.03359375
0 0.3734375 0.740625 0.05078125 0.05546875
0 0.70390625 0.25078125 0.06796875 0.06640625
1 0.35078125 0.90078125 0.02734375 0.025
0 0.6171875 0.3953125 0.01328125 0.01328125
1 0.6265625 0.05 0.01953125 0.0203125
0 0.50859375 0.93359375 0.03671875 0.04375