0 0.25390625 0.48203125 0.028125 0.03046875
0 0.1296875 0.42265625 0.03046875 0.03984375
0 0.49453125 0.79765625 0.0578125 0.05078125
0 0.7359375 0.28203125 0.0328125 0.03125
0 0.2609375 0.40078125 0.03203125 0.0359375
0 0.6609375 0.6484375 0.03828125 0.03125
0 0.18984375 0.5453125 0.02578125 0.0296875
0 0.771875 0.70078125 0.0328125 0.0328125
0 0.0921875 0.7078125 0.02421875 0.03046875
0 0.846875 0.753125 0.0359375 0.0390625
0 0.8328125 0.72890625 0.03203125 0.03203125
0 0.25 0.759375 0.028125 0.02734375