0 0.95390625 0.88203125 0.028125 0.03046875
0 0.88203125 0.98125 0.02734375 0.02734375
0 0.859375 0.984375 0.02109375 0.01796875
0 0.85234375 0.925 0.01875 0.01875
0 0.884375 0.9546875 0.02109375 0.021875
0 0.878125 0.87890625 0.02265625 0.02734375
0 0.9140625 0.8703125 0.03125 0.0296875
0 0.82890625 0.96640625 0.02109375 0.01875
0 0.803125 0.9125 0.01796875 0.01875
0 0.8453125 0.934375 0.0125 0.0140625
0 0.92109375 0.915625 0.02109375 0.025
0 0.9734375 0.8546875 0.01875 0.0203125
0 0.85078125 0.94140625 0.0265625 0.0265625
0 0.9765625 0.75 0.01640625 0.0171875
0 0.93125 0.91015625 0.01328125 0.01328125
0 0.71953125 0.9625 0.04375 0.040625
0 0.9859375 0.80625 0.0265625 0.0359375
0 0.9109375 0.675 0.02734375 0.03359375
0 0.9515625 0.81015625 0.03046875 0.03671875
0 0.80546875 0.93828125 0.021875 0.0265625
1 0.9375 0.965625 0.01953125 0.0171875
1 0.9171875 0.9703125 0.01171875 0.01640625
1 0.9078125 0.9828125 0.015625 0.01796875
1 0.9078125 0.996875 0.0109375 0.00625
1 0.85 0.98515625 0.02265625 0.02109375
1 0.70234375 0.96484375 0.01015625 0.0125
1 0.9953125 0.70390625 0.00859375 0.01875
1 0.996875 0.94140625 0.00625 0.0109375
1 0.93671875 0.55546875 0.0265625 0.025
1 0.92265625 0.625 0.01640625 0.01640625
1 0.73359375 0.946875 0.015625 0.015625
1 0.9859375 0.38671875 0.01875 0.0171875
1 0.9078125 0.5609375 0.0171875 0.01484375
1 0.96015625 0.07265625 0.01484375 0.0171875
1 0.99453125 0.7453125 0.01015625 0.01484375
1 0.91015625 0.89140625 0.03046875 0.0265625
1 0.9203125 0.76796875 0.03359375 0.03203125
1 0.8796875 0.80625 0.0125 0.01484375
1 0.953125 0.5359375 0.02109375 0.02109375
0 0.93828125 0.76015625 0.0421875 0.04375
1 0.98515625 0.51328125 0.015625 0.04140625