0 0.1640625 0.30703125 0.0390625 0.03671875
0 0.0265625 0.23125 0.0359375 0.04296875
0 0.0515625 0.4546875 0.02578125 0.03046875
0 0.2640625 0.16796875 0.04375 0.0453125
0 0.18671875 0.1421875 0.0453125 0.04375
0 0.16796875 0.2484375 0.0375 0.0328125
0 0.21796875 0.4203125 0.0453125 0.04765625
0 0.71796875 0.30390625 0.03671875 0.03828125
0 0.13515625 0.5203125 0.0390625 0.03984375
0 0.21328125 0.45 0.0453125 0.04296875
0 0.62421875 0.4 0.0375 0.0359375
0 0.02890625 0.34609375 0.0421875 0.05078125
0 0.109375 0.39296875 0.0375 0.046875
0 0.07578125 0.29765625 0.03984375 0.04375
0 0.32578125 0.7921875 0.0375 0.03359375
0 0.45625 0.6171875 0.0421875 0.0390625
0 0.4453125 0.52421875 0.025 0.0234375
0 0.3375 0.4265625 0.03046875 0.03046875
0 0.3671875 0.18828125 0.04140625 0.03984375
0 0.01640625 0.46171875 0.03125 0.04140625
0 0.27734375 0.30078125 0.03515625 0.0359375
0 0.8015625 0.58125 0.03984375 0.040625
0 0.384375 0.66171875 0.046875 0.040625
0 0.29453125 0.634375 0.028125 0.02890625
0 0.2984375 0.228125 0.021875 0.02109375
0 0.16953125 0.39453125 0.03046875 0.0359375
0 0.4203125 0.7 0.04453125 0.04140625
0 0.25390625 0.70234375 0.034375 0.03515625
0 0.37890625 0.55546875 0.03671875 0.0359375
0 0.390625 0.45 0.059375 0.059375
0 0.1265625 0.64609375 0.04765625 0.046875
0 0.18828125 0.17890625 0.0359375 0.03359375
0 0.38125 0.2765625 0.02578125 0.02578125
0 0.2828125 0.50234375 0.05078125 0.05234375
0 0.4609375 0.68203125 0.03828125 0.0359375
0 0.61640625 0.54453125 0.0296875 0.025
0 0.81171875 0.2453125 0.04140625 0.0328125
0 0.43828125 0.090625 0.03828125 0.03671875
0 0.4984375 0.35625 0.040625 0.03984375
0 0.421875 0.74296875 0.02421875 0.02265625
0 0.2421875 0.38203125 0.0453125 0.04453125
0 0.4984375 0.62109375 0.02421875 0.025
0 0.81484375 0.34609375 0.03203125 0.0328125
0 0.75234375 0.5640625 0.06015625 0.05234375
0 0.48359375 0.25078125 0.0640625 0.05703125
0 0.19375 0.70078125 0.034375 0.03359375
0 0.32578125 0.52421875 0.03515625 0.03359375
0 0.6453125 0.70625 0.03046875 0.02890625
0 0.7640625 0.62265625 0.02578125 0.025
0 0.71796875 0.70859375 0.0359375 0.03515625
0 0.465625 0.415625 0.0625 0.0640625
0 0.8390625 0.65703125 0.02421875 0.025
0 0.2734375 0.228125 0.0234375 0.02265625
0 0.378125 0.69765625 0.040625 0.03515625
0 0.63046875 0.634375 0.0453125 0.04296875
0 0.315625 0.1015625 0.04296875 0.04375
0 0.06484375 0.2546875 0.01953125 0.02109375
0 0.203125 0.54765625 0.04921875 0.0484375
0 0.90625 0.47265625 0.01875 0.0203125
0 0.6984375 0.196875 0.046875 0.0390625
0 0.5578125 0.1875 0.046875 0.0390625
0 0.76875 0.22109375 0.0359375 0.03359375
0 0.27890625 0.1171875 0.02578125 0.02734375
0 0.071875 0.54375 0.04921875 0.059375
0 0.5296875 0.5421875 0.0515625 0.05
0 0.559375 0.140625 0.0234375 0.0203125
0 0.6265625 0.49453125 0.0265625 0.0234375
0 0.8203125 0.371875 0.02109375 0.021875
0 0.5140625 0.7453125 0.02578125 0.02421875
0 0.33125 0.35390625 0.0765625 0.07578125
0 0.33359375 0.7296875 0.04765625 0.04140625
0 0.5171875 0.190625 0.0296875 0.02734375
0 0.50859375 0.8171875 0.0703125 0.05625
0 0.478125 0.11328125 0.03828125 0.03984375
0 0.9421875 0.553125 0.0203125 0.02109375
0 0.35234375 0.53984375 0.02890625 0.02890625
0 0.19140625 0.334375 0.0265625 0.0265625
0 0.62421875 0.11484375 0.02265625 0.02109375
0 0.20390625 0.66875 0.05 0.046875
0 0.13203125 0.3640625 0.0328125 0.0328125
0 0.421875 0.190625 0.0234375 0.02265625
0 0.3765625 0.878125 0.03671875 0.03359375
0 0.54375 0.365625 0.053125 0.0484375
0 0.815625 0.21875 0.02421875 0.02109375
0 0.93046875 0.884375 0.03984375 0.03984375
0 0.77890625 0.79765625 0.0421875 0.0359375
0 0.55703125 0.43984375 0.0703125 0.07109375
0 0.296875 0.546875 0.01875 0.01953125
0 0.7296875 0.575 0.0265625 0.0265625
0 0.93125 0.771875 0.04375 0.040625
0 0.38984375 0.8328125 0.05546875 0.04453125
0 0.215625 0.534375 0.01640625 0.01796875
0 0.38671875 0.91484375 0.03359375 0.02734375
0 0.8703125 0.5765625 0.01640625 0.01640625
0 0.6859375 0.75078125 0.05859375 0.0546875
0 0.88046875 0.74453125 0.04921875 0.0390625
0 0.59453125 0.83671875 0.0578125 0.04765625
0 0.74140625 0.79765625 0.0328125 0.03359375