0 0.14140625 0.48046875 0.05078125 0.06484375
0 0.1015625 0.38203125 0.0390625 0.053125
0 0.1078125 0.3109375 0.02734375 0.0375
0 0.18046875 0.26171875 0.06640625 0.1015625
0 0.1859375 0.225 0.03359375 0.03359375
0 0.38359375 0.08046875 0.021875 0.02890625
0 0.41796875 0.0765625 0.03671875 0.04453125
0 0.5796875 0.05859375 0.06015625 0.03125
0 0.11875 0.603125 0.03125 0.0453125
0 0.04453125 0.46484375 0.0234375 0.03125
0 0.28828125 0.20546875 0.0328125 0.02578125
0 0.33359375 0.1734375 0.02109375 0.02734375
0 0.3484375 0.13984375 0.02734375 0.0296875
0 0.27890625 0.14765625 0.02578125 0.0328125
0 0.253125 0.1609375 0.0296875 0.0296875
0 0.21171875 0.48046875 0.05625 0.0546875
0 0.18515625 0.5453125 0.02578125 0.03671875
0 0.540625 0.13046875 0.06015625 0.05703125
1 0.5375 0.13046875 0.015625 0.01328125