0 0.08515625 0.1109375 0.0109375 0.01171875
0 0.1125 0.29453125 0.01796875 0.01953125
0 0.05 0.2359375 0.0171875 0.01953125
0 0.04609375 0.2109375 0.021875 0.02109375
0 0.18828125 0.10625 0.03671875 0.03046875
0 0.08203125 0.196875 0.03125 0.03046875
0 0.24609375 0.0734375 0.0359375 0.02734375
0 0.0375 0.3921875 0.034375 0.0453125
0 0.1265625 0.11796875 0.034375 0.03125
0 0.16328125 0.2640625 0.01484375 0.01484375
0 0.06796875 0.359375 0.021875 0.02578125
0 0.484375 0.0359375 0.03828125 0.02578125
0 0.3140625 0.1390625 0.02734375 0.025
0 0.4234375 0.01640625 0.0390625 0.0265625
0 0.0234375 0.3140625 0.0125 0.01796875
0 0.06015625 0.165625 0.02890625 0.0296875
0 0.2421875 0.1015625 0.02265625 0.01953125
0 0.2953125 0.06015625 0.02734375 0.02109375
0 0.01640625 0.36875 0.01328125 0.0140625
0 0.325 0.0265625 0.0234375 0.01796875
0 0.4484375 0.1171875 0.03125 0.025
0 0.15859375 0.29609375 0.04375 0.04140625
0 0.15859375 0.3390625 0.01875 0.0203125
0 0.153125 0.17734375 0.021875 0.0203125
0 0.18046875 0.05625 0.0125 0.009375
0 0.25390625 0.03671875 0.03125 0.02421875
0 0.3296875 0.05234375 0.03046875 0.02265625
0 0.00625 0.3703125 0.01171875 0.02421875
0 0.11796875 0.334375 0.02734375 0.03125
0 0.04765625 0.32265625 0.0328125 0.040625
0 0.10625 0.359375 0.0203125 0.0203125
0 0.071875 0.24765625 0.015625 0.01640625
0 0.08828125 0.1578125 0.0203125 0.01953125
0 0.284375 0.10703125 0.01953125 0.0171875
0 0.08515625 0.3265625 0.034375 0.0390625
0 0.28671875 0.12734375 0.01796875 0.015625
0 0.2 0.0375 0.0125 0.01015625
0 0.3609375 0.06484375 0.040625 0.0328125
0 0.08515625 0.29375 0.02578125 0.0234375
0 0.28984375 0.0328125 0.01640625 0.0125
0 0.1109375 0.10625 0.0328125 0.028125
0 0.434375 0.134375 0.03984375 0.02890625
0 0.178125 0.03671875 0.01875 0.01328125
0 0.4109375 0.13984375 0.02734375 0.02734375
0 0.740625 0.021875 0.04765625 0.02734375
0 0.5484375 0.09296875 0.0265625 0.01875
0 0.02421875 0.17578125 0.0125 0.01171875
0 0.08515625 0.06640625 0.01796875 0.015625
0 0.528125 0.05234375 0.03515625 0.0265625