0 0.4484375 0.90546875 0.10390625 0.0921875
0 0.50625 0.96015625 0.08203125 0.0625
0 0.353125 0.94453125 0.06171875 0.0609375
0 0.2203125 0.5875 0.06796875 0.07109375
0 0.10625 0.4515625 0.05390625 0.0546875
0 0.05390625 0.17890625 0.0546875 0.05859375
0 0.3890625 0.80703125 0.0484375 0.046875
0 0.42421875 0.73359375 0.0390625 0.0390625
0 0.33359375 0.865625 0.03984375 0.03828125
0 0.25546875 0.90625 0.05390625 0.05390625
0 0.2640625 0.8078125 0.03984375 0.040625
0 0.35703125 0.62578125 0.0515625 0.065625
0 0.21171875 0.63984375 0.040625 0.04140625
0 0.1359375 0.46484375 0.0484375 0.05546875
0 0.05078125 0.60546875 0.0609375 0.06640625
0 0.07265625 0.5640625 0.0375 0.04296875
0 0.12109375 0.63359375 0.06796875 0.075
0 0.090625 0.88125 0.0515625 0.05703125
0 0.15859375 0.29453125 0.03984375 0.0453125
0 0.33359375 0.6453125 0.03359375 0.03359375
0 0.12734375 0.96796875 0.065625 0.05546875
0 0.2015625 0.725 0.075 0.08046875
0 0.134375 0.6875 0.03671875 0.04140625
0 0.2921875 0.53984375 0.04375 0.04921875
0 0.4046875 0.77421875 0.065625 0.06484375
0 0.33515625 0.53203125 0.053125 0.0609375
0 0.2734375 0.74609375 0.03125 0.03359375
0 0.34375 0.81015625 0.0375 0.03515625
0 0.25234375 0.4515625 0.0359375 0.0375
0 0.13125 0.7625 0.034375 0.034375
0 0.146875 0.571875 0.03515625 0.04609375
0 0.0515625 0.03828125 0.05 0.04609375
0 0.12421875 0.5359375 0.028125 0.03125
0 0.25 0.865625 0.03515625 0.03359375
0 0.01796875 0.271875 0.034375 0.0640625
0 0.33359375 0.58125 0.03125 0.03125
0 0.2046875 0.796875 0.03125 0.0328125
0 0.04296875 0.66875 0.02734375 0.0328125
0 0.13828125 0.2484375 0.05234375 0.05078125
0 0.028125 0.48203125 0.02578125 0.0265625
0 0.03515625 0.84921875 0.02421875 0.02734375
0 0.10546875 0.72578125 0.046875 0.0515625
0 0.1015625 0.8 0.02890625 0.03203125
0 0.29765625 0.503125 0.03046875 0.03046875
0 0.178125 0.37890625 0.0390625 0.0484375
0 0.4765625 0.81328125 0.025 0.02578125
0 0.06328125 0.2296875 0.078125 0.06484375
0 0.4 0.67578125 0.02734375 0.03359375
0 0.09140625 0.16875 0.034375 0.0421875
0 0.2703125 0.865625 0.0390625 0.0421875
0 0.2078125 0.34375 0.07578125 0.0984375
0 0.153125 0.915625 0.04453125 0.0484375
0 0.234375 0.5265625 0.0265625 0.025
0 0.4640625 0.82890625 0.0625 0.05625
0 0.315625 0.93046875 0.0234375 0.0234375
0 0.11015625 0.82890625 0.02734375 0.028125
0 0.06640625 0.67734375 0.021875 0.02421875
0 0.3578125 0.85859375 0.03515625 0.03828125
0 0.04296875 0.3671875 0.0421875 0.0609375
0 0.34375 0.97421875 0.05703125 0.04453125
0 0.32421875 0.9078125 0.0265625 0.02734375
0 0.09609375 0.12109375 0.05234375 0.065625
0 0.13125 0.87265625 0.0265625 0.02890625
0 0.0375 0.97421875 0.03046875 0.028125
0 0.19296875 0.965625 0.01953125 0.01953125
0 0.23671875 0.9578125 0.015625 0.01640625
0 0.20859375 0.9109375 0.01484375 0.0171875
0 0.18828125 0.9265625 0.01875 0.01875
0 0.21484375 0.865625 0.01484375 0.01640625
0 0.2796875 0.71796875 0.02109375 0.02265625
0 0.03671875 0.7671875 0.01640625 0.01796875
0 0.0328125 0.78203125 0.0125 0.0140625
0 0.19140625 0.815625 0.01484375 0.01640625
0 0.03203125 0.934375 0.01640625 0.02109375
0 0.04921875 0.91484375 0.015625 0.01953125
0 0.14375 0.88671875 0.0171875 0.0203125
0 0.15859375 0.89921875 0.01796875 0.01953125
0 0.240625 0.8296875 0.01484375 0.0171875
0 0.24296875 0.96875 0.03515625 0.03359375
0 0.3484375 0.765625 0.0140625 0.01484375
0 0.29453125 0.68125 0.01484375 0.01484375
0 0.021875 0.5375 0.01484375 0.015625
0 0.01953125 0.80234375 0.0140625 0.01484375
0 0.14375 0.71953125 0.02578125 0.028125
0 0.01015625 0.70625 0.01796875 0.02578125
0 0.0265625 0.87265625 0.0125 0.015625
0 0.38203125 0.73359375 0.01640625 0.01796875
0 0.00859375 0.85703125 0.01328125 0.01875
0 0.00703125 0.78203125 0.01171875 0.01484375
0 0.0296875 0.9765625 0.01171875 0.015625
0 0.17734375 0.5609375 0.0140625 0.01484375
0 0.02421875 0.559375 0.0140625 0.01640625
0 0.071875 0.42734375 0.0171875 0.01953125
0 0.3 0.97734375 0.021875 0.01875
0 0.040625 0.5046875 0.01328125 0.01484375
0 0.01015625 0.49765625 0.0171875 0.01953125
0 0.10625 0.6921875 0.0140625 0.01484375
0 0.06328125 0.74375 0.0234375 0.0265625
0 0.0125 0.946875 0.0125 0.01640625
0 0.30078125 0.65703125 0.0203125 0.02265625
0 0.08984375 0.378125 0.01953125 0.021875
0 0.35703125 0.7484375 0.01640625 0.0203125
0 0.234375 0.99609375 0.02109375 0.00703125
0 0.04453125 0.3375 0.015625 0.01640625
0 0.2421875 0.43828125 0.0171875 0.01875
0 0.01484375 0.72578125 0.025 0.03828125
0 0.425 0.9703125 0.01875 0.01796875
0 0.1625 0.3265625 0.021875 0.025
0 0.1375 0.3578125 0.01875 0.01953125