0 0.6578125 0.290625 0.0375 0.03828125
0 0.91484375 0.4015625 0.0203125 0.02109375
0 0.28125 0.76640625 0.03203125 0.03203125
0 0.63125 0.8453125 0.02890625 0.028125
0 0.59921875 0.78125 0.021875 0.0203125
0 0.64765625 0.2015625 0.04765625 0.04375
0 0.859375 0.21484375 0.02890625 0.03203125
0 0.60234375 0.38203125 0.01953125 0.0203125
0 0.26796875 0.571875 0.02109375 0.021875
0 0.6859375 0.84765625 0.03515625 0.03125
0 0.809375 0.7328125 0.0203125 0.021875
0 0.9671875 0.2984375 0.01875 0.025
0 0.8671875 0.7796875 0.01796875 0.0203125
0 0.853125 0.3984375 0.01640625 0.01953125
0 0.228125 0.134375 0.02578125 0.025
0 0.8921875 0.20234375 0.03515625 0.0390625
0 0.70234375 0.7421875 0.015625 0.0171875
0 0.853125 0.4578125 0.04765625 0.05234375
0 0.09921875 0.88203125 0.021875 0.021875
0 0.90234375 0.60390625 0.03046875 0.0359375
0 0.77734375 0.259375 0.021875 0.02109375
0 0.87421875 0.7375 0.0140625 0.015625
0 0.38046875 0.184375 0.05078125 0.046875
0 0.06796875 0.5703125 0.0140625 0.0171875
0 0.165625 0.56484375 0.015625 0.01875
0 0.1359375 0.865625 0.02265625 0.02578125
0 0.48046875 0.52421875 0.0234375 0.0234375
0 0.88671875 0.0921875 0.040625 0.040625
0 0.54296875 0.41640625 0.01484375 0.01484375
0 0.48671875 0.6734375 0.0140625 0.01328125
0 0.03828125 0.44921875 0.01328125 0.01640625
0 0.778125 0.8609375 0.01484375 0.015625
0 0.9453125 0.27734375 0.0171875 0.0203125
0 0.525 0.36171875 0.0375 0.0375
0 0.478125 0.46953125 0.03203125 0.034375
0 0.21015625 0.1859375 0.021875 0.021875
0 0.0640625 0.68125 0.02890625 0.02890625
0 0.09140625 0.2109375 0.01875 0.0203125
0 0.5171875 0.0921875 0.01953125 0.01640625
0 0.80078125 0.29765625 0.04375 0.03515625
0 0.78515625 0.78984375 0.01484375 0.01484375
0 0.940625 0.53515625 0.01640625 0.01953125
0 0.903125 0.6671875 0.01640625 0.01796875
0 0.41796875 0.88828125 0.0125 0.0125
0 0.13359375 0.11953125 0.021875 0.021875
0 0.7453125 0.91953125 0.0203125 0.0171875
0 0.846875 0.31953125 0.0140625 0.015625
0 0.1515625 0.1859375 0.021875 0.021875
0 0.76171875 0.4140625 0.02265625 0.01875
0 0.1640625 0.8015625 0.0484375 0.0484375
0 0.0421875 0.25625 0.01640625 0.0203125
0 0.61875 0.91796875 0.0234375 0.021875
0 0.72578125 0.84296875 0.0125 0.0125
0 0.71796875 0.91484375 0.0140625 0.01328125
0 0.1609375 0.6453125 0.015625 0.01640625
0 0.7625 0.8109375 0.01328125 0.01328125
0 0.19453125 0.32890625 0.01328125 0.0140625
0 0.98515625 0.3578125 0.01953125 0.0234375
0 0.45234375 0.35390625 0.01171875 0.01328125
0 0.32421875 0.684375 0.0203125 0.02109375
0 0.234375 0.9234375 0.0140625 0.01328125
0 0.478125 0.8796875 0.01640625 0.01640625
0 0.93828125 0.62578125 0.01640625 0.01875
0 0.6796875 0.7875 0.0171875 0.01484375
0 0.21953125 0.33515625 0.0125 0.0140625
0 0.94140625 0.49140625 0.01640625 0.01796875
0 0.9734375 0.234375 0.0328125 0.04375
0 0.7265625 0.65390625 0.01171875 0.0125
0 0.540625 0.12734375 0.015625 0.01484375
0 0.8796875 0.86953125 0.01328125 0.01328125
0 0.5125 0.92109375 0.0171875 0.0140625
0 0.478125 0.04609375 0.01953125 0.015625
0 0.63671875 0.6984375 0.0109375 0.0109375
0 0.4 0.5359375 0.0484375 0.04921875
0 0.85078125 0.14921875 0.015625 0.01640625
0 0.66875 0.12109375 0.01484375 0.0140625
0 0.36953125 0.77265625 0.02421875 0.021875
0 0.36328125 0.56171875 0.01015625 0.0109375
0 0.7140625 0.9640625 0.02578125 0.02109375
0 0.84453125 0.69453125 0.0109375 0.0125
0 0.765625 0.75859375 0.01171875 0.01328125
0 0.0328125 0.484375 0.01015625 0.01171875
0 0.85 0.784375 0.0109375 0.0109375
0 0.821875 0.4375 0.01015625 0.01171875
0 0.93046875 0.65390625 0.0109375 0.01171875