0 0.8734375 0.496875 0.0390625 0.0484375
0 0.80078125 0.2609375 0.0234375 0.021875
0 0.796875 0.23828125 0.02578125 0.015625
0 0.7671875 0.25234375 0.0171875 0.02109375
0 0.7328125 0.1921875 0.0171875 0.021875
0 0.7671875 0.2171875 0.0234375 0.025
0 0.72890625 0.15 0.02890625 0.03125
0 0.76484375 0.15625 0.02734375 0.04453125
0 0.62109375 0.12421875 0.04140625 0.0453125
1 0.6234375 0.12578125 0.015625 0.0171875
0 0.59609375 0.2046875 0.0390625 0.03515625
0 0.853125 0.30703125 0.02734375 0.0390625
0 0.8625 0.3734375 0.01171875 0.02109375
0 0.8734375 0.38984375 0.01328125 0.021875
0 0.896875 0.3578125 0.02578125 0.04296875
0 0.91328125 0.47421875 0.021875 0.03359375
0 0.9046875 0.496875 0.01796875 0.0375
0 0.92734375 0.53984375 0.0234375 0.05625
0 0.9078125 0.528125 0.01171875 0.02734375
0 0.7359375 0.26953125 0.021875 0.02578125
0 0.75625 0.3015625 0.0171875 0.025
0 0.7859375 0.3234375 0.01953125 0.0296875
0 0.77109375 0.33984375 0.015625 0.03125
0 0.696875 0.1484375 0.01953125 0.03125
0 0.8109375 0.33984375 0.0234375 0.02578125
0 0.8140625 0.31484375 0.02734375 0.02578125