0 0.08203125 0.41015625 0.01171875 0.01640625
0 0.11328125 0.415625 0.015625 0.01875
0 0.0484375 0.3140625 0.009375 0.015625
0 0.0671875 0.33359375 0.0125 0.02109375
0 0.09140625 0.3640625 0.01171875 0.0171875
0 0.17265625 0.1796875 0.0203125 0.0234375
0 0.1296875 0.28515625 0.01484375 0.01796875
0 0.06640625 0.30546875 0.01171875 0.015625
0 0.2265625 0.8234375 0.0140625 0.015625
0 0.165625 0.571875 0.015625 0.0171875
0 0.06328125 0.4078125 0.015625 0.025
0 0.1625 0.2984375 0.028125 0.03203125
0 0.08671875 0.34375 0.01953125 0.025
0 0.184375 0.53828125 0.028125 0.03203125
0 0.2203125 0.815625 0.01328125 0.01484375
0 0.171875 0.3390625 0.01484375 0.02265625
0 0.1234375 0.2171875 0.0234375 0.0265625
0 0.15390625 0.365625 0.01640625 0.021875
0 0.1171875 0.178125 0.01953125 0.0234375
0 0.13984375 0.24765625 0.0265625 0.028125
0 0.2078125 0.1171875 0.0109375 0.0140625
0 0.2328125 0.7921875 0.01328125 0.01484375
0 0.3765625 0.95 0.01328125 0.0109375
0 0.08203125 0.46015625 0.01171875 0.01796875
0 0.2796875 0.87890625 0.009375 0.009375
0 0.18671875 0.19375 0.0109375 0.01171875
0 0.33671875 0.928125 0.01171875 0.009375
0 0.146875 0.32265625 0.02421875 0.025
0 0.19921875 0.1 0.01171875 0.01171875
0 0.1734375 0.58984375 0.025 0.02890625
0 0.290625 0.8640625 0.01171875 0.0171875
0 0.3796875 0.96953125 0.01171875 0.009375
0 0.21796875 0.840625 0.0078125 0.009375
0 0.078125 0.265625 0.01640625 0.02578125
0 0.10390625 0.23984375 0.01640625 0.0171875
0 0.209375 0.5765625 0.01953125 0.0203125
0 0.2546875 0.88203125 0.0125 0.0109375
0 0.0984375 0.49453125 0.01640625 0.02265625
0 0.13984375 0.20703125 0.025 0.02890625
0 0.34921875 0.978125 0.01015625 0.009375
0 0.096875 0.4828125 0.0171875 0.02421875
0 0.078125 0.29296875 0.025 0.0359375
0 0.146875 0.434375 0.0390625 0.05390625
0 0.065625 0.2546875 0.01328125 0.0203125
0 0.10859375 0.484375 0.028125 0.03671875
0 0.11953125 0.43359375 0.02578125 0.034375
0 0.09453125 0.22265625 0.01484375 0.0203125
0 0.221875 0.8296875 0.01328125 0.01328125
0 0.11796875 0.24140625 0.0109375 0.01171875
0 0.38046875 0.98671875 0.0125 0.01015625
0 0.05546875 0.44140625 0.01953125 0.0265625
0 0.1578125 0.13046875 0.025 0.025
0 0.1328125 0.1640625 0.01796875 0.01875
1 0.20859375 0.7296875 0.02265625 0.0296875
1 0.06796875 0.40546875 0.01796875 0.0234375
0 0.2 0.68984375 0.0125 0.0125
0 0.2453125 0.75078125 0.015625 0.01796875
1 0.1703125 0.690625 0.015625 0.0203125
1 0.0515625 0.540625 0.0203125 0.03046875
1 0.30390625 0.959375 0.0109375 0.01015625
1 0.20078125 0.86171875 0.01015625 0.0109375
1 0.1390625 0.834375 0.009375 0.0125
0 0.1734375 0.6828125 0.01484375 0.01875
1 0.203125 0.6390625 0.021875 0.021875
1 0.18203125 0.86015625 0.0078125 0.0109375
1 0.146875 0.33828125 0.0328125 0.0359375
0 0.2109375 0.76640625 0.01484375 0.015625
1 0.14296875 0.82734375 0.0375 0.04140625
1 0.32109375 0.9671875 0.01640625 0.01328125
1 0.27890625 0.84296875 0.01875 0.021875
1 0.0453125 0.52421875 0.01328125 0.01953125
0 0.25625 0.89453125 0.01015625 0.009375
1 0.253125 0.83671875 0.021875 0.0328125
0 0.12109375 0.6828125 0.01796875 0.025
1 0.20234375 0.61796875 0.01640625 0.0171875
1 0.26796875 0.925 0.01015625 0.009375
0 0.03828125 0.359375 0.00859375 0.0140625
1 0.36171875 0.9828125 0.01484375 0.0140625
1 0.375 0.96875 0.01171875 0.01015625
0 0.29765625 0.93515625 0.0109375 0.009375
1 0.09609375 0.68671875 0.00625 0.00859375
1 0.27265625 0.865625 0.015625 0.01953125
1 0.2515625 0.80390625 0.03671875 0.03515625
1 0.22578125 0.9109375 0.0125 0.015625
0 0.08046875 0.7640625 0.00625 0.00859375
1 0.109375 0.43515625 0.01875 0.03203125