0 0.36953125 0.22109375 0.01953125 0.01875
0 0.434375 0.01171875 0.0234375 0.01953125
0 0.190625 0.15625 0.0140625 0.01328125
0 0.36171875 0.30078125 0.01953125 0.01953125
0 0.3875 0.25625 0.0203125 0.01953125
0 0.32890625 0.06953125 0.01953125 0.01875
0 0.89765625 0.54375 0.02734375 0.025
0 0.73828125 0.29921875 0.02109375 0.021875
0 0.51875 0.25 0.05390625 0.05234375
0 0.4984375 0.15703125 0.01875 0.01640625
0 0.8453125 0.33671875 0.02265625 0.02421875
0 0.7578125 0.47890625 0.01875 0.01875
0 0.9515625 0.2703125 0.02578125 0.028125
0 0.265625 0.12109375 0.01484375 0.0140625
0 0.26640625 0.13828125 0.02578125 0.025
0 0.22890625 0.31953125 0.01640625 0.01640625
0 0.6359375 0.21171875 0.0203125 0.01875
0 0.903125 0.2640625 0.02734375 0.028125
0 0.79296875 0.64375 0.0203125 0.0171875
0 0.27109375 0.06875 0.025 0.02265625
0 0.77265625 0.28359375 0.0203125 0.0203125
0 0.79921875 0.27265625 0.0375 0.03515625
0 0.09453125 0.33984375 0.0328125 0.03984375
0 0.70390625 0.2703125 0.0328125 0.03046875
0 0.4375 0.21328125 0.025 0.02421875
0 0.978125 0.6703125 0.03046875 0.03125
0 0.4015625 0.18203125 0.0140625 0.01328125
0 0.29609375 0.08828125 0.02734375 0.02578125
0 0.1734375 0.32890625 0.01953125 0.021875
0 0.1625 0.10390625 0.01875 0.01640625
0 0.54765625 0.071875 0.028125 0.021875
0 0.89609375 0.8453125 0.090625 0.084375
0 0.4953125 0.02890625 0.04375 0.03359375
0 0.709375 0.025 0.0203125 0.0171875
0 0.9546875 0.61015625 0.02734375 0.02421875
0 0.73046875 0.15234375 0.0171875 0.015625
0 0.9015625 0.4453125 0.034375 0.03671875
0 0.109375 0.12265625 0.0234375 0.02421875
0 0.51015625 0.07109375 0.02109375 0.0171875
0 0.88125 0.51171875 0.03984375 0.0421875
0 0.48984375 0.28828125 0.01328125 0.0140625
0 0.17578125 0.23984375 0.02890625 0.0328125
0 0.24921875 0.15546875 0.03828125 0.03671875
0 0.2671875 0.3375 0.03046875 0.0296875
0 0.96640625 0.234375 0.02578125 0.02890625
0 0.36953125 0.32578125 0.0140625 0.01484375
0 0.43671875 0.17421875 0.034375 0.0328125
0 0.2140625 0.1671875 0.0125 0.01171875
0 0.9390625 0.471875 0.01171875 0.0125
0 0.59375 0.08671875 0.0140625 0.01171875
0 0.46484375 0.2359375 0.046875 0.04375
0 0.96796875 0.4234375 0.04453125 0.0515625
0 0.8828125 0.71171875 0.05234375 0.046875
0 0.7921875 0.56796875 0.021875 0.02421875
0 0.89375 0.36640625 0.0375 0.0421875
0 0.32578125 0.1875 0.05078125 0.0484375
0 0.90546875 0.96171875 0.0515625 0.04453125
0 0.96796875 0.6875 0.05234375 0.0546875
0 0.54140625 0.325 0.0609375 0.06484375
0 0.6734375 0.3765625 0.08125 0.0828125
0 0.83125 0.934375 0.01328125 0.01171875
0 0.22734375 0.01484375 0.0484375 0.02890625
0 0.48046875 0.5015625 0.015625 0.02109375
0 0.10703125 0.290625 0.05703125 0.059375
0 0.1578125 0.06640625 0.0234375 0.02109375
0 0.653125 0.5265625 0.0421875 0.0421875
0 0.9703125 0.3453125 0.0453125 0.05390625
0 0.12421875 0.0578125 0.03515625 0.0296875
0 0.13828125 0.4625 0.05078125 0.05625
0 0.14765625 0.01328125 0.03125 0.02421875
0 0.29921875 0.03125 0.04375 0.0328125
0 0.68125 0.95078125 0.021875 0.01875
0 0.65 0.93984375 0.0203125 0.01796875
0 0.9796875 0.46796875 0.040625 0.0578125
0 0.62578125 0.3171875 0.0625 0.07265625
0 0.2984375 0.3265625 0.01953125 0.0265625
0 0.73125 0.96796875 0.0328125 0.0265625
0 0.6765625 0.7984375 0.09140625 0.07109375
0 0.765625 0.80546875 0.0703125 0.06484375
0 0.49375 0.93671875 0.0546875 0.0515625
1 0.32109375 0.4890625 0.028125 0.05
0 0.68828125 0.09296875 0.03515625 0.0296875
0 0.878125 0.02890625 0.0390625 0.02890625
0 0.6453125 0.146875 0.0453125 0.040625
0 0.653125 0.10234375 0.06015625 0.05078125
0 0.6546875 0.06875 0.04921875 0.0390625
0 0.1875 0.4140625 0.11640625 0.109375
1 0.35546875 0.415625 0.03984375 0.0328125