0 0.2125 0.07265625 0.01328125 0.01171875
0 0.1796875 0.1109375 0.01484375 0.0140625
1 0.17734375 0.15703125 0.021875 0.01953125
0 0.203125 0.1203125 0.01640625 0.01484375
0 0.13125 0.18671875 0.01171875 0.01171875
0 0.1796875 0.084375 0.0140625 0.01171875
1 0.134375 0.19921875 0.02109375 0.02265625
0 0.07109375 0.2875 0.01875 0.01953125
0 0.09296875 0.22890625 0.01484375 0.015625
0 0.2953125 0.05625 0.01796875 0.01484375
0 0.1 0.259375 0.0171875 0.0203125
0 0.02734375 0.321875 0.01484375 0.01875
0 0.3375 0.021875 0.01328125 0.01328125
0 0.0171875 0.19921875 0.01015625 0.0125
1 0.1125 0.2703125 0.0203125 0.021875
0 0.31484375 0.05625 0.02265625 0.01875
0 0.01640625 0.27265625 0.0171875 0.021875
0 0.08359375 0.13359375 0.00859375 0.0109375
1 0.1640625 0.22109375 0.015625 0.0140625
0 0.19375 0.05390625 0.0140625 0.0125
0 0.3125 0.03203125 0.01875 0.0140625
0 0.10078125 0.1734375 0.00703125 0.00703125
1 0.2265625 0.09765625 0.02265625 0.01796875
1 0.06875 0.32109375 0.0140625 0.0171875
1 0.0375 0.1984375 0.01875 0.01875
0 0.2359375 0.03984375 0.01796875 0.015625
1 0.215625 0.16875 0.0265625 0.0328125
0 0.38828125 0.04765625 0.0109375 0.0109375
0 0.184375 0.20390625 0.01484375 0.01640625
1 0.153125 0.2390625 0.0171875 0.01875
1 0.01484375 0.3890625 0.025 0.0359375
0 0.04609375 0.32890625 0.0265625 0.02890625
0 0.36328125 0.03125 0.025 0.02421875
0 0.2953125 0.00703125 0.01640625 0.01015625
1 0.10234375 0.1203125 0.0171875 0.01640625
0 0.27421875 0.12578125 0.11953125 0.08671875
0 0.0375 0.3640625 0.0703125 0.1234375