0 0.17890625 0.303125 0.05625 0.0609375
0 0.2484375 0.31640625 0.0625 0.0703125
0 0.4890625 0.34296875 0.1078125 0.10546875
0 0.57265625 0.28671875 0.046875 0.0546875
1 0.571875 0.2875 0.02109375 0.02578125
0 0.27734375 0.1984375 0.05703125 0.05625
1 0.27265625 0.19375 0.009375 0.0140625
0 0.17890625 0.24140625 0.025 0.025
0 0.30546875 0.25703125 0.03515625 0.025
0 0.2765625 0.271875 0.025 0.015625
0 0.23515625 0.2640625 0.0171875 0.0234375
0 0.4375 0.1796875 0.03359375 0.03359375
0 0.3828125 0.19375 0.03671875 0.03515625
1 0.43828125 0.17734375 0.01171875 0.01015625
0 0.7171875 0.35390625 0.02578125 0.03125
0 0.10625 0.3234375 0.021875 0.0296875
0 0.1234375 0.315625 0.015625 0.025
0 0.6453125 0.2484375 0.0375 0.0375