0 0.128125 0.73046875 0.02734375 0.03359375
0 0.28515625 0.77890625 0.03671875 0.03359375
0 0.31796875 0.8453125 0.04453125 0.0453125
0 0.37109375 0.83125 0.04453125 0.0453125
0 0.403125 0.8390625 0.025 0.025
0 0.43515625 0.853125 0.04140625 0.03125
0 0.4828125 0.8859375 0.03359375 0.02734375
0 0.5984375 0.834375 0.0328125 0.025
0 0.53125 0.81328125 0.03671875 0.02734375
0 0.72265625 0.83828125 0.01796875 0.02578125
0 0.63125 0.9109375 0.03515625 0.02734375
0 0.54296875 0.9359375 0.01796875 0.0140625
0 0.5703125 0.909375 0.02578125 0.01953125
0 0.83828125 0.7796875 0.06484375 0.06875
0 0.70859375 0.89765625 0.03671875 0.0296875
0 0.51328125 0.8609375 0.02109375 0.0171875
0 0.7484375 0.79921875 0.01953125 0.01796875
0 0.88046875 0.75234375 0.03359375 0.0390625
0 0.93203125 0.7171875 0.03125 0.05234375
0 0.4390625 0.790625 0.11484375 0.09609375
0 0.57734375 0.9421875 0.02734375 0.01953125
0 0.57734375 0.925 0.021875 0.0140625
0 0.6484375 0.83046875 0.02578125 0.02109375
0 0.978125 0.7 0.03359375 0.05078125
0 0.08046875 0.7640625 0.03671875 0.03359375
0 0.0875 0.73515625 0.03125 0.021875
0 0.5875 0.87890625 0.025 0.01796875