0 0.2453125 0.653125 0.0171875 0.0171875
0 0.31953125 0.5984375 0.0125 0.01328125
0 0.01796875 0.61015625 0.01484375 0.01796875
0 0.49765625 0.6859375 0.06875 0.07578125
0 0.11875 0.56953125 0.01796875 0.01875
0 0.3234375 0.19765625 0.02109375 0.02265625
0 0.35625 0.59296875 0.01484375 0.01328125
0 0.2875 0.5171875 0.0140625 0.01484375
0 0.3109375 0.2984375 0.0203125 0.02109375
0 0.21640625 0.3765625 0.02109375 0.0234375
0 0.38359375 0.85625 0.0765625 0.06953125
0 0.70390625 0.5828125 0.13125 0.1203125
0 0.32421875 0.13671875 0.03046875 0.03203125
0 0.25234375 0.134375 0.01875 0.01796875
0 0.33125 0.5203125 0.01171875 0.0125
0 0.08671875 0.11953125 0.034375 0.0359375
0 0.0625 0.48828125 0.02109375 0.0234375
0 0.14296875 0.66640625 0.01875 0.0203125
0 0.08203125 0.93359375 0.04765625 0.04765625
0 0.296875 0.4578125 0.0171875 0.01796875
0 0.309375 0.24921875 0.0234375 0.02578125
0 0.32578125 0.2828125 0.015625 0.01640625
0 0.7234375 0.67265625 0.0765625 0.07734375
0 0.7703125 0.496875 0.09453125 0.08984375
0 0.3 0.5625 0.01328125 0.01484375
0 0.0171875 0.17890625 0.0171875 0.01875
0 0.26640625 0.11171875 0.03046875 0.03203125
0 0.1984375 0.22265625 0.02109375 0.0234375
0 0.5265625 0.48984375 0.053125 0.05390625
0 0.6125 0.76015625 0.084375 0.078125
0 0.4109375 0.98203125 0.0203125 0.02109375
0 0.0390625 0.49453125 0.0140625 0.01640625
0 0.2875 0.57578125 0.01953125 0.01953125
0 0.465625 0.45234375 0.01640625 0.01796875
0 0.0640625 0.68046875 0.0171875 0.01875
0 0.1703125 0.88359375 0.04140625 0.04296875
0 0.03828125 0.153125 0.0328125 0.03359375
0 0.01328125 0.459375 0.0171875 0.0203125
0 0.23203125 0.1796875 0.03359375 0.0359375
0 0.35 0.621875 0.0140625 0.01484375
0 0.67890625 0.40546875 0.1015625 0.10703125
0 0.2140625 0.746875 0.04921875 0.04453125
0 0.265625 0.028125 0.02578125 0.0265625
0 0.49453125 0.74453125 0.07578125 0.06953125
0 0.8015625 0.05234375 0.10078125 0.09921875
0 0.390625 0.4390625 0.015625 0.015625
0 0.096875 0.34296875 0.0375 0.03828125
0 0.0953125 0.465625 0.02265625 0.0234375
0 0.240625 0.84375 0.01953125 0.021875
0 0.43671875 0.1140625 0.02109375 0.021875
0 0.1984375 0.0859375 0.0265625 0.0265625
0 0.04921875 0.4234375 0.015625 0.01796875
0 0.71015625 0.7375 0.0890625 0.08515625
0 0.1046875 0.29765625 0.02265625 0.021875
0 0.51640625 0.0421875 0.025 0.025
0 0.70390625 0.0984375 0.0453125 0.04453125
0 0.77109375 0.37265625 0.0640625 0.06875
1 0.01875 0.7484375 0.0328125 0.04140625
0 0.14921875 0.18203125 0.01796875 0.02109375
0 0.02109375 0.49375 0.01640625 0.01953125
0 0.18203125 0.00859375 0.025 0.015625
1 0.24921875 0.425 0.04296875 0.0390625
0 0.39921875 0.79140625 0.10859375 0.0796875
0 0.17578125 0.56875 0.06875 0.06953125
0 0.04453125 0.55859375 0.028125 0.0328125
0 0.44609375 0.2671875 0.02421875 0.02734375
0 0.475 0.10078125 0.0234375 0.021875
0 0.28515625 0.6609375 0.0203125 0.01953125
0 0.48828125 0.31875 0.0390625 0.05078125
0 0.321875 0.73125 0.01796875 0.01875
0 0.4828125 0.18984375 0.071875 0.084375
0 0.35625 0.13828125 0.03515625 0.03359375
0 0.6140625 0.52421875 0.02265625 0.02265625
0 0.625 0.6734375 0.04765625 0.05078125
0 0.3546875 0.203125 0.01640625 0.01953125
0 0.7453125 0.3296875 0.05078125 0.05546875
0 0.1265625 0.69609375 0.0265625 0.025
0 0.35 0.55234375 0.0234375 0.025
0 0.57734375 0.55 0.0359375 0.03828125
0 0.40546875 0.67265625 0.0265625 0.0265625
0 0.5859375 0.86875 0.0609375 0.06015625
0 0.53203125 0.809375 0.040625 0.0390625
0 0.5515625 0.24609375 0.02421875 0.0265625
0 0.590625 0.496875 0.025 0.02578125
1 0.19921875 0.47421875 0.0421875 0.06875
0 0.059375 0.35234375 0.0375 0.0375
0 0.61484375 0.134375 0.07890625 0.0921875
0 0.64140625 0.20859375 0.0328125 0.03359375
0 0.02265625 0.64453125 0.0140625 0.01796875
0 0.59296875 0.42734375 0.03828125 0.03359375
0 0.51328125 0.890625 0.059375 0.05859375
0 0.44765625 0.95546875 0.028125 0.02578125
0 0.56875 0.95390625 0.028125 0.02578125
0 0.03671875 0.25546875 0.06171875 0.06875
0 0.36953125 0.4859375 0.0265625 0.03046875
0 0.15078125 0.9359375 0.0390625 0.0375
0 0.14140625 0.41640625 0.025 0.02265625
0 0.85078125 0.1328125 0.04765625 0.0359375
0 0.52734375 0.3578125 0.053125 0.05234375
1 0.03984375 0.94765625 0.028125 0.03125
0 0.71796875 0.12734375 0.02421875 0.02578125
0 0.2203125 0.97734375 0.03984375 0.03359375
0 0.3328125 0.39453125 0.05078125 0.0515625
0 0.4859375 0.57734375 0.0375 0.040625
0 0.55703125 0.109375 0.03671875 0.0484375
0 0.55546875 0.0328125 0.04296875 0.03984375
0 0.553125 0.159375 0.04140625 0.0421875
0 0.51640625 0.31875 0.0421875 0.04375
0 0.6265625 0.26796875 0.03671875 0.0359375
0 0.5375 0.64140625 0.028125 0.02890625
0 0.290625 0.696875 0.02578125 0.0265625
0 0.2265625 0.7625 0.0578125 0.05859375
0 0.7265625 0.2984375 0.03125 0.03671875
0 0.29140625 0.83125 0.04140625 0.046875
0 0.66484375 0.15078125 0.10859375 0.11015625
0 0.04296875 0.77421875 0.06484375 0.0921875
0 0.64921875 0.66484375 0.034375 0.034375
0 0.65078125 0.009375 0.0390625 0.0171875
0 0.0171875 0.81875 0.03203125 0.06484375
0 0.2515625 0.975 0.046875 0.0390625
0 0.16015625 0.58125 0.0296875 0.02890625
0 0.703125 0.021875 0.04765625 0.0390625
0 0.9234375 0.15546875 0.02421875 0.02734375
0 0.35078125 0.98125 0.04765625 0.03515625
1 0.1890625 0.11640625 0.02578125 0.04296875
1 0.19765625 0.121875 0.0328125 0.0453125
1 0.446875 0.178125 0.06171875 0.0796875
1 0.40390625 0.3203125 0.065625 0.07265625