0 0.896875 0.475 0.009375 0.01015625
0 0.68984375 0.2375 0.0125 0.0125
0 0.91328125 0.396875 0.00859375 0.009375
0 0.940625 0.70546875 0.01328125 0.01484375
0 0.65234375 0.18671875 0.01328125 0.01328125
0 0.771875 0.371875 0.01796875 0.01875
0 0.8171875 0.43515625 0.015625 0.01640625
0 0.953125 0.5296875 0.0140625 0.01640625
0 0.79296875 0.3421875 0.01015625 0.01171875
0 0.9015625 0.4953125 0.0125 0.01328125
0 0.9359375 0.5640625 0.0109375 0.01171875
0 0.86796875 0.434375 0.015625 0.01640625
0 0.940625 0.05390625 0.01171875 0.01171875
0 0.73515625 0.0546875 0.0203125 0.01640625
0 0.9859375 0.46796875 0.01328125 0.015625
0 0.97109375 0.415625 0.01796875 0.021875
0 0.75625 0.12109375 0.015625 0.01484375
0 0.77734375 0.22734375 0.0109375 0.01171875
0 0.9171875 0.4171875 0.00859375 0.009375
0 0.928125 0.69140625 0.0140625 0.0171875
0 0.946875 0.646875 0.0234375 0.028125
0 0.971875 0.45078125 0.01015625 0.0140625
0 0.90625 0.64609375 0.0109375 0.01171875
0 0.62578125 0.075 0.01953125 0.015625
1 0.965625 0.6109375 0.01953125 0.0296875
0 0.75234375 0.38984375 0.028125 0.0296875
0 0.77734375 0.40390625 0.02109375 0.0234375
0 0.85859375 0.584375 0.02734375 0.03046875
0 0.5515625 0.10546875 0.01171875 0.01171875
1 0.9671875 0.534375 0.0203125 0.02265625
0 0.9734375 0.71328125 0.02109375 0.02578125
0 0.9421875 0.534375 0.0125 0.01484375
0 0.86171875 0.4875 0.0140625 0.0203125
0 0.87421875 0.6453125 0.02734375 0.0296875
0 0.66875 0.02734375 0.0140625 0.009375
1 0.9421875 0.42734375 0.015625 0.01953125
1 0.86953125 0.51484375 0.0171875 0.01953125
0 0.828125 0.05859375 0.01796875 0.015625
1 0.6421875 0.12265625 0.0125 0.01015625
0 0.78515625 0.28515625 0.059375 0.059375
0 0.89609375 0.22109375 0.03515625 0.03984375
1 0.7203125 0.19453125 0.0171875 0.028125
1 0.6671875 0.17734375 0.0421875 0.03671875
1 0.72265625 0.20546875 0.0515625 0.04375
1 0.678125 0.16328125 0.01875 0.0171875
1 0.96484375 0.165625 0.0140625 0.0171875
1 0.6859375 0.2875 0.01484375 0.01640625
1 0.98125 0.14765625 0.01328125 0.015625
1 0.953125 0.196875 0.02578125 0.03515625
1 0.8578125 0.2125 0.009375 0.01015625
0 0.9859375 0.86796875 0.028125 0.0359375
0 0.9828125 0.8890625 0.02421875 0.028125
0 0.9484375 0.91484375 0.02421875 0.0265625
0 0.95625 0.7984375 0.028125 0.03203125
0 0.99609375 0.73828125 0.00703125 0.02734375
0 0.875 0.51953125 0.01953125 0.0265625
0 0.996875 0.621875 0.00625 0.02265625