0 0.49453125 0.584375 0.03984375 0.0375
0 0.309375 0.5296875 0.04453125 0.0453125
0 0.5359375 0.5109375 0.05546875 0.05
0 0.165625 0.621875 0.0171875 0.01796875
0 0.47734375 0.71875 0.01796875 0.01640625
0 0.62421875 0.65859375 0.04765625 0.04296875
0 0.7125 0.67265625 0.0390625 0.0328125
0 0.94609375 0.584375 0.03515625 0.04140625
0 0.659375 0.5765625 0.0375 0.0390625
0 0.253125 0.59921875 0.02265625 0.0234375
0 0.33984375 0.41953125 0.0484375 0.046875
0 0.16953125 0.43984375 0.01796875 0.0171875
0 0.39453125 0.21640625 0.0296875 0.0296875
0 0.8375 0.6 0.0671875 0.0734375
0 0.87109375 0.46171875 0.04921875 0.0484375
0 0.2734375 0.45546875 0.03671875 0.03828125
0 0.2703125 0.615625 0.021875 0.021875
0 0.421875 0.615625 0.015625 0.01484375
0 0.2078125 0.6515625 0.0234375 0.02265625
0 0.4359375 0.43671875 0.05 0.04609375
0 0.3796875 0.74140625 0.01953125 0.01796875
0 0.3375 0.28515625 0.04296875 0.03828125
0 0.20390625 0.3296875 0.03203125 0.03046875
0 0.10625 0.553125 0.02421875 0.02265625
0 0.2765625 0.1796875 0.0390625 0.03359375
0 0.10390625 0.63203125 0.02421875 0.02578125
0 0.98125 0.55 0.0375 0.05390625
0 0.690625 0.3703125 0.04296875 0.0390625
0 0.46953125 0.51640625 0.02578125 0.02890625
0 0.88671875 0.51640625 0.01953125 0.0203125
0 0.9640625 0.36328125 0.03359375 0.046875
0 0.43125 0.52890625 0.03671875 0.034375
0 0.621875 0.2921875 0.03359375 0.03203125
0 0.17265625 0.278125 0.0359375 0.03671875
0 0.1546875 0.575 0.03125 0.034375
0 0.746875 0.1390625 0.053125 0.04375
0 0.5125 0.48515625 0.02890625 0.02890625
0 0.46171875 0.3109375 0.01640625 0.0140625
0 0.13125 0.26171875 0.0421875 0.05390625
0 0.7078125 0.0890625 0.02734375 0.02265625
0 0.328125 0.71015625 0.0359375 0.03515625
0 0.35625 0.59453125 0.0296875 0.0375
0 0.4671875 0.35390625 0.0328125 0.0296875
0 0.6109375 0.753125 0.02265625 0.0203125
0 0.31015625 0.3421875 0.02421875 0.021875
0 0.37734375 0.4125 0.021875 0.021875
0 0.3453125 0.7875 0.034375 0.0296875
0 0.8109375 0.71015625 0.0234375 0.02421875
0 0.64296875 0.7765625 0.0328125 0.03046875
0 0.6484375 0.47265625 0.03671875 0.034375
0 0.38203125 0.66875 0.0265625 0.0265625
0 0.2390625 0.3703125 0.0234375 0.02265625
0 0.296875 0.67265625 0.04453125 0.04296875
0 0.08203125 0.43828125 0.09609375 0.11328125
0 0.4390625 0.58046875 0.02578125 0.02578125
0 0.3421875 0.14921875 0.078125 0.0671875
0 0.3578125 0.5609375 0.02421875 0.0203125
0 0.59296875 0.70546875 0.02734375 0.02109375
0 0.809375 0.34140625 0.03828125 0.03515625
0 0.5953125 0.08984375 0.06640625 0.03984375
0 0.83125 0.4609375 0.021875 0.021875
0 0.9125 0.2265625 0.03515625 0.0375
0 0.771875 0.62578125 0.0375 0.034375
0 0.94375 0.48828125 0.059375 0.05546875
0 0.28125 0.4109375 0.02734375 0.02578125
0 0.8859375 0.6828125 0.028125 0.0265625
0 0.67734375 0.5359375 0.03828125 0.03515625
0 0.753125 0.3109375 0.021875 0.021875
0 0.865625 0.5734375 0.0265625 0.02734375
0 0.6078125 0.7796875 0.04375 0.0375
0 0.234375 0.684375 0.03828125 0.03671875
0 0.77734375 0.57734375 0.025 0.0234375
0 0.42734375 0.10625 0.025 0.0203125
0 0.21484375 0.215625 0.0921875 0.09140625
0 0.80859375 0.675 0.02734375 0.02421875
0 0.72578125 0.6984375 0.02265625 0.02109375
0 0.9234375 0.296875 0.03203125 0.03515625
0 0.38125 0.78984375 0.03046875 0.02734375
0 0.57109375 0.3359375 0.03046875 0.0265625
0 0.421875 0.6515625 0.04375 0.03984375
0 0.3375 0.65703125 0.03203125 0.0296875
0 0.7296875 0.634375 0.034375 0.03203125
0 0.21015625 0.71796875 0.0421875 0.03984375
0 0.440625 0.40625 0.0296875 0.02734375
0 0.81953125 0.246875 0.03046875 0.028125
0 0.56953125 0.02734375 0.0484375 0.03203125
0 0.1921875 0.20859375 0.028125 0.028125
0 0.4171875 0.05234375 0.03984375 0.025
0 0.678125 0.7203125 0.02421875 0.02109375
0 0.27578125 0.38203125 0.04765625 0.0421875
0 0.61953125 0.62890625 0.03046875 0.02421875
0 0.5171875 0.24296875 0.0359375 0.0328125
0 0.73984375 0.74375 0.0515625 0.03984375
0 0.70234375 0.1765625 0.0734375 0.05859375
0 0.890625 0.37421875 0.02578125 0.02890625
0 0.0671875 0.35546875 0.028125 0.02890625
0 0.271875 0.7703125 0.0265625 0.02421875
0 0.64453125 0.2140625 0.04296875 0.0390625
0 0.48828125 0.19140625 0.05859375 0.05390625
0 0.55859375 0.1578125 0.02109375 0.0171875
0 0.38203125 0.346875 0.028125 0.02578125
0 0.4890625 0.12734375 0.0515625 0.03828125
0 0.3578125 0.0796875 0.06171875 0.04609375
0 0.79296875 0.18203125 0.03359375 0.0296875
0 0.73515625 0.778125 0.059375 0.04140625
0 0.675 0.48828125 0.03046875 0.03046875
0 0.753125 0.521875 0.0421875 0.03515625
0 0.3 0.65390625 0.04453125 0.03125
0 0.509375 0.62421875 0.0453125 0.0421875
0 0.5796875 0.19609375 0.02578125 0.021875
1 0.33046875 0.1265625 0.0421875 0.02421875
0 0.70703125 0.33203125 0.0328125 0.03203125
0 0.74296875 0.603125 0.046875 0.04296875
0 0.071875 0.66484375 0.03359375 0.03359375
0 0.4984375 0.80859375 0.0453125 0.0328125
0 0.08515625 0.27890625 0.05390625 0.06328125
0 0.03125 0.4734375 0.01796875 0.02734375
0 0.3953125 0.09765625 0.0390625 0.03359375
0 0.56875 0.684375 0.046875 0.03125
1 0.94609375 0.71796875 0.0296875 0.0390625
1 0.8296875 0.75625 0.0609375 0.04921875
0 0.49140625 0.04296875 0.0375 0.0265625
0 0.85625 0.2375 0.0359375 0.03359375
0 0.103125 0.428125 0.01484375 0.01484375
0 0.74140625 0.66484375 0.0765625 0.0796875