0 0.4328125 0.2453125 0.04296875 0.0453125
0 0.49453125 0.2515625 0.0546875 0.0484375
0 0.4859375 0.184375 0.0171875 0.021875
0 0.6109375 0.14453125 0.07578125 0.04921875
0 0.5359375 0.3765625 0.040625 0.04921875
0 0.51171875 0.34296875 0.03125 0.02734375
0 0.59765625 0.53125 0.01796875 0.02890625
0 0.615625 0.55 0.0328125 0.025
0 0.6578125 0.5640625 0.08203125 0.07421875
0 0.665625 0.5 0.03671875 0.03671875
0 0.6578125 0.44453125 0.04921875 0.05859375
0 0.709375 0.43203125 0.02734375 0.0390625
0 0.69140625 0.35625 0.08046875 0.06640625
0 0.86484375 0.75859375 0.04921875 0.0375
0 0.7796875 0.84609375 0.0375 0.03671875
0 0.8625 0.85390625 0.025 0.0234375
0 0.871875 0.80078125 0.0296875 0.0234375
0 0.90234375 0.7953125 0.02578125 0.0171875
0 0.89921875 0.71875 0.0296875 0.0234375
0 0.8859375 0.696875 0.021875 0.02890625
0 0.42421875 0.040625 0.03359375 0.01953125
0 0.540625 0.053125 0.01796875 0.0140625
0 0.57265625 0.0453125 0.02578125 0.025
0 0.82578125 0.428125 0.046875 0.0328125
0 0.87265625 0.46171875 0.046875 0.05078125
0 0.28671875 0.05234375 0.03125 0.01796875
0 0.31796875 0.02421875 0.0234375 0.021875