1 0.2796875 0.8515625 0.0390625 0.0265625
1 0.253125 0.8328125 0.034375 0.03125
1 0.11171875 0.696875 0.03984375 0.04609375
0 0.2828125 0.8734375 0.0171875 0.0125
1 0.290625 0.8171875 0.03125 0.0265625
0 0.2109375 0.8265625 0.01484375 0.0140625
0 0.33203125 0.8828125 0.02265625 0.03515625
0 0.40078125 0.92890625 0.03671875 0.02265625
0 0.3265625 0.91875 0.0265625 0.0171875
0 0.4390625 0.9328125 0.02734375 0.02109375
0 0.0765625 0.65625 0.0203125 0.025
0 0.59296875 0.95859375 0.01953125 0.01328125
0 0.31015625 0.8359375 0.0328125 0.025
0 0.5484375 0.95625 0.0328125 0.01875
0 0.309375 0.8703125 0.015625 0.015625
0 0.12578125 0.68203125 0.03828125 0.040625
0 0.025 0.5734375 0.009375 0.01953125
0 0.0375 0.553125 0.0109375 0.0171875
0 0.5296875 0.94453125 0.03046875 0.0203125
0 0.0828125 0.6203125 0.01953125 0.0265625
0 0.48125 0.9140625 0.04453125 0.03359375
0 0.1765625 0.7703125 0.01953125 0.01953125
0 0.2 0.79453125 0.0328125 0.03359375
0 0.11796875 0.7453125 0.015625 0.01796875
0 0.07421875 0.69609375 0.01171875 0.015625
0 0.209375 0.71875 0.02109375 0.02265625
0 0.153125 0.70078125 0.02421875 0.021875