0 0.16484375 0.84453125 0.0125 0.0125
0 0.2296875 0.825 0.015625 0.0140625
0 0.13671875 0.87109375 0.015625 0.015625
0 0.175 0.66171875 0.01875 0.01953125
0 0.13515625 0.67578125 0.021875 0.021875
0 0.1296875 0.71953125 0.02109375 0.02265625
0 0.19609375 0.66484375 0.01796875 0.01875
0 0.04921875 0.69140625 0.0171875 0.021875
0 0.1375 0.79140625 0.0203125 0.02265625
0 0.19921875 0.7671875 0.02421875 0.0234375
0 0.32265625 0.834375 0.0328125 0.03203125
0 0.06640625 0.63828125 0.0234375 0.025
0 0.015625 0.61796875 0.01875 0.021875
0 0.1078125 0.7828125 0.028125 0.02890625
0 0.10859375 0.83125 0.046875 0.05078125
0 0.1671875 0.8078125 0.04765625 0.0421875
0 0.246875 0.8625 0.05234375 0.03828125
0 0.13984375 0.7484375 0.0359375 0.0375
0 0.175 0.903125 0.04609375 0.0375
0 0.0859375 0.6625 0.0421875 0.0453125
0 0.27421875 0.91015625 0.06875 0.05
0 0.15 0.7203125 0.0421875 0.04140625
0 0.0453125 0.796875 0.03671875 0.0375
0 0.0390625 0.71640625 0.03828125 0.04453125
0 0.0546875 0.76484375 0.02734375 0.02890625
0 0.08125 0.76015625 0.02734375 0.03046875
0 0.30859375 0.878125 0.03125 0.0265625
0 0.028125 0.6453125 0.0484375 0.053125
0 0.19296875 0.94296875 0.03359375 0.02578125
0 0.353125 0.86953125 0.0375 0.03125
0 0.3609375 0.97265625 0.03515625 0.02265625
0 0.1265625 0.93671875 0.028125 0.025
0 0.2921875 0.95625 0.07109375 0.03984375
0 0.21328125 0.87578125 0.0265625 0.021875
0 0.10390625 0.72734375 0.021875 0.0234375
0 0.08046875 0.8796875 0.01875 0.01875
0 0.23359375 0.9546875 0.02421875 0.01953125
0 0.1421875 0.96328125 0.04140625 0.03359375
1 0.4890625 0.92265625 0.01875 0.02734375
1 0.49609375 0.9171875 0.02109375 0.015625
1 0.578125 0.91953125 0.021875 0.01953125
1 0.5875 0.9265625 0.01796875 0.02578125
1 0.46171875 0.884375 0.0171875 0.02578125
1 0.53828125 0.96328125 0.01796875 0.01640625
1 0.7578125 0.971875 0.03125 0.01328125
1 0.31953125 0.7625 0.01953125 0.0234375
1 0.21328125 0.67421875 0.03125 0.0234375
0 0.0359375 0.81875 0.06015625 0.06953125
1 0.5625 0.98359375 0.04140625 0.0234375
1 0.659375 0.8703125 0.02578125 0.0171875
0 0.38203125 0.95625 0.078125 0.05
1 0.67109375 0.93828125 0.01484375 0.01875
1 0.53203125 0.9109375 0.015625 0.02109375