0 0.5296875 0.2234375 0.04375 0.03984375
0 0.53671875 0.17265625 0.03828125 0.034375
0 0.17734375 0.6125 0.040625 0.03828125
0 0.66875 0.2359375 0.03984375 0.0359375
0 0.9578125 0.52734375 0.04375 0.04609375
0 0.27578125 0.246875 0.04609375 0.04296875
0 0.3046875 0.79140625 0.03203125 0.02890625
0 0.45 0.178125 0.03671875 0.03515625
0 0.42421875 0.765625 0.03046875 0.02890625
0 0.85703125 0.3578125 0.02734375 0.028125
0 0.50703125 0.66875 0.02890625 0.02890625
0 0.78203125 0.884375 0.040625 0.040625
0 0.39453125 0.16484375 0.03046875 0.0296875
0 0.4578125 0.60234375 0.0421875 0.04140625
0 0.64921875 0.3078125 0.0328125 0.0296875
0 0.90390625 0.62421875 0.04453125 0.0515625
0 0.43828125 0.81796875 0.0375 0.0375
0 0.5640625 0.21953125 0.03046875 0.02890625
0 0.409375 0.5125 0.040625 0.0375
0 0.4828125 0.57734375 0.04453125 0.04296875
0 0.55859375 0.73515625 0.034375 0.03515625
0 0.21953125 0.6984375 0.03359375 0.0359375
0 0.3421875 0.79453125 0.03828125 0.0375
0 0.61328125 0.571875 0.059375 0.05703125
0 0.1921875 0.5484375 0.03359375 0.03515625
0 0.6109375 0.72109375 0.03515625 0.03359375
1 0.0109375 0.26796875 0.0171875 0.0265625
0 0.740625 0.8 0.03671875 0.0359375
0 0.50625 0.31875 0.02734375 0.0265625
0 0.5234375 0.34375 0.03203125 0.0296875
0 0.58359375 0.896875 0.04296875 0.0375
0 0.396875 0.5859375 0.02734375 0.028125
0 0.5453125 0.6859375 0.0484375 0.05
0 0.89765625 0.5640625 0.0234375 0.0265625
0 0.76640625 0.35546875 0.04296875 0.040625
0 0.28125 0.48984375 0.04296875 0.04765625
0 0.35625 0.23671875 0.0453125 0.03984375
0 0.7984375 0.6140625 0.046875 0.0484375
0 0.58671875 0.3296875 0.040625 0.040625
0 0.45390625 0.8765625 0.02890625 0.028125
0 0.30234375 0.74375 0.03046875 0.03203125
0 0.7765625 0.6828125 0.04921875 0.046875
0 0.6890625 0.54609375 0.02578125 0.025
0 0.5703125 0.5609375 0.02734375 0.02578125
0 0.1359375 0.384375 0.03046875 0.034375
0 0.765625 0.4046875 0.05546875 0.05625
0 0.69453125 0.2234375 0.0265625 0.02578125
0 0.78359375 0.93046875 0.04140625 0.03984375
0 0.55703125 0.39453125 0.03125 0.03046875
0 0.3890625 0.8671875 0.03203125 0.03125
0 0.53984375 0.54453125 0.021875 0.021875
0 0.5296875 0.44921875 0.0453125 0.04375
0 0.80390625 0.30546875 0.0375 0.0390625
0 0.12109375 0.44609375 0.05078125 0.0453125
0 0.64375 0.8984375 0.04140625 0.03984375
0 0.209375 0.63125 0.03984375 0.04296875
0 0.4265625 0.3109375 0.0296875 0.028125
0 0.91328125 0.1921875 0.059375 0.06796875
0 0.71328125 0.71328125 0.07421875 0.071875
0 0.29296875 0.11484375 0.0390625 0.03359375
0 0.3453125 0.14765625 0.021875 0.01953125
0 0.8296875 0.571875 0.02265625 0.0234375
0 0.2875 0.415625 0.03046875 0.02734375
0 0.65625 0.86171875 0.0453125 0.04453125
0 0.478125 0.4421875 0.03515625 0.0328125
0 0.34609375 0.8421875 0.02734375 0.02421875
0 0.64765625 0.7515625 0.0640625 0.06171875
0 0.88515625 0.76875 0.040625 0.04453125
0 0.33046875 0.659375 0.01875 0.0203125
0 0.89140625 0.475 0.02734375 0.03046875
0 0.2171875 0.48828125 0.040625 0.040625
0 0.52734375 0.93125 0.03203125 0.028125
0 0.6453125 0.5109375 0.02421875 0.02421875
0 0.1421875 0.259375 0.03125 0.028125
0 0.9234375 0.81484375 0.0609375 0.06640625
0 0.7734375 0.50625 0.0375 0.03671875
0 0.9 0.31171875 0.0328125 0.03984375
0 0.85234375 0.646875 0.0203125 0.021875
0 0.8140625 0.35234375 0.0390625 0.04140625
0 0.5875 0.6609375 0.0296875 0.028125
0 0.209375 0.06640625 0.0640625 0.04921875
0 0.74296875 0.09296875 0.0625 0.053125
0 0.30390625 0.33359375 0.03125 0.03203125
0 0.315625 0.6078125 0.0234375 0.02578125
0 0.14140625 0.06015625 0.04140625 0.03359375
0 0.36328125 0.63515625 0.046875 0.04921875
0 0.54609375 0.78984375 0.065625 0.0671875
0 0.85234375 0.07421875 0.0359375 0.03203125
0 0.57578125 0.93984375 0.03203125 0.02734375
0 0.765625 0.684375 0.02265625 0.0265625
0 0.5390625 0.8328125 0.0515625 0.05078125
0 0.8265625 0.76640625 0.02265625 0.025
0 0.48359375 0.29296875 0.04453125 0.04453125
0 0.60859375 0.6578125 0.021875 0.02265625
0 0.4703125 0.23203125 0.059375 0.05625
0 0.41484375 0.2734375 0.0203125 0.0203125
0 0.66953125 0.8328125 0.0234375 0.02578125
0 0.8703125 0.2796875 0.02109375 0.021875
0 0.978125 0.48515625 0.0265625 0.02890625
0 0.90546875 0.3828125 0.06484375 0.075
0 0.79296875 0.48046875 0.0171875 0.0171875
0 0.91640625 0.45546875 0.06015625 0.071875
0 0.4640625 0.6671875 0.02421875 0.02265625
0 0.275 0.4390625 0.01875 0.01953125
0 0.86875 0.87890625 0.01953125 0.0203125
0 0.68671875 0.06875 0.046875 0.0359375
0 0.69453125 0.3375 0.01953125 0.01953125
0 0.6765625 0.5984375 0.02265625 0.02265625
0 0.54609375 0.08515625 0.04375 0.03828125
0 0.8078125 0.0265625 0.0453125 0.040625
0 0.66328125 0.2046875 0.0296875 0.025
0 0.6578125 0.10546875 0.03203125 0.0296875
0 0.8890625 0.665625 0.0203125 0.021875
0 0.53125 0.5046875 0.0234375 0.02265625
0 0.71015625 0.9484375 0.02265625 0.02265625
0 0.7 0.17734375 0.02109375 0.0203125
1 0.171875 0.334375 0.01953125 0.02421875
0 0.88359375 0.8953125 0.0203125 0.02109375
0 0.7328125 0.46796875 0.0375 0.0390625
0 0.871875 0.22890625 0.01796875 0.01796875
0 0.8453125 0.28046875 0.034375 0.0390625
0 0.4234375 0.0984375 0.05 0.03671875
0 0.690625 0.45078125 0.05078125 0.05
0 0.2578125 0.0765625 0.03984375 0.03515625
0 0.1765625 0.19921875 0.02109375 0.01953125
0 0.96875 0.8234375 0.04921875 0.06484375
0 0.97421875 0.871875 0.03515625 0.0453125
0 0.746875 0.2609375 0.05390625 0.05234375
0 0.58515625 0.96328125 0.02421875 0.021875
1 0.94609375 0.65546875 0.025 0.028125
0 0.790625 0.1546875 0.0546875 0.05546875
0 0.94921875 0.72265625 0.0140625 0.01796875
0 0.6296875 0.26015625 0.01953125 0.01796875
1 0.94296875 0.64921875 0.0125 0.01484375
0 0.8171875 0.3859375 0.02265625 0.02578125
0 0.81796875 0.8171875 0.02421875 0.02421875
0 0.70625 0.975 0.02109375 0.021875
1 0.9859375 0.41484375 0.025 0.0328125
0 0.453125 0.7078125 0.01875 0.021875
0 0.75 0.6125 0.0171875 0.01640625
0 0.85078125 0.95234375 0.02421875 0.02421875
0 0.984375 0.2328125 0.03125 0.04921875
0 0.74609375 0.034375 0.0484375 0.0375
1 0.99453125 0.19765625 0.0109375 0.0203125
0 0.27578125 0.0421875 0.05625 0.04453125
0 0.621875 0.14921875 0.01796875 0.01796875
0 0.95859375 0.5734375 0.06171875 0.084375
0 0.5828125 0.45859375 0.0609375 0.06328125
0 0.23515625 0.2109375 0.0109375 0.01015625
0 0.63984375 0.86640625 0.0265625 0.03359375
0 0.9890625 0.19765625 0.01640625 0.01875
1 0.653125 0.05078125 0.01953125 0.0203125
0 0.8703125 0.12265625 0.0765625 0.07421875
0 0.69453125 0.55390625 0.075 0.059375