0 0.6109375 0.6546875 0.0203125 0.02109375
0 0.4046875 0.334375 0.0296875 0.028125
0 0.26328125 0.81875 0.02578125 0.02421875
0 0.20625 0.87109375 0.01796875 0.0171875
0 0.4703125 0.89296875 0.02265625 0.01953125
0 0.06171875 0.615625 0.02578125 0.03203125
0 0.8796875 0.74375 0.03125 0.0328125
0 0.45078125 0.2671875 0.02890625 0.02578125
0 0.52265625 0.54140625 0.01796875 0.01875
0 0.64921875 0.9796875 0.02578125 0.01953125
0 0.71015625 0.93515625 0.025 0.02265625
0 0.6703125 0.3484375 0.015625 0.015625
0 0.56171875 0.49765625 0.0109375 0.01171875
0 0.703125 0.34765625 0.01484375 0.01484375
0 0.57109375 0.4609375 0.0109375 0.01171875
0 0.75703125 0.84453125 0.04921875 0.04296875
0 0.31953125 0.6421875 0.03203125 0.0296875
0 0.4640625 0.38828125 0.0140625 0.01484375
0 0.44609375 0.48984375 0.01328125 0.0140625
0 0.3921875 0.24375 0.015625 0.01484375
0 0.459375 0.1921875 0.01875 0.01875
0 0.159375 0.6140625 0.01484375 0.01640625
0 0.6171875 0.78046875 0.02578125 0.02109375
0 0.83828125 0.5578125 0.01953125 0.021875
0 0.4640625 0.96875 0.02109375 0.0140625
0 0.93203125 0.47421875 0.040625 0.04921875
0 0.73359375 0.596875 0.01796875 0.0203125
0 0.08125 0.4453125 0.01171875 0.0125
0 0.49140625 0.9375 0.02109375 0.01875
0 0.03046875 0.26171875 0.015625 0.01953125
0 0.046875 0.5234375 0.01953125 0.0234375
0 0.559375 0.95234375 0.0140625 0.0125
0 0.0359375 0.4890625 0.01484375 0.01796875
0 0.7296875 0.91953125 0.015625 0.0140625
0 0.63203125 0.9078125 0.0109375 0.01015625
0 0.925 0.9015625 0.01171875 0.0125
0 0.596875 0.20234375 0.02578125 0.0234375
0 0.98359375 0.3265625 0.0125 0.01484375
0 0.4390625 0.7609375 0.01015625 0.01015625
0 0.93671875 0.11875 0.03515625 0.0390625
0 0.98046875 0.43828125 0.0171875 0.021875
0 0.4203125 0.6 0.0171875 0.01796875
0 0.52890625 0.5828125 0.0125 0.0140625
0 0.3546875 0.55546875 0.01640625 0.01484375
0 0.7453125 0.68125 0.0171875 0.0171875
0 0.40703125 0.76328125 0.0109375 0.01015625
0 0.3375 0.82109375 0.0109375 0.0109375
0 0.0984375 0.790625 0.01015625 0.01015625
0 0.5203125 0.21953125 0.02578125 0.02265625
0 0.2546875 0.171875 0.01484375 0.0140625
0 0.7640625 0.15625 0.0484375 0.0453125
0 0.021875 0.35078125 0.0171875 0.02265625
0 0.02734375 0.2828125 0.0140625 0.01796875
0 0.62265625 0.18671875 0.01328125 0.0125
0 0.9640625 0.39140625 0.021875 0.03203125
0 0.284375 0.64453125 0.02109375 0.021875
0 0.8140625 0.93359375 0.01328125 0.0125
0 0.05703125 0.8375 0.02578125 0.02734375
0 0.25 0.13046875 0.021875 0.0203125
0 0.05625 0.3453125 0.015625 0.01953125
0 0.66640625 0.8265625 0.01015625 0.01015625
0 0.9515625 0.2828125 0.028125 0.0359375
0 0.415625 0.54140625 0.009375 0.009375
0 0.7515625 0.79609375 0.01015625 0.01015625
0 0.94921875 0.9 0.01015625 0.0109375
0 0.18359375 0.94765625 0.0140625 0.0140625
0 0.40625 0.86484375 0.009375 0.009375
0 0.115625 0.92109375 0.009375 0.009375
0 0.7671875 0.946875 0.01015625 0.009375
0 0.5 0.90703125 0.009375 0.009375
0 0.3125 0.79765625 0.00859375 0.00859375
0 0.57890625 0.98515625 0.0109375 0.009375
0 0.09609375 0.77265625 0.0078125 0.0078125
0 0.8734375 0.96171875 0.0125 0.0109375
0 0.25703125 0.90625 0.0078125 0.00859375
0 0.4875 0.70078125 0.01171875 0.01171875
0 0.59765625 0.8640625 0.01015625 0.009375
0 0.5671875 0.87578125 0.009375 0.00859375
0 0.2625 0.996875 0.015625 0.00625
0 0.6265625 0.7125 0.0109375 0.01171875
0 0.31796875 0.76328125 0.00859375 0.00859375
0 0.4890625 0.965625 0.0109375 0.01015625
0 0.8109375 0.9796875 0.015625 0.01484375
0 0.978125 0.8 0.01015625 0.0109375
0 0.61015625 0.996875 0.015625 0.00546875
0 0.90390625 0.29296875 0.0125 0.015625
0 0.9796875 0.8203125 0.01796875 0.0140625
0 0.5671875 0.81484375 0.0140625 0.01484375
0 0.18046875 0.375 0.009375 0.0109375
0 0.40859375 0.7171875 0.009375 0.009375
0 0.97421875 0.77578125 0.00859375 0.00859375
0 0.3375 0.52421875 0.009375 0.01015625
0 0.53046875 0.70234375 0.01015625 0.0109375
0 0.6640625 0.57265625 0.015625 0.0125
0 0.8 0.04453125 0.0171875 0.01484375
0 0.459375 0.07578125 0.01796875 0.015625
0 0.67421875 0.46640625 0.009375 0.01015625
0 0.94921875 0.71171875 0.01484375 0.01640625
0 0.11015625 0.25234375 0.01484375 0.01875
0 0.53828125 0.075 0.01484375 0.01328125
0 0.4234375 0.2359375 0.01484375 0.015625
0 0.340625 0.06484375 0.01875 0.015625
0 0.55859375 0.1328125 0.0171875 0.0171875
0 0.91328125 0.5125 0.01015625 0.0109375
0 0.44765625 0.45625 0.01796875 0.01796875
0 0.5765625 0.1453125 0.025 0.02421875
0 0.58671875 0.9390625 0.00859375 0.00859375
0 0.04453125 0.85 0.01328125 0.01484375
0 0.059375 0.18203125 0.01953125 0.025
0 0.4234375 0.1578125 0.025 0.02421875
0 0.21640625 0.02421875 0.02734375 0.02109375
0 0.99765625 0.76328125 0.0046875 0.00859375
0 0.271875 0.49375 0.00859375 0.009375
1 0.69375 0.7734375 0.0296875 0.0296875
1 0.90234375 0.7140625 0.02109375 0.02109375
1 0.95 0.67578125 0.034375 0.03125