1 0.36015625 0.7046875 0.025 0.03515625
0 0.35625 0.71484375 0.1234375 0.1171875
0 0.3375 0.603125 0.04453125 0.04921875
0 0.38828125 0.59765625 0.0625 0.06484375
0 0.48046875 0.5515625 0.06484375 0.0796875
0 0.415625 0.4625 0.03515625 0.0375
0 0.35078125 0.2546875 0.04296875 0.0453125
0 0.1515625 0.34609375 0.0375 0.04921875
0 0.18984375 0.3609375 0.03125 0.0390625
0 0.14921875 0.73515625 0.05078125 0.0609375
0 0.2359375 0.83671875 0.0453125 0.0453125
0 0.19140625 0.86796875 0.02890625 0.02734375
0 0.1921875 0.88828125 0.025 0.02109375
0 0.3109375 0.925 0.025 0.03515625
0 0.39453125 0.90234375 0.0625 0.05703125
0 0.2671875 0.5140625 0.03125 0.0328125
0 0.18125 0.53515625 0.0390625 0.03671875
0 0.06640625 0.50703125 0.03359375 0.04296875
0 0.046875 0.5484375 0.02578125 0.0296875
0 0.13515625 0.5015625 0.0234375 0.02734375
0 0.37265625 0.34296875 0.03125 0.02734375
0 0.55625 0.303125 0.071875 0.07265625
0 0.61171875 0.25390625 0.0234375 0.03359375
0 0.571875 0.08671875 0.07578125 0.08984375
0 0.24453125 0.22578125 0.0234375 0.0328125
0 0.2703125 0.2875 0.01953125 0.02578125
0 0.278125 0.3765625 0.02734375 0.03515625