0 0.37578125 0.9 0.06015625 0.04921875
0 0.475 0.90546875 0.0953125 0.1109375
0 0.53515625 0.8765625 0.03515625 0.03046875
0 0.6890625 0.9171875 0.0578125 0.05625
0 0.78046875 0.87421875 0.084375 0.0796875
0 0.58671875 0.81171875 0.0328125 0.0328125
0 0.59296875 0.85859375 0.021875 0.02890625
0 0.30625 0.89609375 0.05 0.04140625
0 0.2796875 0.93828125 0.0625 0.04765625
0 0.16328125 0.88046875 0.053125 0.05703125
0 0.21484375 0.796875 0.05078125 0.053125
0 0.8359375 0.61015625 0.078125 0.09140625
0 0.9046875 0.82578125 0.078125 0.08515625
0 0.9671875 0.96484375 0.065625 0.0671875
0 0.078125 0.6625 0.0546875 0.05859375
1 0.4796875 0.90703125 0.03359375 0.02890625
1 0.7828125 0.8703125 0.0234375 0.0125
1 0.83125 0.60625 0.0140625 0.015625
0 0.578125 0.72421875 0.0703125 0.07265625
0 0.75546875 0.728125 0.05390625 0.053125