0 0.659375 0.834375 0.02578125 0.0265625
0 0.79375 0.11796875 0.07578125 0.07265625
0 0.2359375 0.928125 0.015625 0.0171875
0 0.61875 0.9203125 0.025 0.02734375
0 0.9515625 0.10078125 0.046875 0.04609375
1 0.0734375 0.7046875 0.03203125 0.0375
0 0.5578125 0.2296875 0.03203125 0.03515625
0 0.2578125 0.87890625 0.053125 0.04921875
0 0.496875 0.95 0.08515625 0.0734375
0 0.409375 0.82109375 0.0203125 0.02421875
0 0.50703125 0.8109375 0.021875 0.021875
0 0.6125 0.50703125 0.02578125 0.0265625
0 0.625 0.6078125 0.0203125 0.02265625
0 0.29375 0.025 0.0390625 0.03515625
0 0.23671875 0.95546875 0.01953125 0.021875
0 0.61796875 0.66640625 0.025 0.0296875
0 0.70703125 0.12265625 0.07109375 0.08515625
0 0.28671875 0.6828125 0.02578125 0.0265625
0 0.10390625 0.83984375 0.06328125 0.07265625
1 0.18125 0.26171875 0.04375 0.04375
0 0.6546875 0.70390625 0.0328125 0.03515625
0 0.49921875 0.5015625 0.0203125 0.0203125
1 0.38828125 0.6890625 0.0375 0.05234375
0 0.69375 0.96171875 0.0671875 0.0578125
0 0.421875 0.90390625 0.08125 0.0828125
0 0.4140625 0.1453125 0.0484375 0.04921875
0 0.33359375 0.01171875 0.02265625 0.0234375
0 0.246875 0.0234375 0.0234375 0.021875
0 0.1640625 0.9828125 0.02890625 0.02578125
0 0.25625 0.071875 0.04609375 0.0421875
0 0.2953125 0.96015625 0.03046875 0.0328125
0 0.33203125 0.3734375 0.0296875 0.03046875
0 0.41015625 0.2 0.0171875 0.0171875
1 0.21171875 0.21484375 0.0203125 0.021875
0 0.58203125 0.8765625 0.01875 0.02109375
0 0.284375 0.22109375 0.01484375 0.015625
0 0.3296875 0.6125 0.0296875 0.03125
0 0.11015625 0.825 0.034375 0.0359375
0 0.52265625 0.15625 0.01484375 0.0140625
0 0.5734375 0.04296875 0.028125 0.028125
0 0.9171875 0.08671875 0.02421875 0.02265625
0 0.21640625 0.909375 0.01484375 0.015625
0 0.475 0.53359375 0.01875 0.01953125
0 0.19296875 0.40625 0.03515625 0.0375
0 0.5171875 0.484375 0.015625 0.01640625
1 0.38515625 0.88515625 0.08203125 0.0890625
0 0.41484375 0.78203125 0.03515625 0.0359375
0 0.50390625 0.41015625 0.0265625 0.02890625
0 0.646875 0.63359375 0.02734375 0.02890625
0 0.52578125 0.5765625 0.01953125 0.01953125
0 0.12890625 0.9046875 0.0671875 0.06796875
0 0.3078125 0.2890625 0.0234375 0.0234375
0 0.58046875 0.7546875 0.02421875 0.03203125
0 0.48828125 0.43515625 0.0203125 0.0203125
0 0.3828125 0.06953125 0.028125 0.02578125
0 0.45 0.99453125 0.01875 0.0109375
0 0.13125 0.153125 0.0203125 0.0203125
0 0.05625 0.89375 0.01953125 0.0234375
0 0.34375 0.26015625 0.04375 0.0390625
0 0.0515625 0.54765625 0.015625 0.01640625
0 0.2578125 0.984375 0.034375 0.03125
0 0.47421875 0.67265625 0.02734375 0.02734375
0 0.0125 0.73359375 0.021875 0.03125
0 0.42265625 0.05390625 0.0265625 0.02578125
0 0.30234375 0.7734375 0.01875 0.0203125
0 0.37890625 0.803125 0.01328125 0.0140625
0 0.35625 0.753125 0.03515625 0.0359375
0 0.25078125 0.83125 0.0171875 0.01796875
0 0.70390625 0.24765625 0.02421875 0.0265625
0 0.64375 0.75703125 0.0265625 0.0265625
0 0.66015625 0.90546875 0.05 0.04765625
0 0.275 0.321875 0.01953125 0.0203125
0 0.4046875 0.7109375 0.03515625 0.03828125
0 0.18359375 0.721875 0.1015625 0.1109375
0 0.65 0.8921875 0.021875 0.021875
0 0.54375 0.815625 0.034375 0.0359375
0 0.73828125 0.3578125 0.05234375 0.0484375
0 0.55390625 0.45078125 0.034375 0.0328125
1 0.2125 0.50234375 0.0390625 0.04453125
1 0.23984375 0.55546875 0.03984375 0.0421875
0 0.7515625 0.203125 0.02265625 0.021875
1 0.8234375 0.34375 0.06875 0.065625
1 0.778125 0.3140625 0.03046875 0.03203125