0 0.16875 0.5765625 0.053125 0.0640625
0 0.47265625 0.58671875 0.06796875 0.071875
0 0.721875 0.77578125 0.040625 0.03671875
0 0.75625 0.7921875 0.04140625 0.040625
0 0.69765625 0.8171875 0.03359375 0.021875
0 0.04375 0.90234375 0.0375 0.04921875
0 0.08359375 0.871875 0.03359375 0.0453125
0 0.084375 0.915625 0.03359375 0.0296875
0 0.153125 0.90625 0.01953125 0.01796875
0 0.14140625 0.759375 0.02734375 0.0296875
0 0.221875 0.690625 0.01953125 0.021875
0 0.24296875 0.61640625 0.025 0.02734375
0 0.521875 0.859375 0.04296875 0.046875
0 0.52578125 0.790625 0.0234375 0.04140625
0 0.8953125 0.9734375 0.04296875 0.040625
0 0.82890625 0.92578125 0.0328125 0.0234375
0 0.721875 0.884375 0.040625 0.05234375
0 0.5359375 0.98046875 0.040625 0.02890625
0 0.70234375 0.98671875 0.0296875 0.02109375
0 0.73046875 0.9859375 0.015625 0.01953125
0 0.36953125 0.7171875 0.04453125 0.04296875
0 0.36953125 0.66015625 0.02109375 0.0234375
0 0.325 0.85078125 0.0328125 0.0296875
0 0.37109375 0.93125 0.02578125 0.0234375
0 0.44921875 0.81328125 0.04140625 0.040625
0 0.66484375 0.76484375 0.0296875 0.0328125
0 0.696875 0.72109375 0.0859375 0.06484375
0 0.83671875 0.6890625 0.05078125 0.05078125