0 0.659375 0.94140625 0.01171875 0.01015625
0 0.66171875 0.63828125 0.0234375 0.0234375
0 0.409375 0.7515625 0.0078125 0.00859375
0 0.31328125 0.825 0.025 0.02265625
0 0.6 0.80546875 0.00859375 0.00859375
0 0.61328125 0.93671875 0.01015625 0.01015625
0 0.5265625 0.9265625 0.00859375 0.009375
0 0.5046875 0.6 0.009375 0.009375
0 0.90625 0.81328125 0.01328125 0.0140625
0 0.60234375 0.8234375 0.00703125 0.0078125
0 0.51015625 0.62578125 0.0078125 0.00859375
0 0.659375 0.83125 0.00859375 0.00859375
0 0.571875 0.58671875 0.0125 0.01171875
0 0.5453125 0.8265625 0.009375 0.009375
0 0.359375 0.715625 0.00859375 0.00859375
0 0.6234375 0.6578125 0.01171875 0.0125
0 0.51484375 0.525 0.00859375 0.009375
0 0.59296875 0.63359375 0.009375 0.01015625
0 0.89453125 0.675 0.01015625 0.01171875
0 0.6921875 0.8328125 0.0078125 0.0078125
0 0.928125 0.61796875 0.009375 0.0109375
0 0.6953125 0.9015625 0.0265625 0.0234375
0 0.6 0.68125 0.00859375 0.00859375
0 0.66796875 0.4421875 0.009375 0.01015625
0 0.61484375 0.74453125 0.00859375 0.00859375
0 0.39609375 0.7234375 0.0078125 0.0078125
0 0.6 0.56875 0.00859375 0.009375
0 0.86640625 0.58515625 0.00859375 0.00859375
0 0.775 0.6109375 0.0078125 0.00859375
0 0.8640625 0.56875 0.0078125 0.00859375
0 0.64140625 0.53359375 0.01015625 0.0109375
0 0.60625 0.478125 0.009375 0.009375
0 0.75625 0.534375 0.0078125 0.0109375
0 0.8859375 0.87578125 0.01640625 0.0171875
0 0.28359375 0.79375 0.0234375 0.02265625
0 0.578125 0.490625 0.009375 0.00859375
0 0.88515625 0.77265625 0.01484375 0.01640625
0 0.734375 0.56328125 0.01484375 0.01484375
0 0.915625 0.18359375 0.01640625 0.0171875
0 0.9625 0.50625 0.00859375 0.01015625
0 0.81953125 0.6078125 0.0140625 0.01484375
0 0.84453125 0.6390625 0.0078125 0.00859375
0 0.73203125 0.31328125 0.015625 0.0171875
0 0.96953125 0.52890625 0.0109375 0.0109375
0 0.69375 0.92890625 0.0109375 0.009375
0 0.49765625 0.4015625 0.0109375 0.0109375
0 0.746875 0.425 0.009375 0.01015625
0 0.45 0.63046875 0.00703125 0.0078125
0 0.50625 0.565625 0.0171875 0.01640625
0 0.3875 0.70234375 0.0140625 0.01328125
0 0.42734375 0.4796875 0.01328125 0.0125
0 0.9578125 0.678125 0.0125 0.015625
0 0.6625 0.86015625 0.01328125 0.0125
0 0.80390625 0.228125 0.0203125 0.02109375
0 0.99765625 0.48828125 0.0046875 0.01015625
0 0.6390625 0.671875 0.00859375 0.00859375
0 0.5765625 0.41953125 0.0140625 0.015625
0 0.234375 0.8421875 0.0171875 0.01484375
1 0.6140625 0.41953125 0.01953125 0.01796875
0 0.7890625 0.7421875 0.0375 0.034375
0 0.45859375 0.87578125 0.05703125 0.0453125
0 0.84609375 0.18359375 0.00859375 0.009375
0 0.36171875 0.94765625 0.01015625 0.01015625
0 0.63046875 0.4984375 0.009375 0.0109375
0 0.7203125 0.578125 0.03046875 0.0296875
0 0.58984375 0.9046875 0.01328125 0.0125
0 0.61484375 0.9796875 0.02265625 0.01640625
0 0.484375 0.5078125 0.02109375 0.02265625
0 0.471875 0.7296875 0.03359375 0.0234375
0 0.54765625 0.9109375 0.01875 0.0171875
0 0.3375 0.9140625 0.03515625 0.028125
1 0.625 0.3265625 0.0140625 0.01328125
1 0.65625 0.725 0.03359375 0.040625
1 0.21015625 0.79140625 0.03359375 0.034375
1 0.4546875 0.51015625 0.01875 0.01640625
0 0.615625 0.90546875 0.02890625 0.02421875
1 0.44140625 0.58515625 0.0140625 0.0171875
1 0.65 0.7140625 0.0125 0.01484375
0 0.88046875 0.090625 0.0234375 0.0203125
1 0.9421875 0.17109375 0.01171875 0.0203125
1 0.1484375 0.86796875 0.040625 0.04453125
1 0.4375 0.4890625 0.0234375 0.01484375
0 0.6828125 0.87265625 0.02421875 0.02109375
1 0.9484375 0.65859375 0.01953125 0.02421875
1 0.5796875 0.86484375 0.03515625 0.0265625
0 0.271875 0.97421875 0.03515625 0.0265625
1 0.49609375 0.8421875 0.0125 0.0203125
0 0.46171875 0.8546875 0.015625 0.0125
1 0.54375 0.48125 0.009375 0.0140625
1 0.565625 0.2890625 0.0109375 0.009375
1 0.59609375 0.4265625 0.01171875 0.0140625
0 0.22578125 0.9171875 0.0171875 0.01640625
1 0.04453125 0.8265625 0.0109375 0.0140625
0 0.7515625 0.47421875 0.05390625 0.05546875
0 0.6328125 0.39375 0.009375 0.01015625
0 0.615625 0.27890625 0.01953125 0.01875
0 0.68671875 0.40234375 0.01484375 0.01796875
1 0.2796875 0.6734375 0.03203125 0.0234375
0 0.1234375 0.828125 0.021875 0.0234375
0 0.8765625 0.190625 0.03203125 0.03046875
0 0.715625 0.240625 0.0171875 0.0171875
0 0.76171875 0.91484375 0.0203125 0.01875
1 0.1796875 0.921875 0.0109375 0.0140625
0 0.290625 0.9390625 0.0265625 0.0203125
0 0.896875 0.1484375 0.02265625 0.0234375
1 0.84765625 0.0640625 0.009375 0.009375
1 0.0328125 0.8109375 0.009375 0.009375
1 0.10390625 0.89765625 0.01875 0.02421875
1 0.43515625 0.80078125 0.03984375 0.03984375
1 0.19375 0.92421875 0.028125 0.021875
0 0.25 0.9265625 0.0171875 0.01484375
1 0.8421875 0.07890625 0.00859375 0.00859375
1 0.6546875 0.21484375 0.01015625 0.0078125
1 0.1125 0.7140625 0.00703125 0.0078125
1 0.47890625 0.46640625 0.03125 0.04765625
1 0.121875 0.86953125 0.0265625 0.028125
1 0.15625 0.67890625 0.01328125 0.0109375
1 0.1984375 0.7859375 0.01875 0.025
1 0.17265625 0.7921875 0.0265625 0.0234375
1 0.1640625 0.8296875 0.015625 0.015625
1 0.08359375 0.7859375 0.02578125 0.0296875
1 0.17578125 0.87109375 0.02421875 0.028125
1 0.91484375 0.1046875 0.01796875 0.0203125
1 0.40625 0.66875 0.021875 0.02578125
1 0.240625 0.9515625 0.025 0.01953125
1 0.04609375 0.884375 0.034375 0.0359375
1 0.92265625 0.11484375 0.0328125 0.04296875
0 0.31484375 0.98515625 0.03046875 0.01953125
1 0.56796875 0.36328125 0.046875 0.0328125
1 0.36796875 0.98515625 0.02578125 0.01796875
1 0.08203125 0.83515625 0.0515625 0.0515625
1 0.9453125 0.3078125 0.0328125 0.04375
0 0.859375 0.40078125 0.0234375 0.02421875
0 0.9703125 0.471875 0.0078125 0.0078125
1 0.65078125 0.47890625 0.103125 0.0921875