1 0.29296875 0.4703125 0.02265625 0.03984375
1 0.3046875 0.0203125 0.040625 0.034375
1 0.20546875 0.8234375 0.04296875 0.04921875
1 0.42421875 0.6609375 0.01640625 0.021875
0 0.14296875 0.38515625 0.05 0.0453125
0 0.31015625 0.06640625 0.0296875 0.025
0 0.3765625 0.528125 0.02890625 0.028125
0 0.634375 0.48046875 0.02890625 0.028125
0 0.30625 0.10234375 0.03203125 0.02890625
0 0.61640625 0.10859375 0.0234375 0.01875
0 0.375 0.19375 0.03359375 0.03203125
0 0.55859375 0.16640625 0.01953125 0.0171875
0 0.77734375 0.546875 0.06015625 0.0625
0 0.1640625 0.12578125 0.03671875 0.03828125
0 0.45703125 0.4609375 0.0265625 0.02890625
0 0.15234375 0.428125 0.02109375 0.0234375
0 0.571875 0.65546875 0.02890625 0.03125
0 0.34609375 0.35234375 0.08046875 0.07265625
0 0.5375 0.9171875 0.08671875 0.071875
0 0.1703125 0.09140625 0.025 0.02421875
0 0.22578125 0.1734375 0.01953125 0.01953125
0 0.4 0.95546875 0.0453125 0.0375
0 0.72421875 0.340625 0.01328125 0.0125
0 0.43828125 0.5140625 0.01640625 0.015625
0 0.19375 0.0703125 0.02734375 0.02734375
0 0.76171875 0.890625 0.028125 0.02578125
0 0.6125 0.88046875 0.0140625 0.01328125
0 0.22265625 0.62890625 0.025 0.02890625
0 0.4359375 0.36015625 0.02578125 0.02578125
0 0.11015625 0.18984375 0.02421875 0.02890625
0 0.3765625 0.64609375 0.0171875 0.01640625
0 0.4734375 0.45625 0.02265625 0.02421875
0 0.3234375 0.48515625 0.02734375 0.02734375
0 0.5265625 0.6421875 0.0234375 0.021875
0 0.2265625 0.73984375 0.0203125 0.02265625
0 0.89609375 0.73125 0.01796875 0.01875
0 0.4265625 0.65234375 0.01171875 0.01484375
0 0.48203125 0.32109375 0.028125 0.025
0 0.259375 0.3234375 0.08359375 0.09609375
0 0.665625 0.98046875 0.040625 0.02890625
0 0.6078125 0.44375 0.0265625 0.0265625
0 0.53125 0.728125 0.05078125 0.0609375
0 0.6390625 0.6046875 0.0453125 0.04453125
0 0.76796875 0.87890625 0.03046875 0.0296875
0 0.36328125 0.2328125 0.0578125 0.05859375
0 0.496875 0.6359375 0.02265625 0.02265625
0 0.48515625 0.740625 0.03125 0.02890625
0 0.57734375 0.73984375 0.0265625 0.02578125
0 0.240625 0.1796875 0.03515625 0.03359375
0 0.86640625 0.79765625 0.02265625 0.02421875
0 0.4640625 0.63359375 0.03046875 0.028125
0 0.2671875 0.92734375 0.0265625 0.02578125
0 0.45 0.559375 0.02421875 0.02578125
0 0.63203125 0.8140625 0.05234375 0.04453125
0 0.278125 0.575 0.0375 0.0390625
0 0.7734375 0.7453125 0.02109375 0.02109375
0 0.1671875 0.38359375 0.053125 0.06015625
0 0.65390625 0.6515625 0.0234375 0.021875
0 0.73515625 0.715625 0.0359375 0.03359375
0 0.6546875 0.7171875 0.02578125 0.025
0 0.484375 0.9734375 0.04296875 0.034375
0 0.36640625 0.93046875 0.03984375 0.0359375
0 0.45234375 0.83359375 0.0171875 0.01796875
0 0.46171875 0.334375 0.02890625 0.02734375
0 0.7296875 0.31796875 0.04765625 0.053125
0 0.43046875 0.92734375 0.01796875 0.01640625
0 0.590625 0.846875 0.028125 0.025
0 0.4953125 0.84609375 0.01796875 0.0171875
0 0.5328125 0.5140625 0.025 0.0234375
0 0.82421875 0.7828125 0.01640625 0.0171875
0 0.42734375 0.559375 0.01875 0.01875
0 0.26015625 0.50859375 0.025 0.02734375
0 0.884375 0.7171875 0.01875 0.01875