0 0.3671875 0.36875 0.0234375 0.02265625
0 0.965625 0.0796875 0.03125 0.0265625
0 0.534375 0.4453125 0.096875 0.0875
0 0.53984375 0.65859375 0.10703125 0.10078125
0 0.9140625 0.58046875 0.03984375 0.04140625
0 0.8484375 0.31796875 0.02265625 0.0203125
0 0.98359375 0.47890625 0.02109375 0.025
0 0.66015625 0.88515625 0.03125 0.028125
0 0.75234375 0.3640625 0.02734375 0.03125
0 0.80859375 0.61171875 0.04921875 0.0484375
0 0.934375 0.4125 0.01875 0.01875
0 0.9234375 0.25 0.03203125 0.03359375
0 0.74140625 0.45234375 0.02265625 0.021875
0 0.5578125 0.9125 0.03046875 0.03125
0 0.96015625 0.3484375 0.05234375 0.05390625
0 0.6203125 0.459375 0.02578125 0.025
0 0.7796875 0.70703125 0.05546875 0.05703125
0 0.89765625 0.54296875 0.0390625 0.0390625
0 0.4625 0.37890625 0.0421875 0.04140625
0 0.80078125 0.78671875 0.0171875 0.01796875
0 0.8515625 0.53671875 0.015625 0.0171875
0 0.165625 0.290625 0.01953125 0.01953125
0 0.83828125 0.74453125 0.01953125 0.01953125
0 0.66640625 0.73046875 0.08203125 0.08203125
0 0.9484375 0.50390625 0.040625 0.0421875
0 0.53046875 0.09140625 0.03828125 0.03359375
0 0.01875 0.5421875 0.03515625 0.0515625
0 0.75078125 0.16328125 0.03671875 0.03046875
0 0.75 0.0625 0.03203125 0.028125
0 0.34921875 0.06640625 0.02578125 0.0234375
0 0.39140625 0.853125 0.028125 0.02890625
0 0.1671875 0.35546875 0.01875 0.01875
0 0.24375 0.78125 0.07734375 0.0734375
0 0.81875 0.43984375 0.0265625 0.02578125
0 0.98125 0.4375 0.0375 0.0421875
0 0.48046875 0.55703125 0.06015625 0.0578125
0 0.93125 0.753125 0.0390625 0.04453125
0 0.5421875 0.96875 0.0296875 0.028125
0 0.71015625 0.96171875 0.0359375 0.03203125
0 0.54296875 0.1859375 0.1390625 0.12265625
0 0.753125 0.403125 0.0359375 0.03515625
0 0.453125 0.54453125 0.021875 0.021875
0 0.35390625 0.56953125 0.0203125 0.01875
0 0.25078125 0.56171875 0.0171875 0.01640625
0 0.359375 0.2640625 0.04140625 0.03828125