0 0.83203125 0.425 0.075 0.07734375
0 0.06796875 0.25546875 0.0796875 0.084375
0 0.6578125 0.86015625 0.08359375 0.07734375
0 0.9296875 0.5359375 0.07265625 0.07265625
0 0.1953125 0.72578125 0.04765625 0.0453125
0 0.49921875 0.5484375 0.065625 0.06328125
0 0.4765625 0.3609375 0.07734375 0.0734375
0 0.72734375 0.528125 0.04453125 0.04140625
0 0.5546875 0.140625 0.1140625 0.103125
0 0.6421875 0.390625 0.07265625 0.06953125
0 0.40859375 0.284375 0.078125 0.078125
0 0.4125 0.675 0.06328125 0.053125
0 0.78828125 0.18828125 0.04140625 0.0390625
0 0.6046875 0.225 0.06875 0.0640625
0 0.88125 0.67578125 0.06171875 0.0625
0 0.52890625 0.96953125 0.059375 0.04765625
0 0.95 0.7421875 0.05859375 0.0609375
0 0.95625 0.615625 0.0671875 0.0796875
0 0.65 0.4515625 0.03984375 0.040625
0 0.81875 0.05859375 0.06640625 0.0625
0 0.93828125 0.67109375 0.0390625 0.0421875
0 0.85 0.903125 0.096875 0.09375
0 0.56953125 0.6046875 0.02890625 0.02890625
0 0.709375 0.70078125 0.03125 0.03125
0 0.63359375 0.89609375 0.021875 0.021875
0 0.80625 0.53984375 0.0703125 0.06875
0 0.67734375 0.709375 0.021875 0.02265625
0 0.9390625 0.771875 0.021875 0.025
0 0.8953125 0.609375 0.02734375 0.028125
0 0.8890625 0.58203125 0.03046875 0.03125
0 0.74921875 0.759375 0.02578125 0.025
0 0.38828125 0.6515625 0.02421875 0.02421875
0 0.7171875 0.778125 0.021875 0.021875
0 0.8171875 0.7234375 0.0359375 0.034375
0 0.87109375 0.803125 0.0203125 0.0203125
0 0.28046875 0.49609375 0.02734375 0.02890625
0 0.6203125 0.7515625 0.0296875 0.02890625
0 0.60625 0.47890625 0.02890625 0.03046875
0 0.896875 0.79609375 0.02890625 0.03046875
0 0.87578125 0.71953125 0.0375 0.0359375
0 0.5453125 0.90703125 0.0515625 0.04765625
0 0.3015625 0.828125 0.03515625 0.03515625
0 0.8578125 0.3296875 0.021875 0.02421875
0 0.90546875 0.121875 0.02578125 0.025
0 0.6234375 0.903125 0.028125 0.02734375
0 0.6984375 0.35546875 0.0390625 0.0390625
0 0.98359375 0.5375 0.03203125 0.04453125
0 0.66484375 0.5515625 0.02734375 0.02734375
0 0.69375 0.1703125 0.02578125 0.021875
0 0.128125 0.97421875 0.034375 0.025
0 0.5625 0.784375 0.03203125 0.034375
0 0.625 0.3171875 0.03984375 0.0390625
0 0.47578125 0.94609375 0.05234375 0.0484375
0 0.68671875 0.49375 0.021875 0.021875
0 0.490625 0.6375 0.03671875 0.0359375
0 0.9375 0.25625 0.021875 0.02109375
0 0.98359375 0.43203125 0.02265625 0.02265625
0 0.28671875 0.5609375 0.03046875 0.03125
0 0.33671875 0.92421875 0.07109375 0.0625
0 0.6296875 0.5421875 0.0265625 0.02734375
0 0.6015625 0.95625 0.03203125 0.03203125
0 0.77265625 0.79296875 0.03046875 0.03046875
0 0.753125 0.284375 0.03046875 0.028125
0 0.17109375 0.66328125 0.0265625 0.0296875
0 0.74765625 0.846875 0.0375 0.03671875
0 0.90546875 0.3109375 0.021875 0.02265625
0 0.975 0.81015625 0.0265625 0.028125
0 0.9203125 0.8453125 0.03828125 0.03984375
0 0.8 0.3328125 0.02578125 0.02578125
0 0.79296875 0.88125 0.02109375 0.02109375
0 0.89140625 0.27734375 0.02734375 0.0296875
0 0.53671875 0.3078125 0.02265625 0.021875
0 0.271875 0.23828125 0.0671875 0.0421875
0 0.64296875 0.9734375 0.02890625 0.025
0 0.70546875 0.296875 0.03046875 0.0296875
0 0.6015625 0.35 0.05078125 0.04765625
0 0.525 0.840625 0.04296875 0.04609375
0 0.80390625 0.75078125 0.03671875 0.0359375
0 0.6046875 0.5296875 0.03125 0.03046875
0 0.74921875 0.0140625 0.0453125 0.02578125
0 0.74453125 0.6546875 0.01796875 0.0171875
0 0.77265625 0.36328125 0.021875 0.02265625
0 0.23671875 0.15234375 0.05625 0.04921875
0 0.7703125 0.490625 0.0203125 0.0203125
0 0.72265625 0.36015625 0.0375 0.0390625
0 0.7546875 0.5625 0.01875 0.01953125
0 0.06640625 0.7046875 0.0265625 0.02734375
0 0.88984375 0.846875 0.0140625 0.015625
0 0.3671875 0.4484375 0.03984375 0.03671875
0 0.4390625 0.93671875 0.06796875 0.06484375
0 0.76015625 0.9296875 0.0203125 0.021875
0 0.95234375 0.4890625 0.01640625 0.01875
0 0.5265625 0.425 0.0203125 0.02109375
0 0.41171875 0.7484375 0.03359375 0.0328125
0 0.93203125 0.40625 0.0296875 0.03046875
0 0.95625 0.34921875 0.03125 0.034375
0 0.75625 0.359375 0.02421875 0.0234375