0 0.3296875 0.71171875 0.11171875 0.09765625
0 0.39140625 0.7859375 0.08203125 0.0796875
0 0.44296875 0.921875 0.0546875 0.04921875
0 0.46328125 0.965625 0.04453125 0.025
0 0.42421875 0.86171875 0.0390625 0.05234375
0 0.4 0.89296875 0.03515625 0.04140625
0 0.3453125 0.85625 0.0625 0.06875
0 0.29453125 0.9125 0.06796875 0.05859375
0 0.228125 0.846875 0.05859375 0.05625
0 0.1734375 0.5921875 0.05078125 0.05234375
0 0.19296875 0.7140625 0.11953125 0.115625
0 0.06015625 0.73359375 0.05234375 0.0484375
0 0.084375 0.68125 0.04453125 0.05234375
0 0.08828125 0.7234375 0.04453125 0.05625
0 0.115625 0.5609375 0.06015625 0.053125
0 0.10625 0.52890625 0.0375 0.03671875
0 0.11796875 0.4453125 0.08203125 0.0703125
0 0.08046875 0.38828125 0.06015625 0.06484375
0 0.4 0.9640625 0.02890625 0.01953125
0 0.428125 0.98828125 0.021875 0.015625
0 0.35078125 0.95625 0.0171875 0.0140625
0 0.3625 0.940625 0.0140625 0.01171875
0 0.2296875 0.978125 0.0296875 0.01953125
0 0.22890625 0.9234375 0.04140625 0.0390625
0 0.17265625 0.9046875 0.02734375 0.0296875
0 0.13671875 0.83515625 0.0234375 0.0296875
0 0.134375 0.8609375 0.01953125 0.01328125
0 0.1765625 0.95 0.0328125 0.021875
0 0.0984375 0.7875 0.01953125 0.02109375
0 0.2796875 0.81328125 0.02734375 0.0296875
0 0.53515625 0.9578125 0.02578125 0.0140625
0 0.5765625 0.978125 0.01953125 0.02734375
0 0.50234375 0.884375 0.08046875 0.0484375
0 0.46953125 0.775 0.0484375 0.0453125
0 0.05078125 0.7921875 0.046875 0.05078125
0 0.0125 0.8375 0.025 0.040625
0 0.2609375 0.94921875 0.01953125 0.015625
0 0.3265625 0.9546875 0.01953125 0.0171875
0 0.36875 0.96875 0.0234375 0.015625
0 0.34921875 0.9703125 0.0234375 0.01953125
0 0.3953125 0.92109375 0.02734375 0.01953125
0 0.0921875 0.6375 0.03671875 0.0328125
0 0.0359375 0.6265625 0.0328125 0.03359375