0 0.21015625 0.4515625 0.06875 0.07109375
0 0.18984375 0.5796875 0.0359375 0.0359375
0 0.34453125 0.75703125 0.10703125 0.1
0 0.07109375 0.9203125 0.0390625 0.03984375
0 0.4734375 0.603125 0.046875 0.046875
0 0.03203125 0.48046875 0.03046875 0.034375
0 0.571875 0.325 0.03125 0.03046875
0 0.2828125 0.85625 0.0328125 0.03125
0 0.621875 0.16484375 0.034375 0.03125
0 0.125 0.59296875 0.05859375 0.06640625
0 0.025 0.54609375 0.02890625 0.03203125
0 0.09375 0.39375 0.03203125 0.03828125
0 0.659375 0.34765625 0.02734375 0.0265625
0 0.34453125 0.17265625 0.04296875 0.03828125
0 0.7125 0.47421875 0.025 0.0234375
0 0.36328125 0.50703125 0.034375 0.03984375
0 0.0984375 0.48203125 0.0609375 0.06484375
0 0.3171875 0.53828125 0.021875 0.021875
0 0.64609375 0.54921875 0.10703125 0.11171875
0 0.79765625 0.37265625 0.0265625 0.02421875
0 0.65 0.1953125 0.02734375 0.025
0 0.39375 0.63125 0.0203125 0.01953125
0 0.2890625 0.59296875 0.028125 0.028125
0 0.21953125 0.534375 0.01796875 0.0171875
0 0.52890625 0.38203125 0.02734375 0.025
0 0.9390625 0.46328125 0.015625 0.01640625
0 0.40703125 0.60703125 0.02421875 0.02421875
0 0.23203125 0.75 0.01875 0.01796875
0 0.203125 0.62421875 0.0296875 0.02890625
0 0.2546875 0.61171875 0.04453125 0.04296875
0 0.525 0.41171875 0.0203125 0.01953125
0 0.325 0.06328125 0.025 0.02109375
0 0.2875 0.46015625 0.01796875 0.01875
0 0.42109375 0.3703125 0.0390625 0.03515625
0 0.4046875 0.659375 0.021875 0.02265625
0 0.44453125 0.19921875 0.090625 0.0828125
0 0.390625 0.3484375 0.0234375 0.021875
0 0.15859375 0.065625 0.0484375 0.0421875
0 0.1359375 0.58203125 0.0234375 0.02578125
0 0.1453125 0.81328125 0.0765625 0.08125
0 0.3484375 0.5828125 0.02421875 0.02421875
0 0.19921875 0.4890625 0.0171875 0.01796875
0 0.07890625 0.309375 0.01875 0.0203125
0 0.18359375 0.353125 0.025 0.02578125
0 0.32265625 0.384375 0.028125 0.028125
0 0.0421875 0.3828125 0.015625 0.0203125
0 0.509375 0.46953125 0.01875 0.0171875
0 0.0578125 0.70703125 0.01953125 0.021875
0 0.69453125 0.36484375 0.01796875 0.01640625
0 0.05546875 0.49140625 0.0125 0.01484375
0 0.5328125 0.63046875 0.0234375 0.0234375
0 0.0109375 0.3625 0.02109375 0.0359375
0 0.88515625 0.334375 0.01484375 0.01484375
0 0.17109375 0.3984375 0.015625 0.0171875
0 0.92734375 0.38671875 0.0234375 0.01875
0 0.6265625 0.39375 0.02890625 0.0296875
0 0.04609375 0.67265625 0.03359375 0.040625
0 0.8765625 0.31640625 0.01640625 0.0171875
0 0.15 0.73984375 0.0265625 0.028125
0 0.225 0.7828125 0.0171875 0.0203125
0 0.178125 0.1546875 0.01640625 0.015625
0 0.25703125 0.55703125 0.028125 0.02890625
0 0.0921875 0.634375 0.02109375 0.0234375
0 0.43515625 0.27109375 0.02109375 0.01953125
0 0.11328125 0.08828125 0.015625 0.015625
0 0.07578125 0.746875 0.0234375 0.0265625
0 0.12578125 0.3359375 0.04296875 0.0484375
0 0.39453125 0.71796875 0.01640625 0.0171875
0 0.72734375 0.2328125 0.021875 0.0203125
0 0.253125 0.5171875 0.01640625 0.0171875
0 0.30234375 0.42578125 0.03984375 0.04296875
0 0.0671875 0.2703125 0.03671875 0.04375
0 0.47578125 0.32421875 0.0171875 0.01640625
0 0.6453125 0.24765625 0.03515625 0.0453125
0 0.72890625 0.27265625 0.015625 0.015625
0 0.31328125 0.71875 0.02265625 0.021875