0 0.1265625 0.1296875 0.03515625 0.0296875
0 0.23046875 0.0484375 0.02890625 0.02734375
0 0.1734375 0.07734375 0.0625 0.0609375
0 0.19765625 0.084375 0.02578125 0.02578125
0 0.3109375 0.06171875 0.0234375 0.01953125
0 0.26015625 0.0328125 0.09375 0.05625
0 0.33828125 0.0828125 0.02578125 0.02734375
0 0.36953125 0.08203125 0.02578125 0.02109375
0 0.409375 0.0765625 0.0296875 0.01953125
0 0.39140625 0.06015625 0.040625 0.015625
0 0.359375 0.06015625 0.015625 0.02109375
0 0.346875 0.021875 0.025 0.02109375
0 0.39296875 0.0390625 0.046875 0.03125
0 0.43203125 0.021875 0.0234375 0.021875
0 0.4765625 0.115625 0.015625 0.015625
0 0.4984375 0.109375 0.025 0.02109375
0 0.48046875 0.0875 0.02109375 0.0140625
0 0.475 0.0453125 0.01796875 0.0140625
0 0.5328125 0.0578125 0.0453125 0.025
0 0.5359375 0.078125 0.02734375 0.02109375
0 0.58984375 0.10546875 0.03359375 0.02890625
0 0.6203125 0.12421875 0.0296875 0.0328125
0 0.6046875 0.078125 0.025 0.01328125
0 0.6875 0.10234375 0.0703125 0.05078125
0 0.82421875 0.16640625 0.046875 0.0390625
0 0.865625 0.22734375 0.0484375 0.0609375
0 0.95625 0.2890625 0.0328125 0.04453125
0 0.95390625 0.2453125 0.025 0.01953125
0 0.89453125 0.159375 0.02890625 0.02734375
0 0.75703125 0.1 0.04296875 0.025
0 0.7328125 0.159375 0.0375 0.0375
0 0.65390625 0.021875 0.04921875 0.0296875
0 0.490625 0.03046875 0.03359375 0.0140625
0 0.90546875 0.18828125 0.01953125 0.0171875
0 0.91640625 0.16484375 0.02578125 0.021875
0 0.94296875 0.2203125 0.02109375 0.021875
0 0.9203125 0.20546875 0.025 0.015625
0 0.96171875 0.2046875 0.01953125 0.021875
0 0.95625 0.1796875 0.0140625 0.02109375
0 0.66875 0.06640625 0.0296875 0.01796875
0 0.575 0.04765625 0.025 0.01953125