0 0.33984375 0.36015625 0.03359375 0.0296875
0 0.38203125 0.31796875 0.11328125 0.11171875
0 0.38671875 0.24140625 0.04453125 0.0328125
0 0.40234375 0.1859375 0.04921875 0.0453125
0 0.35 0.19921875 0.0453125 0.0546875
0 0.440625 0.73125 0.08203125 0.0765625
1 0.378125 0.3109375 0.021875 0.02578125
1 0.43828125 0.728125 0.021875 0.02890625
0 0.3140625 0.50859375 0.17421875 0.17578125
0 0.4671875 0.3421875 0.03125 0.02890625
0 0.52578125 0.53125 0.04140625 0.046875
0 0.53359375 0.40078125 0.04453125 0.04140625
0 0.5609375 0.71875 0.02578125 0.03125
0 0.5828125 0.66796875 0.025 0.03125
0 0.51328125 0.6546875 0.07578125 0.053125
0 0.57265625 0.6109375 0.02578125 0.03671875
0 0.596875 0.446875 0.04296875 0.04140625
0 0.5453125 0.2796875 0.0796875 0.103125
0 0.453125 0.13515625 0.03671875 0.04140625
0 0.384375 0.059375 0.0453125 0.03515625
0 0.5296875 0.746875 0.03515625 0.0453125
0 0.4734375 0.540625 0.021875 0.02578125
0 0.43515625 0.5140625 0.03359375 0.0296875
0 0.43125 0.4109375 0.03359375 0.0484375
0 0.465625 0.22734375 0.040625 0.025
0 0.6765625 0.69375 0.08203125 0.0640625
0 0.60078125 0.84921875 0.06640625 0.04921875
0 0.55625 0.85078125 0.03515625 0.0296875
0 0.515625 0.8796875 0.03125 0.025
0 0.675 0.3140625 0.040625 0.0328125
0 0.7015625 0.353125 0.05234375 0.0484375
0 0.71015625 0.390625 0.0328125 0.03359375
0 0.56484375 0.41640625 0.03125 0.02890625
0 0.490625 0.45703125 0.0390625 0.04453125
0 0.58046875 0.16328125 0.046875 0.04296875
0 0.50703125 0.3609375 0.0296875 0.02890625
0 0.45390625 0.02265625 0.0796875 0.0453125
1 0.46640625 0.01015625 0.0265625 0.0203125
0 0.40078125 0.65859375 0.078125 0.08046875
0 0.421875 0.6390625 0.03359375 0.0328125