0 0.3390625 0.10078125 0.0765625 0.0640625
0 0.1421875 0.35 0.0625 0.05703125
0 0.11953125 0.278125 0.04453125 0.05625
0 0.30546875 0.40078125 0.04296875 0.046875
0 0.23203125 0.3734375 0.07578125 0.071875
0 0.06796875 0.54375 0.09921875 0.10546875
1 0.0640625 0.5484375 0.01953125 0.03125
0 0.59375 0.6546875 0.06484375 0.06015625
0 0.75703125 0.0203125 0.0578125 0.040625
0 0.5203125 0.1703125 0.06875 0.0484375
0 0.33046875 0.7171875 0.0546875 0.06484375
0 0.1765625 0.42109375 0.0609375 0.06875
0 0.0203125 0.38984375 0.040625 0.0578125