0 0.14765625 0.80859375 0.0234375 0.02578125
0 0.2765625 0.8796875 0.02265625 0.01640625
0 0.48828125 0.9140625 0.0515625 0.0375
1 0.03984375 0.65703125 0.01640625 0.02265625
1 0.12265625 0.75859375 0.0140625 0.01484375
1 0.1828125 0.8 0.015625 0.01875
1 0.2515625 0.85078125 0.01953125 0.0140625
1 0.15234375 0.7625 0.01796875 0.01953125
0 0.6078125 0.93984375 0.05234375 0.02890625
1 0.0921875 0.7296875 0.02578125 0.0328125
1 0.4515625 0.92421875 0.04140625 0.03125
1 0.05390625 0.6796875 0.0125 0.0125
0 0.334375 0.89296875 0.01953125 0.015625
0 0.6578125 0.93828125 0.028125 0.0203125
1 0.3140625 0.8734375 0.028125 0.0203125
1 0.15625 0.79140625 0.028125 0.03203125
1 0.36171875 0.921875 0.01875 0.01953125