0 0.3890625 0.765625 0.0375 0.03515625
0 0.4203125 0.8640625 0.04375 0.040625
0 0.3265625 0.715625 0.01953125 0.0203125
0 0.415625 0.7375 0.0265625 0.02578125
0 0.37578125 0.65703125 0.021875 0.02265625
0 0.35703125 0.5109375 0.01953125 0.0203125
0 0.5046875 0.66328125 0.05390625 0.05703125
0 0.3484375 0.75859375 0.02265625 0.0234375
0 0.22734375 0.62109375 0.0171875 0.01953125
0 0.43125 0.58515625 0.03671875 0.0359375
0 0.340625 0.8625 0.03828125 0.0359375
0 0.3953125 0.5125 0.01796875 0.01875
0 0.35234375 0.7140625 0.01796875 0.01796875
0 0.22421875 0.6921875 0.0234375 0.025
0 0.20703125 0.378125 0.01953125 0.021875
0 0.4671875 0.64609375 0.01796875 0.01875
0 0.33828125 0.4390625 0.03125 0.0296875
0 0.2484375 0.76875 0.0359375 0.0328125
0 0.34453125 0.59453125 0.01953125 0.021875
0 0.25859375 0.3046875 0.01796875 0.0171875
0 0.39921875 0.66640625 0.021875 0.02109375
0 0.3484375 0.4015625 0.034375 0.03671875
0 0.2859375 0.74609375 0.028125 0.0296875
0 0.36875 0.44140625 0.0203125 0.02265625
0 0.2828125 0.4421875 0.025 0.025
0 0.28984375 0.80390625 0.025 0.02578125
0 0.29140625 0.56484375 0.01640625 0.01796875
0 0.35234375 0.675 0.01640625 0.01875
0 0.30703125 0.4421875 0.015625 0.015625
0 0.4015625 0.64140625 0.02109375 0.02265625
0 0.31875 0.61953125 0.0265625 0.028125
0 0.28359375 0.28984375 0.0140625 0.01484375
0 0.2640625 0.51875 0.03984375 0.04140625
0 0.3640625 0.6234375 0.0265625 0.0265625
0 0.1625 0.61015625 0.0328125 0.03828125
0 0.3875 0.6953125 0.0171875 0.0171875
0 0.39609375 0.534375 0.01484375 0.01484375
0 0.39453125 0.6203125 0.01953125 0.02109375
0 0.44765625 0.7484375 0.03046875 0.02734375
0 0.10234375 0.39765625 0.01953125 0.02265625
0 0.32734375 0.3734375 0.0171875 0.0171875
0 0.5484375 0.5375 0.0265625 0.028125
0 0.378125 0.91171875 0.04375 0.034375
0 0.35 0.24375 0.0203125 0.01875
0 0.31328125 0.57890625 0.0234375 0.02421875
0 0.4296875 0.5265625 0.028125 0.02734375
0 0.4578125 0.81328125 0.0265625 0.02734375
0 0.52109375 0.4609375 0.05078125 0.0515625
0 0.50859375 0.04140625 0.0546875 0.0328125
0 0.384375 0.58046875 0.01640625 0.0171875
0 0.4484375 0.2046875 0.03828125 0.03515625
0 0.5046875 0.26171875 0.0359375 0.034375
0 0.24609375 0.38125 0.0578125 0.0578125
0 0.2140625 0.75625 0.0328125 0.03359375
0 0.3875 0.8 0.01640625 0.0171875
0 0.46015625 0.5109375 0.0265625 0.02578125
0 0.30703125 0.2015625 0.01796875 0.0171875
0 0.365625 0.47734375 0.01328125 0.0140625
0 0.20546875 0.33125 0.0140625 0.015625
0 0.2515625 0.63984375 0.02109375 0.02421875
0 0.19765625 0.7828125 0.03125 0.03515625
0 0.425 0.69609375 0.046875 0.0453125
0 0.515625 0.61015625 0.01640625 0.015625
0 0.1703125 0.5609375 0.02578125 0.03046875
0 0.40546875 0.42578125 0.0265625 0.0265625
0 0.29140625 0.8921875 0.03203125 0.028125
0 0.5578125 0.7234375 0.03203125 0.0328125
0 0.2046875 0.48515625 0.02578125 0.02734375
0 0.1875 0.42734375 0.01328125 0.015625
0 0.58203125 0.1765625 0.02890625 0.02578125
0 0.27734375 0.25234375 0.028125 0.02890625
0 0.3578125 0.1640625 0.0171875 0.0171875
0 0.1625 0.7515625 0.0234375 0.0265625
0 0.28515625 0.66171875 0.02890625 0.02890625
0 0.49375 0.7109375 0.03125 0.0296875
0 0.50390625 0.57265625 0.04453125 0.040625
0 0.3484375 0.28828125 0.06328125 0.06328125
0 0.5921875 0.31875 0.0546875 0.0546875
0 0.53984375 0.75703125 0.0359375 0.0328125
0 0.384375 0.83125 0.021875 0.02421875
0 0.45625 0.6796875 0.034375 0.03515625
0 0.61484375 0.56328125 0.034375 0.03515625
0 0.4046875 0.275 0.0359375 0.03515625
0 0.35625 0.35234375 0.03359375 0.03203125
0 0.50859375 0.9078125 0.05 0.0421875
0 0.52421875 0.7140625 0.02578125 0.02578125
0 0.45546875 0.88125 0.02890625 0.02578125
0 0.64375 0.659375 0.03359375 0.03359375
0 0.44453125 0.1421875 0.046875 0.04453125
0 0.43125 0.93671875 0.01953125 0.02109375
0 0.51015625 0.52734375 0.01953125 0.01953125
0 0.60390625 0.396875 0.03515625 0.03671875
0 0.4484375 0.5671875 0.05546875 0.05703125
0 0.57734375 0.5765625 0.05234375 0.05546875
0 0.3421875 0.19765625 0.01875 0.0171875
0 0.5890625 0.840625 0.028125 0.02734375
0 0.57890625 0.7671875 0.02734375 0.0265625
0 0.5890625 0.47890625 0.03203125 0.0328125
0 0.55703125 0.42109375 0.0234375 0.02578125
0 0.446875 0.24375 0.02265625 0.0203125
0 0.45234375 0.9359375 0.0375 0.0328125
0 0.48515625 0.4609375 0.028125 0.0296875
0 0.56875 0.2703125 0.03359375 0.034375
0 0.41171875 0.18515625 0.03046875 0.0265625
0 0.471875 0.365625 0.07734375 0.075
0 0.2578125 0.925 0.021875 0.02265625
0 0.55 0.94140625 0.0234375 0.01953125
0 0.19921875 0.1984375 0.01640625 0.01640625
0 0.4078125 0.3640625 0.0421875 0.0453125
0 0.54921875 0.2875 0.0265625 0.02421875
0 0.3921875 0.8875 0.040625 0.03515625
0 0.24375 0.20546875 0.0484375 0.04375
0 0.46796875 0.0734375 0.021875 0.01640625
0 0.6265625 0.778125 0.040625 0.03359375
0 0.41484375 0.13046875 0.0453125 0.04296875
0 0.4546875 0.2953125 0.04921875 0.0484375
0 0.47578125 0.5375 0.04765625 0.04609375
0 0.290625 0.39453125 0.02578125 0.0421875
0 0.6625 0.55 0.0125 0.015625
0 0.50859375 0.21484375 0.040625 0.0390625
0 0.103125 0.2875 0.025 0.0234375
1 0.675 0.53046875 0.0140625 0.0203125
1 0.3 0.1984375 0.01015625 0.0109375
1 0.6921875 0.69765625 0.0109375 0.01484375