0 0.7515625 0.0921875 0.040625 0.0328125
0 0.7984375 0.1078125 0.0421875 0.03515625
0 0.7109375 0.05078125 0.06640625 0.05
0 0.8546875 0.0546875 0.01640625 0.015625
0 0.8234375 0.19765625 0.04921875 0.04375
0 0.79140625 0.06328125 0.02421875 0.021875
0 0.89296875 0.1828125 0.025 0.02578125
0 0.9234375 0.25234375 0.01484375 0.0140625
0 0.97109375 0.415625 0.02734375 0.03125
0 0.7734375 0.0515625 0.01953125 0.01640625
0 0.63828125 0.03125 0.05390625 0.04296875
0 0.8421875 0.27265625 0.0375 0.0390625
1 0.69140625 0.1046875 0.01640625 0.01328125
0 0.82734375 0.02109375 0.02890625 0.021875
0 0.96796875 0.2546875 0.01328125 0.0140625
1 0.97578125 0.5046875 0.02109375 0.021875
0 0.91953125 0.325 0.01484375 0.015625
0 0.93828125 0.325 0.01640625 0.015625
1 0.61171875 0.02109375 0.02421875 0.02109375
1 0.6265625 0.05 0.021875 0.025
0 0.95234375 0.4109375 0.01796875 0.0234375
1 0.803125 0.26328125 0.03203125 0.0296875
1 0.87265625 0.45078125 0.01015625 0.01796875
0 0.90546875 0.44140625 0.01953125 0.02109375
1 0.86484375 0.1921875 0.0421875 0.0390625
0 0.96015625 0.31328125 0.01328125 0.0140625
0 0.971875 0.4453125 0.021875 0.025
0 0.684375 0.03203125 0.025 0.021875
0 0.80078125 0.0859375 0.0234375 0.021875
0 0.77265625 0.02578125 0.01484375 0.0140625
0 0.678125 0.01796875 0.02890625 0.02265625
0 0.8734375 0.2390625 0.053125 0.0515625
0 0.87421875 0.33828125 0.071875 0.0734375
0 0.93671875 0.4671875 0.01484375 0.01875
1 0.9734375 0.56875 0.0234375 0.0234375
1 0.82578125 0.27578125 0.0234375 0.025
1 0.96015625 0.3796875 0.021875 0.025
1 0.77265625 0.209375 0.021875 0.02109375
1 0.9953125 0.5734375 0.009375 0.0265625