0 0.16484375 0.2 0.0234375 0.02265625
0 0.25 0.16640625 0.02109375 0.0171875
0 0.446875 0.0890625 0.02890625 0.01796875
0 0.35234375 0.0953125 0.03125 0.01796875
0 0.26328125 0.125 0.0296875 0.02265625
0 0.7015625 0.128125 0.02265625 0.01640625
0 0.65234375 0.09765625 0.025 0.01484375
0 0.30390625 0.1015625 0.03046875 0.01875
0 0.41015625 0.096875 0.03203125 0.0171875
0 0.78203125 0.1375 0.02890625 0.02265625
0 0.19921875 0.13125 0.02265625 0.01640625
0 0.38984375 0.08125 0.0234375 0.01328125
0 0.4515625 0.0453125 0.01875 0.00859375
0 0.43515625 0.0625 0.02421875 0.0125
0 0.86875 0.2046875 0.01875 0.01875
0 0.45546875 0.13203125 0.03515625 0.028125
0 0.78984375 0.125 0.02265625 0.0171875
0 0.34921875 0.12109375 0.03203125 0.02421875
1 0.8015625 0.19140625 0.02421875 0.0203125
0 0.228125 0.17578125 0.0328125 0.03046875
0 0.7796875 0.1625 0.04609375 0.0390625
0 0.2734375 0.15546875 0.0328125 0.0265625
0 0.84453125 0.16015625 0.01953125 0.0171875
0 0.81796875 0.1296875 0.02265625 0.0171875
0 0.5109375 0.0578125 0.01484375 0.009375
0 0.51328125 0.06484375 0.01328125 0.009375
0 0.20625 0.16484375 0.021875 0.01875
1 0.32734375 0.13984375 0.02890625 0.02265625
0 0.2453125 0.103125 0.03203125 0.0203125
0 0.453125 0.02265625 0.0203125 0.00859375
0 0.51796875 0.02890625 0.0234375 0.00859375
0 0.49453125 0.0515625 0.0140625 0.01015625