0 0.5390625 0.80859375 0.040625 0.03828125
0 0.1796875 0.84453125 0.03359375 0.03359375
0 0.8171875 0.9265625 0.05078125 0.04453125
0 0.73984375 0.82734375 0.0640625 0.0546875
0 0.2453125 0.415625 0.05 0.0453125
0 0.4 0.92734375 0.04375 0.0421875
0 0.0265625 0.6984375 0.0328125 0.0359375
0 0.1234375 0.7703125 0.01640625 0.01953125
0 0.08515625 0.3375 0.04140625 0.04453125
0 0.43515625 0.57734375 0.01875 0.0203125
0 0.31171875 0.69375 0.01796875 0.01875
0 0.42578125 0.6609375 0.01328125 0.01484375
0 0.1515625 0.76015625 0.0140625 0.01484375
0 0.534375 0.615625 0.06484375 0.0671875
0 0.35859375 0.64375 0.01328125 0.01328125
0 0.31015625 0.57421875 0.01484375 0.01484375
0 0.34375 0.5375 0.01796875 0.01875
0 0.30390625 0.8375 0.0171875 0.01640625
0 0.39609375 0.63046875 0.01328125 0.01328125
0 0.23125 0.73046875 0.0109375 0.0109375
0 0.859375 0.4046875 0.0109375 0.0125
0 0.746875 0.759375 0.0203125 0.01953125
1 0.2796875 0.8078125 0.01640625 0.01484375
1 0.0296875 0.85234375 0.01171875 0.0125
0 0.3109375 0.8296875 0.02265625 0.02265625
0 0.23828125 0.9421875 0.0296875 0.0265625
0 0.2125 0.1546875 0.04921875 0.06015625
0 0.090625 0.84375 0.01328125 0.01484375
0 0.96015625 0.48828125 0.03984375 0.040625
0 0.146875 0.84296875 0.01171875 0.0125
0 0.2984375 0.51015625 0.0546875 0.0546875
0 0.44609375 0.8640625 0.02578125 0.02421875
0 0.35390625 0.51484375 0.01875 0.01875
0 0.4921875 0.9359375 0.0296875 0.02734375
0 0.0984375 0.4921875 0.0703125 0.08359375
1 0.25625 0.10625 0.01796875 0.01796875
0 0.0515625 0.834375 0.01015625 0.0109375
0 0.08828125 0.903125 0.01328125 0.01328125
0 0.521875 0.85703125 0.01640625 0.0203125
0 0.19609375 0.7140625 0.009375 0.01015625
0 0.878125 0.57890625 0.0109375 0.0125
0 0.0671875 0.3734375 0.015625 0.01796875
0 0.65625 0.4359375 0.03984375 0.040625
0 0.21875 0.95234375 0.01171875 0.0125
0 0.93984375 0.63515625 0.0140625 0.0140625
0 0.88984375 0.63984375 0.01171875 0.0125
0 0.840625 0.678125 0.01171875 0.0125
0 0.2828125 0.71953125 0.05 0.0484375
0 0.16015625 0.7328125 0.0125 0.0125
0 0.740625 0.55390625 0.03125 0.03203125
0 0.84375 0.7921875 0.04375 0.04296875
0 0.18125 0.384375 0.01875 0.0203125
1 0.20703125 0.1390625 0.01953125 0.01953125
0 0.5140625 0.81328125 0.03046875 0.0328125
0 0.028125 0.734375 0.0421875 0.053125
1 0.37421875 0.9859375 0.0125 0.01171875
0 0.29296875 0.90546875 0.01015625 0.01171875
0 0.490625 0.71953125 0.02265625 0.021875
0 0.915625 0.42109375 0.01171875 0.01171875
0 0.1546875 0.659375 0.046875 0.046875
0 0.56875 0.975 0.0484375 0.0421875
0 0.0453125 0.04375 0.04453125 0.04375
0 0.9140625 0.38359375 0.01640625 0.015625
1 0.36875 0.81015625 0.01796875 0.0171875
0 0.9953125 0.86171875 0.009375 0.03359375
0 0.8265625 0.26328125 0.0328125 0.03203125
0 0.06640625 0.4734375 0.02109375 0.025
0 0.13203125 0.33671875 0.01875 0.01953125
1 0.3859375 0.97265625 0.01015625 0.01171875
0 0.9265625 0.86875 0.01171875 0.0140625
1 0.31796875 0.94375 0.009375 0.01015625
0 0.61015625 0.8953125 0.03828125 0.03671875
0 0.7875 0.24375 0.0390625 0.03359375
0 0.04453125 0.4515625 0.02578125 0.034375
1 0.1359375 0.9109375 0.0078125 0.00859375
0 0.165625 0.21484375 0.01328125 0.01328125
0 0.4671875 0.49609375 0.015625 0.01640625
0 0.04765625 0.18515625 0.0515625 0.0546875
0 0.9453125 0.37734375 0.01796875 0.01875
0 0.803125 0.365625 0.03203125 0.02890625
0 0.55625 0.6796875 0.0515625 0.05078125
1 0.8015625 0.93359375 0.01171875 0.0125
1 0.48984375 0.9671875 0.009375 0.01015625
0 0.3390625 0.453125 0.03515625 0.04921875
0 0.753125 0.4765625 0.04921875 0.05703125
1 0.10703125 0.275 0.03359375 0.028125
0 0.25703125 0.03984375 0.025 0.02421875
1 0.39609375 0.871875 0.021875 0.021875
0 0.334375 0.6625 0.04140625 0.04140625
0 0.915625 0.11328125 0.0734375 0.07109375
0 0.3859375 0.753125 0.05234375 0.0515625
0 0.79609375 0.01484375 0.01953125 0.01640625
0 0.93671875 0.79296875 0.02734375 0.028125
0 0.4375 0.45859375 0.02578125 0.02109375
1 0.35 0.92265625 0.02578125 0.02578125
1 0.02109375 0.94453125 0.00703125 0.0078125
1 0.02890625 0.5203125 0.01875 0.05234375
0 0.884375 0.29921875 0.0546875 0.053125
1 0.778125 0.3453125 0.04140625 0.03984375
0 0.31328125 0.01015625 0.02578125 0.01875
0 0.17734375 0.9703125 0.0109375 0.0109375
0 0.5265625 0.54453125 0.03359375 0.03046875
0 0.82265625 0.7171875 0.046875 0.0484375
1 0.128125 0.20859375 0.02578125 0.03671875
1 0.10390625 0.09609375 0.015625 0.04375
1 0.41875 0.41953125 0.01484375 0.03984375
1 0.40078125 0.26015625 0.0203125 0.02734375
1 0.078125 0.01484375 0.02578125 0.028125
1 0.74375 0.1015625 0.025 0.0484375
1 0.646875 0.04765625 0.01953125 0.03046875
1 0.659375 0.08203125 0.028125 0.0375
1 0.66328125 0.125 0.0359375 0.0359375
1 0.01171875 0.04453125 0.02265625 0.03671875
1 0.6140625 0.0171875 0.01796875 0.02890625
1 0.9453125 0.26640625 0.04296875 0.06796875
1 0.48671875 0.09140625 0.0109375 0.0390625
1 0.4 0.4546875 0.03125 0.0421875