0 0.790625 0.225 0.02265625 0.0203125
0 0.25390625 0.253125 0.021875 0.0203125
0 0.78984375 0.54375 0.02109375 0.02578125
0 0.85546875 0.43125 0.01484375 0.01796875
0 0.57890625 0.81015625 0.02578125 0.025
0 0.715625 0.17578125 0.0234375 0.02109375
0 0.12109375 0.39609375 0.02578125 0.028125
0 0.7375 0.11015625 0.0171875 0.015625
0 0.1765625 0.421875 0.02109375 0.02265625
0 0.178125 0.575 0.01953125 0.0234375
0 0.2078125 0.5203125 0.0328125 0.03515625
0 0.3296875 0.5 0.0328125 0.03046875
0 0.353125 0.27109375 0.02265625 0.01953125
0 0.59296875 0.67890625 0.02734375 0.0265625
0 0.65703125 0.47890625 0.01875 0.01953125
0 0.89140625 0.5046875 0.01640625 0.01953125
0 0.2953125 0.35078125 0.0328125 0.03125
0 0.3140625 0.7390625 0.0265625 0.0265625
0 0.12109375 0.6328125 0.025 0.0265625
0 0.59140625 0.8328125 0.021875 0.0203125
0 0.65234375 0.51640625 0.0171875 0.0203125
0 0.9140625 0.3765625 0.0171875 0.0203125
0 0.66953125 0.6703125 0.0234375 0.0234375
0 0.6359375 0.52890625 0.02578125 0.02578125
0 0.37578125 0.46171875 0.02734375 0.02734375
0 0.4828125 0.23828125 0.02109375 0.01953125
0 0.56875 0.52890625 0.02265625 0.0234375
0 0.62109375 0.74140625 0.03828125 0.0359375
0 0.6390625 0.396875 0.02890625 0.03046875
0 0.54765625 0.4984375 0.02578125 0.025
0 0.34140625 0.4265625 0.0296875 0.03046875
0 0.46953125 0.0421875 0.02734375 0.015625
0 0.35390625 0.1875 0.01796875 0.01796875
0 0.83515625 0.73515625 0.0234375 0.02421875
0 0.53984375 0.090625 0.025 0.01953125
0 0.35 0.78046875 0.01640625 0.0171875
0 0.475 0.21484375 0.02265625 0.01953125
0 0.72421875 0.55625 0.0390625 0.04140625
0 0.303125 0.41953125 0.03984375 0.03671875
0 0.6765625 0.4078125 0.040625 0.04609375
0 0.6453125 0.278125 0.03671875 0.034375
0 0.6125 0.90859375 0.028125 0.02578125
0 0.31953125 0.61796875 0.0328125 0.03203125
0 0.16328125 0.54296875 0.03359375 0.0421875
0 0.725 0.2875 0.03203125 0.02890625
0 0.6625 0.09140625 0.0203125 0.0171875
0 0.46171875 0.4484375 0.02734375 0.0265625
0 0.79921875 0.43984375 0.05546875 0.06015625
0 0.71015625 0.4515625 0.03125 0.03515625
0 0.75703125 0.36484375 0.0265625 0.0265625
0 0.678125 0.21640625 0.021875 0.01953125
0 0.55546875 0.159375 0.0296875 0.021875
0 0.5765625 0.05234375 0.01796875 0.0125
0 0.65 0.159375 0.0375 0.0296875
0 0.41484375 0.4859375 0.01875 0.01796875
0 0.52421875 0.18984375 0.0359375 0.03046875
0 0.5453125 0.4296875 0.0265625 0.0265625
0 0.43828125 0.14453125 0.0328125 0.02421875
0 0.20234375 0.475 0.04921875 0.05234375
0 0.0859375 0.5265625 0.0453125 0.06015625
0 0.590625 0.1890625 0.02578125 0.0203125
0 0.2875 0.1296875 0.02421875 0.01953125
0 0.9234375 0.73046875 0.01484375 0.021875
0 0.84453125 0.334375 0.04296875 0.04921875
0 0.4078125 0.378125 0.03828125 0.0359375
0 0.421875 0.12421875 0.025 0.02109375
0 0.5703125 0.64296875 0.01953125 0.02109375
0 0.19140625 0.1546875 0.0421875 0.0359375
0 0.41796875 0.21875 0.03828125 0.02890625
0 0.83515625 0.31953125 0.0203125 0.01875
0 0.72109375 0.32890625 0.04296875 0.046875
0 0.3765625 0.4046875 0.0375 0.04140625