0 0.68828125 0.8640625 0.1078125 0.09921875
0 0.8359375 0.70703125 0.078125 0.0921875
0 0.853125 0.8125 0.0671875 0.06171875
0 0.9015625 0.44453125 0.025 0.0359375
0 0.9671875 0.3921875 0.01875 0.040625
0 0.953125 0.56484375 0.04375 0.0421875
0 0.39609375 0.96953125 0.05546875 0.0515625
0 0.15234375 0.97421875 0.05859375 0.0484375
0 0.2 0.46796875 0.05 0.04453125
0 0.1328125 0.45546875 0.0421875 0.0421875
0 0.5140625 0.075 0.1390625 0.125
0 0.6859375 0.41640625 0.03125 0.0234375
0 0.6265625 0.5203125 0.025 0.028125