0 0.24453125 0.41171875 0.059375 0.0640625
0 0.371875 0.50390625 0.04375 0.0578125
0 0.403125 0.46875 0.05625 0.06875
0 0.509375 0.42578125 0.0578125 0.0609375
0 0.5421875 0.45078125 0.025 0.0328125
0 0.58046875 0.41328125 0.075 0.0671875
0 0.61015625 0.528125 0.0484375 0.046875
0 0.65625 0.54765625 0.0359375 0.0671875
0 0.9015625 0.6859375 0.0578125 0.078125
0 0.96953125 0.61953125 0.04453125 0.0578125
0 0.75859375 0.49296875 0.196875 0.21640625
0 0.23359375 0.515625 0.0328125 0.04296875
0 0.315625 0.37890625 0.06875 0.08203125
0 0.3 0.57578125 0.040625 0.03828125
0 0.453125 0.54453125 0.0359375 0.0328125
0 0.5 0.51015625 0.03125 0.03203125
0 0.55859375 0.50546875 0.046875 0.04140625
0 0.56796875 0.675 0.0359375 0.04375
0 0.60703125 0.63125 0.0203125 0.02421875
0 0.61875 0.59140625 0.025 0.02578125
0 0.1953125 0.684375 0.046875 0.046875
0 0.1 0.38125 0.046875 0.05
0 0.1875 0.4828125 0.0421875 0.034375
0 0.1578125 0.41953125 0.0359375 0.0484375
0 0.775 0.64375 0.028125 0.028125
0 0.69921875 0.63203125 0.03125 0.0328125
0 0.3125 0.640625 0.0421875 0.034375
0 0.271875 0.6578125 0.03984375 0.040625
0 0.2375 0.61484375 0.040625 0.04140625
0 0.075 0.509375 0.0484375 0.03359375
0 0.53515625 0.60546875 0.05859375 0.0578125
0 0.50390625 0.56484375 0.0390625 0.04765625
0 0.4796875 0.5984375 0.04453125 0.04375
0 0.496875 0.675 0.0328125 0.028125
0 0.45390625 0.65546875 0.0375 0.0359375
0 0.29296875 0.48359375 0.02734375 0.02578125
0 0.0828125 0.615625 0.053125 0.0625
0 0.74375 0.72109375 0.059375 0.0421875
0 0.67421875 0.68984375 0.04609375 0.0421875
0 0.8109375 0.69375 0.034375 0.03125
0 0.5328125 0.78203125 0.05625 0.0515625
0 0.53828125 0.71953125 0.05234375 0.04453125
0 0.2765625 0.70078125 0.025 0.0296875
0 0.68046875 0.80390625 0.053125 0.04140625
0 0.81875 0.75625 0.046875 0.05
0 0.8484375 0.50625 0.053125 0.07109375
0 0.34140625 0.58125 0.02421875 0.028125
0 0.1203125 0.65859375 0.0375 0.0390625
0 0.06875 0.6609375 0.0296875 0.028125
0 0.36171875 0.778125 0.07734375 0.0625
0 0.4640625 0.51015625 0.0375 0.03515625
0 0.3765625 0.6140625 0.0234375 0.02109375
0 0.35546875 0.69140625 0.0234375 0.0296875
0 0.1828125 0.75078125 0.0359375 0.02890625
0 0.0265625 0.60546875 0.0515625 0.06953125
0 0.59921875 0.771875 0.04375 0.03984375
0 0.63671875 0.725 0.0390625 0.034375
0 0.640625 0.771875 0.034375 0.03984375
1 0.75859375 0.44609375 0.071875 0.0390625
1 0.75625 0.5265625 0.0609375 0.05