0 0.15625 0.7828125 0.021875 0.02265625
0 0.2 0.37734375 0.02109375 0.021875
0 0.39140625 0.41875 0.0234375 0.02265625
0 0.490625 0.4234375 0.02109375 0.01953125
0 0.30078125 0.46875 0.02109375 0.02109375
0 0.92421875 0.77890625 0.02578125 0.0265625
0 0.1125 0.65546875 0.02265625 0.025
0 0.36484375 0.4390625 0.01796875 0.0203125
0 0.9296875 0.41640625 0.0234375 0.02578125
0 0.50625 0.509375 0.025 0.025
0 0.81328125 0.5375 0.0265625 0.028125
0 0.18046875 0.76328125 0.0171875 0.01796875
0 0.6046875 0.4953125 0.01796875 0.01796875
0 0.04765625 0.78046875 0.02109375 0.025
0 0.17109375 0.4703125 0.025 0.0296875
0 0.0640625 0.60078125 0.0234375 0.0265625
0 0.0859375 0.6375 0.01484375 0.01640625
0 0.409375 0.3734375 0.0296875 0.0296875
0 0.39296875 0.2890625 0.021875 0.02265625
0 0.06796875 0.47890625 0.01640625 0.01875
0 0.9 0.42109375 0.02109375 0.0234375
0 0.4625 0.490625 0.01875 0.01875
0 0.15625 0.5875 0.01328125 0.01640625
0 0.23828125 0.71328125 0.05390625 0.05625
0 0.1515625 0.3546875 0.0234375 0.0265625
0 0.70234375 0.7296875 0.015625 0.015625
0 0.58515625 0.43984375 0.025 0.025
0 0.82109375 0.39921875 0.01953125 0.02265625
0 0.27734375 0.9015625 0.0203125 0.01875
0 0.1578125 0.328125 0.021875 0.02421875
0 0.1765625 0.553125 0.02421875 0.03046875
0 0.1828125 0.67109375 0.02421875 0.025
0 0.39296875 0.6984375 0.04765625 0.04375
0 0.1765625 0.3578125 0.034375 0.03515625
0 0.65859375 0.6890625 0.0453125 0.04453125
0 0.11640625 0.47734375 0.0296875 0.03203125
0 0.5015625 0.57734375 0.06953125 0.06328125
0 0.18203125 0.8078125 0.015625 0.015625
0 0.4703125 0.61796875 0.0140625 0.01484375
0 0.7046875 0.60703125 0.021875 0.01953125
0 0.84375 0.7484375 0.01953125 0.01875
0 0.09296875 0.47421875 0.0171875 0.0203125
0 0.9640625 0.7203125 0.0265625 0.03046875
0 0.334375 0.56953125 0.0515625 0.053125
0 0.24140625 0.1 0.0203125 0.01953125
0 0.10703125 0.40546875 0.03515625 0.040625
0 0.2890625 0.3640625 0.03828125 0.0375
0 0.12578125 0.73203125 0.04609375 0.04921875
0 0.290625 0.6734375 0.0359375 0.0375
0 0.12890625 0.8578125 0.0296875 0.02890625
0 0.36015625 0.24140625 0.02578125 0.02421875
0 0.17109375 0.865625 0.03125 0.0265625
0 0.3203125 0.66953125 0.0453125 0.04453125
0 0.0859375 0.7453125 0.0359375 0.04140625
0 0.203125 0.796875 0.07578125 0.0671875
0 0.0625 0.196875 0.021875 0.0234375
0 0.51875 0.70390625 0.0671875 0.05703125
0 0.703125 0.18515625 0.01640625 0.015625
0 0.11953125 0.3609375 0.03359375 0.0390625
0 0.11875 0.88046875 0.03046875 0.0296875
0 0.0890625 0.86640625 0.025 0.025
0 0.48046875 0.325 0.04375 0.04140625
0 0.4546875 0.50234375 0.040625 0.04140625
0 0.36171875 0.31171875 0.03828125 0.0390625
0 0.275 0.30078125 0.0421875 0.04453125
0 0.1953125 0.1828125 0.0140625 0.01484375
0 0.58828125 0.6078125 0.05703125 0.0546875
0 0.71796875 0.46484375 0.02109375 0.02109375
0 0.19921875 0.2140625 0.0234375 0.0234375
0 0.07578125 0.4046875 0.04375 0.06015625
0 0.290625 0.7546875 0.0515625 0.0484375
0 0.29921875 0.7953125 0.06171875 0.0515625
0 0.86640625 0.715625 0.01328125 0.01328125
0 0.446875 0.6265625 0.0609375 0.05
0 0.30625 0.62578125 0.04296875 0.04375
0 0.8234375 0.821875 0.0140625 0.0125
0 0.12890625 0.29765625 0.0390625 0.053125
0 0.6125 0.6984375 0.01328125 0.0140625
0 0.940625 0.56328125 0.0125 0.01640625
0 0.76640625 0.38203125 0.02578125 0.02421875
0 0.90234375 0.83515625 0.0125 0.01328125
0 0.01015625 0.67421875 0.0125 0.01484375
0 0.05703125 0.33203125 0.0296875 0.040625
0 0.73046875 0.1515625 0.01640625 0.015625
0 0.9859375 0.39296875 0.0203125 0.03046875
0 0.04296875 0.76171875 0.01875 0.0234375
0 0.83046875 0.23984375 0.0390625 0.03828125
0 0.57109375 0.553125 0.05703125 0.05546875
0 0.71796875 0.3453125 0.01875 0.0171875
0 0.965625 0.353125 0.03046875 0.0421875
0 0.08984375 0.290625 0.0453125 0.05546875
0 0.22578125 0.64140625 0.0609375 0.05546875
0 0.82734375 0.9140625 0.0328125 0.02578125
0 0.1828125 0.696875 0.04296875 0.0484375
0 0.91015625 0.48671875 0.021875 0.02890625
0 0.1609375 0.11953125 0.0359375 0.0359375
0 0.93125 0.30625 0.02265625 0.025
0 0.78203125 0.4296875 0.02109375 0.02734375
0 0.02578125 0.50703125 0.04609375 0.06484375
0 0.45234375 0.5265625 0.0609375 0.059375
0 0.9734375 0.44609375 0.02578125 0.0328125
0 0.6046875 0.82578125 0.02265625 0.02109375
0 0.46015625 0.40546875 0.03671875 0.04140625
0 0.68125 0.27578125 0.021875 0.02109375
0 0.753125 0.92890625 0.06015625 0.04140625
0 0.7546875 0.50078125 0.0234375 0.02578125
0 0.759375 0.96953125 0.04609375 0.02890625
0 0.80234375 0.165625 0.025 0.02265625
0 0.9796875 0.28359375 0.015625 0.021875
0 0.796875 0.334375 0.05625 0.0609375
0 0.228125 0.9421875 0.03046875 0.02578125
0 0.6890625 0.32109375 0.0359375 0.034375
0 0.74921875 0.209375 0.0328125 0.0296875
0 0.73828125 0.31796875 0.028125 0.0296875
0 0.83125 0.0703125 0.05234375 0.04140625
0 0.821875 0.5046875 0.02734375 0.03203125
0 0.87421875 0.16640625 0.0328125 0.03125
0 0.68671875 0.4 0.02578125 0.02421875
0 0.78984375 0.46796875 0.0296875 0.0359375