0 0.4203125 0.90546875 0.021875 0.02265625
0 0.44140625 0.76953125 0.0234375 0.021875
0 0.9484375 0.48125 0.02265625 0.02421875
0 0.2359375 0.846875 0.01796875 0.01796875
0 0.91484375 0.5671875 0.0421875 0.04296875
0 0.790625 0.79375 0.02578125 0.02421875
0 0.64609375 0.17890625 0.0234375 0.0234375
0 0.77421875 0.60078125 0.02109375 0.0203125
0 0.821875 0.6578125 0.02421875 0.02578125
0 0.453125 0.8171875 0.0171875 0.01953125
0 0.1890625 0.65390625 0.0171875 0.0171875
0 0.72890625 0.725 0.0296875 0.02890625
0 0.45390625 0.23046875 0.0203125 0.01875
0 0.93046875 0.7 0.0234375 0.0234375
0 0.9015625 0.6125 0.04453125 0.05
0 0.971875 0.640625 0.03125 0.03515625
0 0.28671875 0.884375 0.03203125 0.03125
0 0.66796875 0.32265625 0.0265625 0.02421875
0 0.30859375 0.571875 0.0203125 0.0203125
0 0.39375 0.58515625 0.02109375 0.01953125
0 0.23125 0.62265625 0.01796875 0.01796875
0 0.8265625 0.75859375 0.02734375 0.028125
0 0.3859375 0.65703125 0.0171875 0.01640625
0 0.615625 0.8421875 0.1046875 0.0890625
0 0.628125 0.7015625 0.02578125 0.02578125
0 0.17109375 0.71171875 0.03359375 0.03984375
0 0.48984375 0.72109375 0.01953125 0.01875
0 0.534375 0.775 0.03359375 0.03125
0 0.61484375 0.20078125 0.02890625 0.0265625
0 0.7171875 0.5703125 0.03046875 0.03203125
0 0.66484375 0.5734375 0.03203125 0.03359375
0 0.09140625 0.70859375 0.0234375 0.02578125
0 0.66953125 0.56171875 0.01953125 0.01875
0 0.7546875 0.82890625 0.0234375 0.0234375
0 0.16171875 0.834375 0.02421875 0.0265625
0 0.440625 0.07421875 0.10078125 0.090625
0 0.41796875 0.86796875 0.0234375 0.02578125
0 0.546875 0.38125 0.0375 0.0375
0 0.578125 0.13125 0.03203125 0.02578125
0 0.2671875 0.33046875 0.0734375 0.071875
0 0.6546875 0.48359375 0.06796875 0.06640625
0 0.43125 0.29609375 0.02890625 0.02578125
0 0.7 0.0890625 0.02109375 0.01796875
0 0.24453125 0.54375 0.01796875 0.01875
0 0.3640625 0.534375 0.040625 0.04296875
0 0.86328125 0.52265625 0.02578125 0.02421875
0 0.3546875 0.28828125 0.06875 0.06875
0 0.0203125 0.6375 0.025 0.0265625
0 0.0796875 0.48125 0.034375 0.0375
0 0.846875 0.72734375 0.02734375 0.02734375
0 0.265625 0.228125 0.02578125 0.02421875
0 0.37578125 0.6953125 0.04453125 0.0515625
0 0.54921875 0.08203125 0.0296875 0.0265625
0 0.9078125 0.2640625 0.02421875 0.0265625
0 0.98515625 0.5109375 0.02890625 0.0359375
0 0.43828125 0.02578125 0.021875 0.01796875
0 0.16015625 0.48359375 0.0265625 0.0265625
0 0.54765625 0.54921875 0.028125 0.028125
0 0.1328125 0.39375 0.0203125 0.02109375
0 0.66015625 0.15625 0.01875 0.01875
0 0.34609375 0.5578125 0.01796875 0.0171875
0 0.10546875 0.8328125 0.01796875 0.01953125
0 0.7 0.3234375 0.034375 0.034375
0 0.01875 0.6828125 0.01640625 0.01796875
0 0.6765625 0.6484375 0.0125 0.01328125
0 0.59375 0.1546875 0.02578125 0.025
0 0.9421875 0.75078125 0.02578125 0.02890625
0 0.034375 0.4078125 0.02890625 0.03125
0 0.62109375 0.09921875 0.025 0.0234375
0 0.97578125 0.28828125 0.01875 0.01953125
0 0.32734375 0.4859375 0.0359375 0.034375
0 0.2640625 0.42265625 0.01953125 0.01953125
0 0.9078125 0.76171875 0.0265625 0.02734375
0 0.3125 0.60234375 0.0375 0.03828125
0 0.6 0.64921875 0.01640625 0.0171875
0 0.046875 0.4359375 0.0328125 0.0328125
0 0.0421875 0.79921875 0.02578125 0.03203125
0 0.35859375 0.19375 0.02109375 0.01953125
0 0.8203125 0.565625 0.02265625 0.0234375
0 0.3234375 0.12734375 0.03515625 0.034375
0 0.57109375 0.43125 0.040625 0.040625
0 0.953125 0.009375 0.01484375 0.0140625
0 0.209375 0.41640625 0.01484375 0.0140625
0 0.1390625 0.26640625 0.0453125 0.0484375
0 0.95625 0.7 0.02265625 0.02421875
0 0.29921875 0.4421875 0.0390625 0.0390625
0 0.86015625 0.35 0.02265625 0.02265625
0 0.14453125 0.22578125 0.02265625 0.02421875
0 0.2828125 0.61796875 0.0484375 0.0515625
0 0.1421875 0.45859375 0.01953125 0.02109375
0 0.465625 0.56328125 0.01640625 0.01640625
0 0.0359375 0.1453125 0.04296875 0.040625
0 0.26640625 0.0375 0.01875 0.0171875
0 0.06328125 0.2328125 0.0296875 0.03125
0 0.659375 0.23671875 0.01796875 0.01796875
0 0.18828125 0.45 0.0171875 0.0171875
0 0.32578125 0.646875 0.021875 0.0140625
0 0.5375 0.7140625 0.03203125 0.03515625
0 0.275 0.8015625 0.01484375 0.01328125
0 0.1078125 0.34453125 0.0546875 0.05546875
0 0.4046875 0.515625 0.0390625 0.0390625
0 0.91328125 0.02265625 0.0140625 0.01328125
0 0.75625 0.01796875 0.0140625 0.01171875
0 0.2921875 0.06875 0.03984375 0.03984375
0 0.2265625 0.4859375 0.0171875 0.01640625
0 0.40703125 0.1953125 0.053125 0.04765625
0 0.83984375 0.61875 0.05859375 0.06875
0 0.1234375 0.05625 0.0359375 0.03828125
0 0.484375 0.56796875 0.01640625 0.01640625
0 0.05234375 0.5265625 0.05 0.05703125
0 0.12265625 0.671875 0.01484375 0.015625
0 0.378125 0.26640625 0.01796875 0.01953125
0 0.60078125 0.528125 0.0140625 0.01484375
1 0.50234375 0.9109375 0.02734375 0.03828125
0 0.74296875 0.30078125 0.0140625 0.0140625
0 0.7796875 0.3453125 0.0578125 0.05390625
0 0.15703125 0.0875 0.04140625 0.04375
0 0.51015625 0.24765625 0.090625 0.0828125
0 0.62578125 0.3796875 0.06640625 0.06328125
0 0.55078125 0.95078125 0.03828125 0.0359375
0 0.92578125 0.01875 0.0171875 0.0171875
0 0.46171875 0.3875 0.0421875 0.04296875
0 0.86875 0.565625 0.0515625 0.05078125
0 0.509375 0.365625 0.0578125 0.05703125
0 0.40625 0.146875 0.05390625 0.04921875
0 0.61484375 0.334375 0.0484375 0.046875
0 0.9703125 0.078125 0.05078125 0.05859375
0 0.45625 0.6296875 0.0125 0.01484375
0 0.73515625 0.36875 0.07421875 0.07421875
0 0.3734375 0.41875 0.06640625 0.06640625
0 0.678125 0.121875 0.03359375 0.03671875
0 0.553125 0.02421875 0.046875 0.03828125
1 0.2078125 0.2421875 0.03671875 0.04609375
0 0.65546875 0.9328125 0.059375 0.046875
0 0.0984375 0.95703125 0.0140625 0.0125
0 0.759375 0.6765625 0.08046875 0.08203125
0 0.37578125 0.61796875 0.01171875 0.01171875
0 0.74921875 0.46015625 0.04375 0.0421875
0 0.746875 0.1890625 0.05546875 0.05546875
0 0.1984375 0.1328125 0.08671875 0.08359375
0 0.02890625 0.48984375 0.0375 0.040625
0 0.78671875 0.26015625 0.0609375 0.06953125
0 0.81328125 0.14609375 0.09375 0.07734375
0 0.8296875 0.07265625 0.0984375 0.08515625
0 0.81953125 0.4375 0.05546875 0.0625
0 0.43125 0.83671875 0.0859375 0.0984375
1 0.5546875 0.6546875 0.02734375 0.05
0 0.33984375 0.03515625 0.090625 0.05625
0 0.8296875 0.85625 0.06015625 0.0625
0 0.1 0.9671875 0.0703125 0.05234375
1 0.95078125 0.171875 0.0328125 0.05078125