0 0.53203125 0.47578125 0.06171875 0.06796875
0 0.7390625 0.275 0.0671875 0.06640625
0 0.81875 0.69921875 0.09296875 0.09453125
0 0.4203125 0.3671875 0.03359375 0.034375
0 0.778125 0.21171875 0.06484375 0.06640625
0 0.275 0.06015625 0.03984375 0.0359375
0 0.97578125 0.23125 0.0421875 0.04453125
0 0.37109375 0.1609375 0.08671875 0.075
0 0.75546875 0.46640625 0.07265625 0.075
0 0.575 0.49921875 0.046875 0.04609375
0 0.22265625 0.24765625 0.1359375 0.1046875
0 0.8921875 0.65390625 0.11484375 0.12109375
0 0.79921875 0.359375 0.0703125 0.071875
0 0.6 0.39921875 0.0390625 0.0515625
0 0.82734375 0.690625 0.01953125 0.01953125
0 0.2828125 0.11328125 0.03046875 0.03359375
0 0.43828125 0.3875 0.08515625 0.0859375
0 0.0890625 0.175 0.06796875 0.0765625
0 0.4359375 0.2046875 0.05390625 0.04296875
0 0.07109375 0.25 0.034375 0.0390625
0 0.56640625 0.028125 0.0234375 0.0203125
0 0.63203125 0.5734375 0.01875 0.01953125
0 0.9109375 0.2546875 0.0890625 0.0640625
0 0.80390625 0.11484375 0.059375 0.0625
0 0.7671875 0.07734375 0.03671875 0.03203125
0 0.61015625 0.25078125 0.0265625 0.02734375
0 0.15703125 0.62265625 0.05 0.05234375
0 0.17265625 0.76875 0.0375 0.03828125
0 0.04453125 0.76875 0.02890625 0.03046875
0 0.61796875 0.6828125 0.0359375 0.03671875
0 0.0859375 0.85234375 0.0234375 0.025
0 0.346875 0.596875 0.034375 0.03359375
0 0.065625 0.64140625 0.0640625 0.0671875
0 0.07734375 0.16484375 0.03828125 0.0390625
0 0.2953125 0.70859375 0.0671875 0.06796875
0 0.39765625 0.56796875 0.0265625 0.0265625
0 0.8765625 0.58828125 0.028125 0.03046875
0 0.5171875 0.125 0.0234375 0.02109375
0 0.125 0.3171875 0.0578125 0.05625
0 0.65390625 0.26953125 0.03046875 0.028125
0 0.60703125 0.61171875 0.028125 0.02734375
0 0.70703125 0.61796875 0.0265625 0.0265625
0 0.965625 0.64140625 0.03125 0.03046875
0 0.0125 0.7453125 0.0234375 0.02890625
0 0.51875 0.55390625 0.02265625 0.021875
0 0.6765625 0.146875 0.03359375 0.03125
0 0.890625 0.25078125 0.04140625 0.04140625
0 0.715625 0.33671875 0.02578125 0.02578125
0 0.42265625 0.66484375 0.021875 0.02265625
0 0.940625 0.5578125 0.04453125 0.0484375
0 0.90546875 0.87265625 0.0546875 0.0546875
0 0.575 0.58125 0.0203125 0.02109375
0 0.59453125 0.38359375 0.02578125 0.0234375
0 0.6453125 0.22265625 0.03125 0.02578125
0 0.44140625 0.025 0.02265625 0.01875
0 0.1328125 0.15390625 0.02109375 0.0234375
0 0.98515625 0.33515625 0.02578125 0.025
0 0.0453125 0.73359375 0.01796875 0.01953125
0 0.46484375 0.14765625 0.0296875 0.0265625
0 0.1984375 0.1484375 0.02109375 0.02265625
0 0.46015625 0.43515625 0.0171875 0.02421875
0 0.38203125 0.48046875 0.0171875 0.01796875
0 0.834375 0.19375 0.0234375 0.021875
0 0.43828125 0.6984375 0.01796875 0.01796875
0 0.7359375 0.38671875 0.028125 0.0265625
0 0.21640625 0.1 0.021875 0.01953125
0 0.9390625 0.15625 0.0234375 0.02265625
0 0.88515625 0.4015625 0.02421875 0.0234375
0 0.3078125 0.17109375 0.01875 0.0171875
0 0.8125 0.284375 0.02265625 0.02265625
0 0.5578125 0.3125 0.01953125 0.01953125
0 0.2109375 0.1828125 0.02109375 0.01953125
0 0.59453125 0.19140625 0.01875 0.01953125
0 0.59296875 0.2390625 0.03046875 0.025
0 0.509375 0.2046875 0.0171875 0.01640625
0 0.82109375 0.02734375 0.01875 0.02578125
0 0.18671875 0.18203125 0.028125 0.028125
0 0.8828125 0.00859375 0.0171875 0.015625
0 0.2890625 0.1890625 0.01640625 0.01640625
0 0.98671875 0.37265625 0.01796875 0.01875
0 0.025 0.1546875 0.028125 0.03125
0 0.19609375 0.05234375 0.02578125 0.02890625
0 0.36640625 0.2234375 0.01796875 0.01796875
0 0.48046875 0.23828125 0.02578125 0.028125