0 0.27890625 0.51484375 0.04453125 0.046875
0 0.178125 0.7015625 0.0203125 0.021875
0 0.1453125 0.50078125 0.028125 0.03125
0 0.11171875 0.6515625 0.0203125 0.0234375
0 0.21015625 0.80390625 0.02578125 0.02734375
0 0.14140625 0.25625 0.0390625 0.03828125
0 0.14921875 0.7984375 0.0171875 0.02421875
0 0.1375 0.6484375 0.01640625 0.01796875
0 0.3 0.1265625 0.03046875 0.02890625
0 0.2515625 0.21328125 0.040625 0.040625
0 0.19375 0.4796875 0.03046875 0.0328125
0 0.278125 0.35859375 0.03125 0.034375
0 0.15390625 0.3859375 0.01484375 0.01640625
0 0.275 0.18125 0.03203125 0.0328125
0 0.0375 0.49296875 0.0484375 0.0609375
0 0.09375 0.47421875 0.01796875 0.0234375
0 0.0859375 0.8359375 0.07421875 0.075
0 0.33125 0.19140625 0.03828125 0.03515625
0 0.05078125 0.70625 0.01796875 0.01953125
0 0.3078125 0.3203125 0.0359375 0.0390625
0 0.08125 0.271875 0.01875 0.02109375
0 0.21171875 0.4046875 0.02109375 0.021875
0 0.33515625 0.1171875 0.03359375 0.028125
0 0.134375 0.36953125 0.0109375 0.01328125
0 0.184375 0.7703125 0.015625 0.0171875
0 0.0296875 0.63984375 0.025 0.0328125
0 0.1125 0.396875 0.02421875 0.0296875
0 0.26015625 0.72109375 0.01953125 0.021875
0 0.2421875 0.76796875 0.01875 0.021875
0 0.15546875 0.884375 0.015625 0.01875
0 0.06015625 0.709375 0.01484375 0.02265625
0 0.059375 0.16953125 0.009375 0.0109375
0 0.16328125 0.6703125 0.0125 0.015625
0 0.31484375 0.4640625 0.03828125 0.03515625
0 0.23515625 0.95859375 0.04296875 0.03828125
0 0.2890625 0.04296875 0.025 0.02109375
0 0.246875 0.85078125 0.02421875 0.02578125
0 0.3796875 0.11328125 0.028125 0.02734375
0 0.33203125 0.2859375 0.0171875 0.01953125
0 0.159375 0.184375 0.0265625 0.0296875
0 0.33671875 0.55625 0.02890625 0.03046875
0 0.35 0.9578125 0.0171875 0.0171875
0 0.2984375 0.79453125 0.01640625 0.01796875
0 0.41640625 0.96796875 0.0203125 0.01796875
0 0.41171875 0.3875 0.03046875 0.0296875
0 0.05703125 0.43828125 0.01953125 0.0234375
0 0.284375 0.25859375 0.01796875 0.01796875
0 0.096875 0.3734375 0.015625 0.01875
0 0.26484375 0.759375 0.034375 0.0375
0 0.2953125 0.278125 0.0296875 0.03125
0 0.22109375 0.10234375 0.04765625 0.04140625
0 0.2265625 0.909375 0.0140625 0.0203125
0 0.3125 0.92265625 0.01640625 0.01796875
0 0.196875 0.9015625 0.0234375 0.02578125
0 0.10859375 0.73828125 0.03046875 0.0359375
0 0.3328125 0.15859375 0.0234375 0.025
0 0.3640625 0.509375 0.02890625 0.0296875
0 0.15625 0.709375 0.01328125 0.01484375
0 0.32109375 0.2375 0.025 0.025
0 0.11953125 0.125 0.025 0.025
0 0.26328125 0.6125 0.0328125 0.03515625
0 0.03671875 0.75625 0.01015625 0.0140625
0 0.10390625 0.15859375 0.0171875 0.01796875
0 0.35234375 0.43828125 0.02890625 0.02890625
0 0.1546875 0.33046875 0.01171875 0.0125
0 0.40859375 0.56953125 0.034375 0.0328125
1 0.48671875 0.56015625 0.021875 0.03046875
0 0.3421875 0.21640625 0.02109375 0.0203125
0 0.07109375 0.71015625 0.0265625 0.03046875
0 0.196875 0.9421875 0.01171875 0.01640625
0 0.34921875 0.77265625 0.02421875 0.02734375
0 0.27109375 0.06328125 0.05546875 0.04765625
0 0.16953125 0.2578125 0.028125 0.03046875
0 0.3703125 0.20546875 0.02890625 0.0296875
1 0.50625 0.62578125 0.0109375 0.0171875
0 0.146875 0.465625 0.03984375 0.0453125
0 0.35 0.18515625 0.0390625 0.0375
1 0.45 0.25 0.01484375 0.01484375
0 0.1734375 0.59453125 0.0203125 0.021875
0 0.01640625 0.21796875 0.01015625 0.0109375
0 0.26328125 0.4 0.0546875 0.0578125
0 0.1453125 0.06328125 0.01328125 0.0140625
0 0.33359375 0.884375 0.075 0.0703125
0 0.31328125 0.4921875 0.025 0.02421875