0 0.059375 0.48125 0.0921875 0.1078125
0 0.07890625 0.3546875 0.053125 0.05078125
0 0.084375 0.3109375 0.03515625 0.0328125
0 0.046875 0.21015625 0.03359375 0.025
0 0.06015625 0.1671875 0.03359375 0.025
0 0.1359375 0.0953125 0.03515625 0.021875
0 0.31875 0.184375 0.0328125 0.02734375
0 0.24921875 0.26328125 0.0296875 0.02578125
0 0.14921875 0.45859375 0.03515625 0.046875
0 0.5234375 0.2328125 0.02890625 0.02890625
0 0.71328125 0.375 0.03671875 0.03125
0 0.7671875 0.321875 0.0375 0.04296875
0 0.7984375 0.22890625 0.06015625 0.0625
0 0.89453125 0.18203125 0.03359375 0.03359375