0 0.36640625 0.79609375 0.02578125 0.0203125
0 0.34453125 0.81171875 0.0328125 0.0203125
0 0.37734375 0.853125 0.075 0.05625
1 0.38203125 0.85078125 0.021875 0.0203125
0 0.34765625 0.60390625 0.0390625 0.03515625
0 0.17265625 0.259375 0.02890625 0.03046875
0 0.2859375 0.1375 0.03671875 0.03984375
0 0.234375 0.6578125 0.02734375 0.025
0 0.4203125 0.94140625 0.03125 0.0296875
0 0.46015625 0.9640625 0.05234375 0.040625
0 0.59609375 0.81015625 0.03046875 0.0296875
0 0.6203125 0.83515625 0.0328125 0.02890625
0 0.44375 0.76875 0.034375 0.03671875
0 0.315625 0.753125 0.021875 0.02109375
0 0.31640625 0.78359375 0.03125 0.0265625