0 0.13515625 0.68828125 0.0234375 0.025
0 0.78828125 0.75546875 0.02265625 0.02109375
0 0.13515625 0.4390625 0.01875 0.02265625
0 0.37734375 0.83828125 0.025 0.02109375
0 0.19453125 0.7203125 0.01875 0.01953125
0 0.02421875 0.559375 0.01875 0.02578125
0 0.7390625 0.7046875 0.01953125 0.0203125
0 0.16171875 0.58125 0.0234375 0.02734375
0 0.05859375 0.6734375 0.0203125 0.025
0 0.82890625 0.65546875 0.02578125 0.028125
0 0.23203125 0.77578125 0.03671875 0.03828125
0 0.48203125 0.8421875 0.01953125 0.0171875
0 0.4359375 0.87890625 0.0203125 0.01796875
0 0.10078125 0.58828125 0.02421875 0.02734375
0 0.6546875 0.903125 0.0203125 0.015625
0 0.04609375 0.48984375 0.01875 0.02578125
0 0.12265625 0.50625 0.02265625 0.0265625
0 0.3515625 0.86875 0.0265625 0.0234375
0 0.17890625 0.68359375 0.02109375 0.0234375
0 0.13046875 0.646875 0.0265625 0.03046875
0 0.47734375 0.68359375 0.02578125 0.0203125
0 0.20390625 0.6765625 0.0265625 0.02734375
0 0.13046875 0.59296875 0.0234375 0.028125
0 0.278125 0.6921875 0.02578125 0.02578125
0 0.71953125 0.79140625 0.0296875 0.02265625
0 0.7390625 0.89453125 0.01484375 0.01328125
0 0.209375 0.303125 0.02890625 0.0328125
0 0.153125 0.33828125 0.01875 0.02109375
0 0.63203125 0.86328125 0.0140625 0.01171875
0 0.3765625 0.94375 0.03203125 0.02421875
0 0.2234375 0.8296875 0.0421875 0.0375
0 0.23359375 0.66484375 0.0390625 0.0375
0 0.0125 0.453125 0.015625 0.025
0 0.34765625 0.95 0.034375 0.0296875
0 0.23984375 0.43828125 0.03125 0.03359375
0 0.20625 0.8796875 0.0421875 0.0375
0 0.14609375 0.540625 0.03671875 0.0421875
0 0.7078125 0.92734375 0.02734375 0.02109375
0 0.04375 0.54296875 0.03046875 0.04453125
0 0.1859375 0.82109375 0.01484375 0.015625
0 0.5890625 0.95390625 0.01875 0.01484375
0 0.61875 0.803125 0.0140625 0.0125
0 0.040625 0.5796875 0.028125 0.0359375
0 0.32734375 0.6328125 0.040625 0.040625
0 0.43984375 0.9625 0.0609375 0.03828125
0 0.2515625 0.21875 0.04453125 0.04140625
0 0.3421875 0.590625 0.02421875 0.025
0 0.66796875 0.37890625 0.01640625 0.015625
0 0.2015625 0.43359375 0.0140625 0.0171875
0 0.56953125 0.94296875 0.02578125 0.01796875
0 0.25625 0.9484375 0.03046875 0.02421875
0 0.29140625 0.6265625 0.01328125 0.01328125
0 0.259375 0.821875 0.04140625 0.03359375
0 0.175 0.89921875 0.034375 0.03046875
0 0.628125 0.93046875 0.0140625 0.0125
0 0.63359375 0.90078125 0.01171875 0.0109375
0 0.04609375 0.36171875 0.03984375 0.0484375
0 0.79609375 0.4125 0.03125 0.03203125
0 0.0296875 0.6984375 0.0234375 0.02578125
0 0.15390625 0.178125 0.015625 0.01796875
0 0.76640625 0.3171875 0.01328125 0.01328125
0 0.709375 0.77578125 0.02265625 0.01953125
0 0.5921875 0.87421875 0.0109375 0.0109375
0 0.33671875 0.97265625 0.0265625 0.02265625
0 0.37109375 0.08203125 0.04453125 0.03125
0 0.50546875 0.721875 0.0140625 0.0125
0 0.83203125 0.81875 0.02421875 0.0203125
0 0.409375 0.7125 0.01171875 0.01171875
0 0.8453125 0.228125 0.0234375 0.0234375
0 0.50078125 0.50390625 0.04140625 0.034375
0 0.475 0.67734375 0.01640625 0.0125
1 0.9515625 0.58359375 0.01328125 0.0203125
0 0.7890625 0.9453125 0.0375 0.03203125