0 0.6734375 0.14453125 0.0859375 0.0890625
0 0.7578125 0.13828125 0.05 0.04140625
0 0.81015625 0.14296875 0.05390625 0.06640625
0 0.90625 0.10078125 0.0625 0.0671875
0 0.96328125 0.040625 0.04375 0.03203125
0 0.9828125 0.18046875 0.034375 0.0578125
0 0.821875 0.26015625 0.1984375 0.1671875
0 0.79375 0.396875 0.0953125 0.096875
0 0.8578125 0.4421875 0.078125 0.08671875
0 0.80625 0.48671875 0.0390625 0.0546875
0 0.91640625 0.59296875 0.0515625 0.0515625
0 0.953125 0.48359375 0.09375 0.13515625
0 0.9703125 0.58203125 0.05859375 0.06953125
0 0.9515625 0.653125 0.04375 0.046875
0 0.95390625 0.73203125 0.07578125 0.08515625
0 0.96484375 0.803125 0.0625 0.08125
0 0.67421875 0.0546875 0.028125 0.0375
0 0.7109375 0.06875 0.03515625 0.03125
0 0.9015625 0.3609375 0.0265625 0.02890625
0 0.97265625 0.08984375 0.0234375 0.0203125