0 0.59140625 0.0171875 0.03828125 0.025
0 0.8140625 0.30078125 0.05 0.05546875
0 0.85703125 0.27109375 0.05 0.0484375
0 0.6609375 0.16484375 0.05234375 0.04453125
0 0.715625 0.1609375 0.03671875 0.03671875
0 0.8953125 0.11640625 0.0609375 0.05703125
0 0.84375 0.05 0.034375 0.03359375
0 0.74453125 0.5765625 0.04765625 0.05859375
0 0.7203125 0.73828125 0.0375 0.0453125
0 0.975 0.83046875 0.03125 0.03046875
0 0.7515625 0.93515625 0.034375 0.0296875
0 0.828125 0.7078125 0.0234375 0.03125
0 0.8953125 0.834375 0.0296875 0.028125
0 0.81953125 0.8015625 0.04140625 0.04140625
0 0.74140625 0.85625 0.02578125 0.01875
0 0.94375 0.26796875 0.028125 0.02734375