0 0.975 0.29140625 0.02109375 0.02109375
0 0.88984375 0.275 0.0171875 0.0171875
0 0.8546875 0.37890625 0.02890625 0.0296875
0 0.93046875 0.14140625 0.01640625 0.01796875
0 0.9546875 0.325 0.01875 0.02109375
0 0.91640625 0.34296875 0.01953125 0.0234375
1 0.73671875 0.10234375 0.0171875 0.015625
0 0.97734375 0.3265625 0.015625 0.0171875
0 0.98046875 0.36875 0.01875 0.01875
0 0.9265625 0.4140625 0.0203125 0.021875
0 0.64765625 0.09453125 0.0359375 0.03203125
0 0.99609375 0.415625 0.00703125 0.01484375
0 0.83984375 0.2484375 0.0328125 0.034375
0 0.928125 0.48125 0.01953125 0.021875
1 0.76484375 0.0578125 0.02109375 0.01875
0 0.853125 0.21484375 0.0171875 0.0171875
1 0.78984375 0.02734375 0.0140625 0.01328125
1 0.9875 0.14296875 0.01015625 0.01171875
0 0.728125 0.0875 0.02109375 0.0203125
1 0.71171875 0.0765625 0.01640625 0.01875
1 0.6375 0.034375 0.01328125 0.01171875