0 0.56953125 0.834375 0.0375 0.04375
0 0.5984375 0.884375 0.0296875 0.021875
0 0.70859375 0.82265625 0.05390625 0.04609375
0 0.7359375 0.77265625 0.0546875 0.04921875
0 0.72578125 0.715625 0.053125 0.046875
0 0.69921875 0.64453125 0.046875 0.0515625
0 0.753125 0.5984375 0.0421875 0.03828125
0 0.78984375 0.59921875 0.025 0.0296875
0 0.81328125 0.58125 0.0171875 0.01875
0 0.81171875 0.5328125 0.0453125 0.05625
0 0.8484375 0.56015625 0.028125 0.0296875
0 0.884375 0.50390625 0.0390625 0.02734375
0 0.5375 0.9265625 0.046875 0.04140625
0 0.8140625 0.64765625 0.034375 0.0421875
0 0.9640625 0.29609375 0.0421875 0.0421875
0 0.8546875 0.671875 0.040625 0.040625
0 0.7890625 0.753125 0.046875 0.04453125
0 0.69375 0.89140625 0.0328125 0.0265625
0 0.78203125 0.5734375 0.0328125 0.034375