0 0.88671875 0.6125 0.059375 0.0796875
0 0.92734375 0.53359375 0.03046875 0.03203125
0 0.6140625 0.540625 0.0515625 0.0421875
0 0.7046875 0.353125 0.0359375 0.03359375
0 0.8953125 0.27421875 0.028125 0.02734375
0 0.91328125 0.2171875 0.0359375 0.03359375
0 0.8015625 0.22265625 0.03515625 0.03359375
0 0.6890625 0.30859375 0.0328125 0.03046875
0 0.14140625 0.7453125 0.04921875 0.04609375
0 0.6109375 0.284375 0.04453125 0.0421875
0 0.415625 0.23203125 0.0421875 0.03828125
0 0.46640625 0.22578125 0.0421875 0.034375
0 0.26953125 0.1328125 0.0609375 0.0453125
0 0.23203125 0.47421875 0.0453125 0.04140625
0 0.4 0.13671875 0.05859375 0.0453125
0 0.984375 0.628125 0.028125 0.0359375
0 0.80390625 0.56328125 0.0296875 0.03515625
0 0.20390625 0.259375 0.0625 0.0546875
0 0.17109375 0.48125 0.0421875 0.0375
0 0.796875 0.3890625 0.02734375 0.0265625
0 0.8625 0.1234375 0.040625 0.03515625
0 0.81640625 0.1859375 0.03671875 0.0328125
0 0.75859375 0.0828125 0.04765625 0.03828125
0 0.5828125 0.3390625 0.03203125 0.028125
0 0.15859375 0.28984375 0.03515625 0.0296875
0 0.3640625 0.0890625 0.07265625 0.05625
0 0.9796875 0.20546875 0.02578125 0.02734375
0 0.0921875 0.31015625 0.02578125 0.02578125
0 0.35390625 0.29140625 0.0265625 0.02421875
0 0.67734375 0.55390625 0.0375 0.03203125
0 0.08203125 0.4171875 0.0296875 0.028125
0 0.23828125 0.1953125 0.03984375 0.03359375
0 0.759375 0.184375 0.02421875 0.021875