0 0.246875 0.40703125 0.040625 0.0390625
0 0.17890625 0.41328125 0.02578125 0.03671875
0 0.309375 0.46875 0.02109375 0.025
0 0.2609375 0.45625 0.0265625 0.01875
0 0.6375 0.56640625 0.028125 0.02734375
0 0.8765625 0.671875 0.0375 0.04375
0 0.62421875 0.65625 0.0296875 0.03203125
0 0.3203125 0.55625 0.0359375 0.03203125
0 0.3046875 0.50390625 0.03125 0.0328125
0 0.3859375 0.55234375 0.03359375 0.0296875
0 0.4046875 0.54453125 0.0421875 0.0296875
0 0.0921875 0.446875 0.04296875 0.04765625
0 0.35625 0.471875 0.0328125 0.034375
0 0.6703125 0.52890625 0.03125 0.0296875
0 0.77265625 0.5234375 0.0375 0.04765625
0 0.84375 0.5390625 0.04296875 0.059375
0 0.240625 0.53359375 0.0359375 0.0390625
0 0.0875 0.3625 0.03046875 0.034375
0 0.1171875 0.36640625 0.03125 0.03671875
0 0.03515625 0.4578125 0.0234375 0.02578125
0 0.90859375 0.69453125 0.028125 0.03359375
0 0.134375 0.44375 0.021875 0.028125