0 0.78203125 0.3859375 0.0328125 0.02890625
0 0.5875 0.096875 0.0390625 0.04140625
0 0.50625 0.78046875 0.03125 0.03359375
0 0.5421875 0.8234375 0.0421875 0.04140625
0 0.5546875 0.94765625 0.0671875 0.05859375
0 0.7265625 0.88203125 0.07421875 0.0578125
0 0.73671875 0.84375 0.0265625 0.02734375
1 0.72734375 0.8765625 0.021875 0.025
0 0.9734375 0.546875 0.0296875 0.03515625
0 0.53125 0.30625 0.0515625 0.04453125
0 0.6625 0.640625 0.02421875 0.025
0 0.884375 0.1203125 0.01875 0.01875
0 0.5703125 0.98828125 0.040625 0.0234375