0 0.91328125 0.56015625 0.03671875 0.0421875
0 0.8859375 0.0875 0.03125 0.03203125
0 0.1 0.3828125 0.03984375 0.03359375
0 0.16171875 0.09375 0.0265625 0.02578125
0 0.03359375 0.1546875 0.03359375 0.0359375
0 0.1140625 0.4609375 0.03984375 0.04140625
0 0.94296875 0.21171875 0.01953125 0.02109375
0 0.80234375 0.24765625 0.02734375 0.028125
0 0.95234375 0.63203125 0.04765625 0.0484375
0 0.9109375 0.06796875 0.0265625 0.0265625
0 0.81484375 0.02109375 0.03125 0.02734375
0 0.9671875 0.57109375 0.01875 0.02109375
0 0.29921875 0.02734375 0.04609375 0.0375
0 0.97265625 0.4984375 0.034375 0.04140625
0 0.02578125 0.53828125 0.04296875 0.05859375
0 0.009375 0.140625 0.01875 0.02578125
0 0.80625 0.08359375 0.03828125 0.03515625
0 0.0515625 0.42734375 0.0578125 0.06796875
0 0.8953125 0.68203125 0.034375 0.03203125
0 0.49921875 0.5375 0.0171875 0.0171875
0 0.97109375 0.37578125 0.05 0.05234375
0 0.77421875 0.11875 0.0203125 0.021875
0 0.3453125 0.1328125 0.04375 0.040625
0 0.80546875 0.11796875 0.09140625 0.0703125
0 0.92421875 0.93359375 0.03203125 0.04453125
0 0.69140625 0.121875 0.08203125 0.0578125
0 0.7296875 0.04921875 0.06328125 0.0453125
0 0.9734375 0.0453125 0.053125 0.059375
0 0.478125 0.04375 0.05 0.0390625
0 0.45078125 0.115625 0.0234375 0.025
0 0.065625 0.284375 0.0171875 0.01796875