0 0.403125 0.82109375 0.021875 0.02109375
0 0.3921875 0.75 0.01953125 0.01875
0 0.7296875 0.48046875 0.0359375 0.0390625
1 0.75625 0.65703125 0.03046875 0.03359375
0 0.4265625 0.8484375 0.0203125 0.01875
0 0.54609375 0.5484375 0.01640625 0.01640625
0 0.63046875 0.415625 0.01796875 0.01640625
0 0.1703125 0.434375 0.0171875 0.01953125
0 0.36796875 0.8453125 0.02109375 0.01875
0 0.28125 0.7296875 0.02109375 0.01953125
0 0.70390625 0.5578125 0.01953125 0.021875
0 0.51875 0.67734375 0.02734375 0.02578125
0 0.2125 0.5296875 0.01875 0.0203125
1 0.61328125 0.909375 0.01328125 0.0140625
1 0.71640625 0.34140625 0.0296875 0.0328125
0 0.23359375 0.3515625 0.01875 0.02109375
0 0.50625 0.78828125 0.04453125 0.03671875
0 0.66171875 0.60234375 0.02109375 0.02109375
0 0.696875 0.3 0.015625 0.01484375
0 0.33359375 0.51640625 0.01484375 0.01484375
0 0.6578125 0.66640625 0.02421875 0.02578125
1 0.7328125 0.8640625 0.0359375 0.0359375
0 0.2265625 0.2921875 0.01640625 0.015625
0 0.3703125 0.73203125 0.03125 0.03359375
0 0.503125 0.1203125 0.015625 0.01171875
0 0.38125 0.4578125 0.01953125 0.01875
0 0.5953125 0.8109375 0.03359375 0.03125
0 0.62421875 0.9078125 0.0171875 0.015625
0 0.67421875 0.78359375 0.01953125 0.01875
0 0.68671875 0.80625 0.0265625 0.02578125
1 0.61875 0.86875 0.01640625 0.01484375
0 0.17578125 0.396875 0.015625 0.01796875
0 0.5578125 0.25859375 0.01796875 0.01640625
0 0.46640625 0.30234375 0.01484375 0.015625
0 0.27265625 0.728125 0.01328125 0.01484375
0 0.45625 0.653125 0.0109375 0.0109375
0 0.3203125 0.83125 0.015625 0.0140625
0 0.2359375 0.196875 0.01328125 0.0140625
0 0.55546875 0.9484375 0.021875 0.01796875
1 0.64453125 0.87265625 0.015625 0.01328125
0 0.5296875 0.89140625 0.015625 0.01328125
1 0.59140625 0.0984375 0.0171875 0.01484375
0 0.6328125 0.878125 0.01953125 0.01796875
0 0.47421875 0.15234375 0.0125 0.01171875
1 0.54609375 0.94609375 0.01171875 0.01328125
1 0.71015625 0.35625 0.0125 0.0140625
0 0.34296875 0.87265625 0.0140625 0.015625
0 0.53046875 0.50546875 0.015625 0.01484375
1 0.715625 0.43125 0.0171875 0.01796875
0 0.2203125 0.27578125 0.0125 0.0125
0 0.25625 0.23984375 0.01328125 0.0140625
0 0.4609375 0.6375 0.03671875 0.0421875
0 0.42109375 0.96015625 0.01796875 0.0140625
0 0.58671875 0.33828125 0.0125 0.01171875
1 0.65546875 0.4046875 0.02109375 0.028125
1 0.734375 0.4265625 0.0421875 0.0390625
1 0.6703125 0.8859375 0.02265625 0.02109375
1 0.16484375 0.2359375 0.01328125 0.0140625
0 0.39921875 0.328125 0.015625 0.015625
1 0.184375 0.22421875 0.01796875 0.01796875
1 0.54765625 0.1296875 0.04765625 0.0609375