0 0.75703125 0.271875 0.02265625 0.0234375
0 0.39140625 0.3921875 0.0234375 0.021875
0 0.6078125 0.42109375 0.015625 0.015625
0 0.82109375 0.18671875 0.028125 0.02734375
0 0.41171875 0.14765625 0.0359375 0.03125
0 0.1421875 0.1109375 0.03203125 0.03046875
0 0.7140625 0.4234375 0.0171875 0.01953125
0 0.4109375 0.090625 0.03359375 0.03046875
0 0.51171875 0.415625 0.0265625 0.0265625
0 0.20078125 0.1515625 0.06171875 0.05625
0 0.60078125 0.19765625 0.0125 0.0125
0 0.3359375 0.26015625 0.05546875 0.046875
0 0.15625 0.175 0.04453125 0.04609375
0 0.24375 0.0859375 0.028125 0.0265625
0 0.5234375 0.01953125 0.0328125 0.02578125
0 0.43515625 0.28125 0.02734375 0.0265625
0 0.20234375 0.096875 0.0421875 0.03671875
1 0.16484375 0.31484375 0.028125 0.021875
1 0.6390625 0.5046875 0.04921875 0.04375
1 0.27578125 0.20625 0.021875 0.0171875
1 0.37109375 0.36953125 0.01953125 0.01953125
0 0.96640625 0.23671875 0.00859375 0.009375
0 0.26640625 0.2296875 0.01640625 0.01640625
0 0.30546875 0.24609375 0.03203125 0.0296875
1 0.60859375 0.5359375 0.03828125 0.034375
0 0.06640625 0.203125 0.0296875 0.0296875
1 0.05 0.42265625 0.02265625 0.025
0 0.95 0.51015625 0.03671875 0.03671875