0 0.5921875 0.63671875 0.04921875 0.04296875
0 0.7265625 0.38984375 0.05625 0.05703125
0 0.625 0.49765625 0.040625 0.04140625
0 0.80703125 0.3703125 0.07109375 0.07578125
0 0.59765625 0.75859375 0.04140625 0.0359375
0 0.69609375 0.88984375 0.0609375 0.06171875
0 0.509375 0.4953125 0.03203125 0.03125
0 0.68125 0.3609375 0.0421875 0.04140625
0 0.33984375 0.19375 0.04140625 0.03515625
0 0.8 0.1796875 0.065625 0.06328125
0 0.88984375 0.35625 0.05 0.06640625
0 0.38671875 0.871875 0.05625 0.05
0 0.62421875 0.2171875 0.05234375 0.0484375
0 0.734375 0.6828125 0.0484375 0.05078125
0 0.7703125 0.828125 0.03515625 0.0359375
0 0.73359375 0.290625 0.06171875 0.0578125
0 0.21171875 0.22265625 0.05546875 0.05078125
0 0.60078125 0.340625 0.0359375 0.0359375
0 0.35703125 0.2609375 0.034375 0.0296875
0 0.72890625 0.14453125 0.04375 0.03984375
0 0.56875 0.15234375 0.03125 0.02734375
0 0.409375 0.09765625 0.04375 0.03359375
0 0.57421875 0.0875 0.04765625 0.0328125
0 0.8796875 0.08515625 0.03671875 0.03359375
0 0.8078125 0.57890625 0.0296875 0.0296875
0 0.671875 0.271875 0.021875 0.02109375
0 0.8171875 0.65546875 0.03125 0.03671875