0 0.17109375 0.546875 0.03671875 0.040625
1 0.309375 0.55078125 0.02734375 0.028125
0 0.215625 0.62421875 0.06484375 0.0609375
0 0.625 0.58515625 0.0109375 0.01171875
1 0.184375 0.4359375 0.02890625 0.03671875
0 0.3671875 0.6921875 0.0375 0.03515625
0 0.15625 0.4828125 0.02890625 0.0359375
1 0.384375 0.59453125 0.03203125 0.03046875
0 0.88203125 0.659375 0.01328125 0.0140625
0 0.5953125 0.5921875 0.0109375 0.0109375
0 0.52265625 0.78359375 0.04453125 0.03984375
0 0.590625 0.67890625 0.03984375 0.03515625
0 0.803125 0.37265625 0.01796875 0.0171875
0 0.81953125 0.68359375 0.009375 0.01015625
1 0.4625 0.63046875 0.0265625 0.02578125
0 0.9109375 0.66171875 0.0125 0.0125
1 0.26015625 0.5421875 0.034375 0.034375
0 0.31171875 0.66171875 0.04453125 0.03671875
0 0.8640625 0.71328125 0.01015625 0.0109375
0 0.45546875 0.6625 0.015625 0.0140625
0 0.4234375 0.6828125 0.03046875 0.03046875
0 0.4546875 0.17734375 0.01640625 0.01796875
0 0.434375 0.321875 0.028125 0.025
0 0.83125 0.66328125 0.009375 0.01015625
1 0.109375 0.5046875 0.0203125 0.02265625
0 0.23203125 0.3453125 0.04453125 0.0421875
0 0.18515625 0.38515625 0.02265625 0.0234375
1 0.475 0.6078125 0.0265625 0.02421875
0 0.7578125 0.27890625 0.0203125 0.01875
0 0.80078125 0.7140625 0.01171875 0.0140625
1 0.525 0.60078125 0.02109375 0.02265625
0 0.41015625 0.71171875 0.04765625 0.040625
1 0.071875 0.25703125 0.01328125 0.02265625
1 0.34765625 0.628125 0.02421875 0.0234375
0 0.3671875 0.12890625 0.05078125 0.0390625
0 0.59765625 0.75390625 0.01640625 0.01484375
0 0.5625 0.2984375 0.03203125 0.0296875
0 0.6234375 0.78984375 0.01640625 0.015625
0 0.25078125 0.39140625 0.02421875 0.025
0 0.23671875 0.5203125 0.02890625 0.0265625
0 0.86875 0.67109375 0.00859375 0.00859375
0 0.5046875 0.18203125 0.0453125 0.0359375
0 0.621875 0.6421875 0.03671875 0.03515625
1 0.5875 0.81328125 0.0359375 0.028125
0 0.81796875 0.5765625 0.01640625 0.01796875
0 0.325 0.59921875 0.02109375 0.02109375
1 0.0390625 0.321875 0.01953125 0.03046875
0 0.5625 0.271875 0.028125 0.0265625
0 0.85859375 0.7453125 0.01015625 0.01015625
1 0.48359375 0.75390625 0.028125 0.0265625
1 0.340625 0.6859375 0.0265625 0.02578125
1 0.7 0.82890625 0.02890625 0.025
0 0.7796875 0.740625 0.01328125 0.0140625
0 0.70546875 0.60625 0.03203125 0.0328125
1 0.15859375 0.31875 0.021875 0.03046875
1 0.3734375 0.6546875 0.0234375 0.02265625
0 0.8921875 0.715625 0.01328125 0.01484375
0 0.5609375 0.659375 0.03359375 0.0296875
1 0.88203125 0.76640625 0.015625 0.0171875
0 0.27734375 0.4734375 0.0421875 0.04375
0 0.6765625 0.64296875 0.04296875 0.03984375
1 0.88203125 0.8015625 0.0140625 0.01484375
0 0.24453125 0.42265625 0.028125 0.02890625
1 0.503125 0.753125 0.0234375 0.021875
0 0.34375 0.3890625 0.040625 0.03828125
1 0.0734375 0.31328125 0.02734375 0.03671875
0 0.83125 0.46796875 0.0109375 0.01171875
0 0.1265625 0.1984375 0.01171875 0.01328125
1 0.065625 0.38828125 0.021875 0.0359375
1 0.684375 0.6875 0.0296875 0.0265625
0 0.7359375 0.44921875 0.04375 0.03828125
0 0.52109375 0.69609375 0.009375 0.009375
1 0.3 0.50625 0.03203125 0.0328125
0 0.67578125 0.77109375 0.053125 0.046875
0 0.2328125 0.12265625 0.02109375 0.01875
0 0.71484375 0.51796875 0.02421875 0.02421875
0 0.8296875 0.75859375 0.015625 0.0171875
0 0.0734375 0.4265625 0.05234375 0.0859375
0 0.059375 0.2828125 0.02109375 0.0296875
0 0.6609375 0.72578125 0.04453125 0.03828125
0 0.64765625 0.3921875 0.03125 0.03046875
0 0.33984375 0.2875 0.025 0.02265625
0 0.32421875 0.478125 0.03671875 0.03359375
0 0.7515625 0.590625 0.04453125 0.03515625
0 0.19453125 0.28125 0.03515625 0.0359375
1 0.76875 0.74921875 0.0421875 0.03203125
0 0.6 0.4015625 0.0328125 0.03046875
0 0.7265625 0.4015625 0.05546875 0.0515625
1 0.73515625 0.78203125 0.0171875 0.0171875
0 0.65546875 0.44375 0.02421875 0.02421875
0 0.7078125 0.71640625 0.05 0.03828125
0 0.59296875 0.48515625 0.0171875 0.0171875
0 0.928125 0.52578125 0.02578125 0.03671875
0 0.65 0.55703125 0.05078125 0.03984375
1 0.3875 0.67109375 0.05234375 0.04765625
0 0.45234375 0.7765625 0.021875 0.01953125
1 0.471875 0.3609375 0.03046875 0.02109375
1 0.81328125 0.83828125 0.0203125 0.01796875
0 0.9171875 0.71875 0.04921875 0.05390625
0 0.85 0.79609375 0.00859375 0.009375
1 0.38125 0.509375 0.05703125 0.053125
0 0.0671875 0.44453125 0.009375 0.0109375
1 0.0234375 0.4390625 0.02421875 0.04609375
1 0.96875 0.64921875 0.009375 0.01328125
0 0.79375 0.80078125 0.0078125 0.009375
1 0.50859375 0.171875 0.01953125 0.0125
0 0.35 0.29453125 0.08359375 0.0796875
1 0.5375 0.40703125 0.02734375 0.02578125
1 0.478125 0.3796875 0.05234375 0.05234375