0 0.225 0.5 0.0328125 0.034375
0 0.190625 0.5359375 0.040625 0.03984375
0 0.1609375 0.54453125 0.04375 0.0453125
0 0.2390625 0.56875 0.0375 0.04296875
0 0.3296875 0.5671875 0.0265625 0.02109375
0 0.29296875 0.63984375 0.0546875 0.0515625
0 0.346875 0.6484375 0.0421875 0.053125
0 0.37578125 0.6046875 0.0328125 0.05234375
0 0.4125 0.6296875 0.0359375 0.04375
0 0.40625 0.53046875 0.0234375 0.04453125
0 0.328125 0.49296875 0.03125 0.04453125
0 0.540625 0.715625 0.0375 0.04375
0 0.4953125 0.65 0.03359375 0.04609375
0 0.41796875 0.7203125 0.0546875 0.04921875
0 0.48984375 0.584375 0.0265625 0.02734375
0 0.1140625 0.45703125 0.075 0.0765625
0 0.165625 0.459375 0.021875 0.02421875
0 0.7359375 0.815625 0.053125 0.04375
0 0.7171875 0.85 0.05546875 0.04296875
0 0.3296875 0.5296875 0.021875 0.02734375
0 0.7890625 0.83203125 0.03125 0.0296875
0 0.1078125 0.4 0.04375 0.04609375
0 0.146875 0.2734375 0.03125 0.02734375
0 0.15234375 0.240625 0.03125 0.03984375
0 0.10078125 0.296875 0.0296875 0.034375
0 0.7796875 0.70546875 0.0359375 0.0421875
0 0.3328125 0.703125 0.0453125 0.05