0 0.884375 0.096875 0.0328125 0.034375
0 0.7953125 0.07109375 0.00859375 0.00859375
0 0.9234375 0.0890625 0.00703125 0.00703125
0 0.8203125 0.0328125 0.00859375 0.0078125
0 0.8453125 0.08671875 0.009375 0.00859375
0 0.79609375 0.0453125 0.0109375 0.0109375
1 0.8859375 0.31953125 0.04296875 0.0390625
0 0.759375 0.06875 0.00859375 0.00859375
0 0.9 0.225 0.0078125 0.0078125
0 0.71953125 0.0484375 0.01015625 0.01015625
0 0.8 0.0359375 0.0109375 0.0109375
0 0.9328125 0.1578125 0.00703125 0.00703125
0 0.7375 0.0359375 0.00859375 0.0078125
0 0.7828125 0.01328125 0.01484375 0.0109375
0 0.665625 0.0546875 0.01015625 0.01015625
1 0.88359375 0.25546875 0.01171875 0.0109375
0 0.79765625 0.08984375 0.01796875 0.0171875
1 0.92265625 0.3765625 0.025 0.0234375
1 0.89375 0.0515625 0.0125 0.0125
0 0.8828125 0.16953125 0.00625 0.00625
0 0.721875 0.07578125 0.0125 0.01171875
1 0.959375 0.0796875 0.0140625 0.015625
0 0.94140625 0.18046875 0.00625 0.00625
0 0.8453125 0.14140625 0.0109375 0.0125
1 0.9859375 0.4 0.0171875 0.01875
1 0.73359375 0.1109375 0.01875 0.01640625
0 0.73984375 0.05859375 0.0125 0.0109375
0 0.9328125 0.03828125 0.0078125 0.00703125
0 0.9109375 0.203125 0.01875 0.01171875
0 0.76171875 0.01640625 0.009375 0.009375
1 0.8796875 0.2828125 0.01484375 0.0125
0 0.946875 0.034375 0.009375 0.00859375
0 0.965625 0.1078125 0.0078125 0.00859375
1 0.80078125 0.14453125 0.0390625 0.03828125
1 0.85234375 0.125 0.0140625 0.015625
0 0.6828125 0.06875 0.0109375 0.0109375
0 0.81875 0.21015625 0.01171875 0.01171875