0 0.74453125 0.33359375 0.01796875 0.0171875
0 0.884375 0.3203125 0.01015625 0.01171875
0 0.8765625 0.32578125 0.01171875 0.01328125
0 0.55859375 0.478125 0.0359375 0.03515625
0 0.70625 0.49453125 0.0109375 0.0109375
0 0.81484375 0.3375 0.009375 0.009375
0 0.6890625 0.7515625 0.009375 0.009375
0 0.70390625 0.709375 0.0109375 0.01171875
0 0.878125 0.5953125 0.01015625 0.01171875
0 0.696875 0.590625 0.01171875 0.01171875
0 0.5015625 0.57109375 0.065625 0.0640625
0 0.6296875 0.41328125 0.03828125 0.03984375
0 0.7265625 0.67265625 0.0109375 0.01171875
0 0.68671875 0.2890625 0.02109375 0.0203125
0 0.415625 0.75078125 0.009375 0.009375
0 0.7328125 0.8578125 0.01015625 0.009375
0 0.87421875 0.25 0.0078125 0.00859375
0 0.553125 0.6296875 0.02265625 0.021875
0 0.75546875 0.7078125 0.01484375 0.015625
0 0.78828125 0.240625 0.02109375 0.021875
0 0.3296875 0.85 0.01328125 0.01328125
0 0.8453125 0.3 0.0125 0.01328125
0 0.84609375 0.25390625 0.02265625 0.02265625
0 0.6421875 0.6609375 0.0078125 0.009375
0 0.6671875 0.7671875 0.01171875 0.01171875
0 0.45 0.80234375 0.00859375 0.00859375
0 0.3546875 0.8953125 0.015625 0.0171875
0 0.62578125 0.61640625 0.0140625 0.0140625
0 0.91640625 0.303125 0.009375 0.01015625
0 0.66328125 0.60625 0.01328125 0.01640625
0 0.7015625 0.25078125 0.02109375 0.01875
0 0.5734375 0.42578125 0.0328125 0.03515625
0 0.8015625 0.88203125 0.009375 0.01015625
0 0.603125 0.709375 0.009375 0.009375
0 0.65 0.5578125 0.009375 0.009375
0 0.6375 0.634375 0.009375 0.01015625
0 0.69140625 0.27109375 0.02421875 0.0234375
0 0.7390625 0.9265625 0.00859375 0.01015625
0 0.728125 0.41796875 0.0125 0.0125
0 0.721875 0.57734375 0.0109375 0.01171875
0 0.525 0.7484375 0.009375 0.009375
0 0.340625 0.903125 0.01953125 0.0171875
0 0.3203125 0.8328125 0.01484375 0.01484375
0 0.2703125 0.9265625 0.015625 0.0140625
0 0.4890625 0.6625 0.034375 0.0328125
0 0.6859375 0.33828125 0.025 0.0234375
0 0.52578125 0.896875 0.0078125 0.00859375
0 0.79375 0.19296875 0.03046875 0.03203125
0 0.7484375 0.88515625 0.0078125 0.00859375
0 0.65 0.6109375 0.01171875 0.01171875
0 0.51171875 0.91640625 0.0078125 0.009375
0 0.77265625 0.6265625 0.0171875 0.0171875
0 0.83125 0.303125 0.01640625 0.01640625
0 0.84453125 0.2078125 0.01484375 0.015625
0 0.86015625 0.55546875 0.01015625 0.01171875
0 0.740625 0.9359375 0.009375 0.009375
0 0.74765625 0.83125 0.00703125 0.0078125
0 0.821875 0.39296875 0.0125 0.01484375
0 0.7140625 0.2359375 0.0375 0.0375
0 0.8234375 0.68828125 0.01171875 0.0125
0 0.715625 0.765625 0.01953125 0.01796875
0 0.74765625 0.3171875 0.0140625 0.01328125
0 0.6765625 0.28046875 0.0125 0.01328125
0 0.7671875 0.175 0.01796875 0.02109375
0 0.90390625 0.4 0.0078125 0.01015625
0 0.86953125 0.21015625 0.02890625 0.02890625
0 0.3703125 0.853125 0.0109375 0.01015625
0 0.3265625 0.903125 0.01640625 0.01328125
0 0.7546875 0.475 0.0171875 0.01796875
1 0.7046875 0.42890625 0.01328125 0.0171875
0 0.51796875 0.65703125 0.01640625 0.01484375
0 0.88828125 0.71328125 0.0078125 0.009375
0 0.43125 0.98203125 0.0171875 0.01171875
0 0.696875 0.82109375 0.01796875 0.0171875
0 0.36796875 0.8625 0.0265625 0.0234375
0 0.9109375 0.48046875 0.0109375 0.0140625
0 0.95625 0.21875 0.01640625 0.0203125
0 0.7640625 0.37109375 0.0234375 0.028125
0 0.95 0.19375 0.0125 0.01640625
0 0.77109375 0.29296875 0.0203125 0.02265625
0 0.35 0.965625 0.02265625 0.0171875
0 0.80625 0.8953125 0.00625 0.0078125
0 0.34375 0.84140625 0.021875 0.02421875
0 0.309375 0.8578125 0.028125 0.0234375
0 0.8703125 0.7296875 0.00859375 0.01015625
0 0.590625 0.61171875 0.01796875 0.01796875
0 0.8734375 0.39296875 0.0140625 0.015625
0 0.296875 0.90859375 0.01796875 0.01484375
0 0.665625 0.69375 0.02109375 0.02109375
0 0.92734375 0.5875 0.01015625 0.01015625
0 0.503125 0.7125 0.021875 0.02265625
0 0.8 0.665625 0.02109375 0.02421875
1 0.5796875 0.54453125 0.028125 0.021875
0 0.41328125 0.83046875 0.02578125 0.02109375
0 0.3921875 0.8921875 0.01640625 0.0140625
0 0.4125 0.96796875 0.0125 0.009375
0 0.44765625 0.94453125 0.0109375 0.009375
0 0.75625 0.62421875 0.0109375 0.01171875
0 0.70703125 0.3421875 0.0125 0.0125
0 0.99765625 0.31015625 0.00390625 0.0109375
0 0.378125 0.97578125 0.0140625 0.015625
0 0.5390625 0.85859375 0.01796875 0.01953125
0 0.8890625 0.53984375 0.0359375 0.0453125
0 0.28046875 0.9859375 0.01328125 0.01171875
1 0.79765625 0.43515625 0.02421875 0.02734375
1 0.99765625 0.31015625 0.00390625 0.0109375