0 0.88515625 0.7296875 0.0578125 0.06484375
0 0.7234375 0.8765625 0.04140625 0.03359375
0 0.4484375 0.94140625 0.084375 0.05390625
0 0.33125 0.95625 0.0828125 0.05625
0 0.6171875 0.9421875 0.059375 0.04375
0 0.95 0.6515625 0.05703125 0.08359375
0 0.6984375 0.9078125 0.040625 0.040625
0 0.7125 0.8203125 0.0546875 0.053125
0 0.81796875 0.8625 0.028125 0.025
0 0.875 0.8171875 0.028125 0.02421875
0 0.9671875 0.75 0.0265625 0.05
0 0.9234375 0.76171875 0.04375 0.0578125
0 0.1859375 0.9171875 0.05 0.03671875
0 0.2421875 0.9453125 0.05078125 0.034375