0 0.16796875 0.45 0.04296875 0.04375
0 0.17421875 0.6 0.034375 0.034375
0 0.2625 0.56875 0.04140625 0.0625
0 0.3296875 0.68515625 0.0546875 0.05390625
0 0.3140625 0.73203125 0.0703125 0.05390625
0 0.390625 0.79375 0.0578125 0.0625
0 0.3375 0.840625 0.0390625 0.04375
0 0.1109375 0.57109375 0.028125 0.0359375
0 0.1609375 0.25859375 0.034375 0.0421875
0 0.2625 0.7234375 0.0484375 0.05234375
0 0.27578125 0.65625 0.0265625 0.034375
0 0.3140625 0.77890625 0.040625 0.04140625
0 0.0890625 0.28203125 0.040625 0.0515625
0 0.5296875 0.9578125 0.0890625 0.059375
0 0.1953125 0.665625 0.028125 0.03046875
0 0.240625 0.7953125 0.0453125 0.03984375
0 0.2015625 0.44453125 0.03828125 0.0515625
0 0.153125 0.4140625 0.0296875 0.03046875
0 0.11328125 0.375 0.046875 0.05859375
0 0.21328125 0.53359375 0.01875 0.0265625
0 0.19296875 0.54375 0.028125 0.03125
0 0.2203125 0.5984375 0.0203125 0.028125
0 0.234375 0.68046875 0.0265625 0.0203125
0 0.27265625 0.61796875 0.025 0.02890625
0 0.3046875 0.62421875 0.028125 0.0359375
0 0.06484375 0.35234375 0.0265625 0.03203125
0 0.06484375 0.390625 0.01875 0.0375
0 0.153125 0.64453125 0.034375 0.03515625
0 0.16796875 0.68828125 0.0234375 0.02890625
0 0.2 0.759375 0.0328125 0.0375
0 0.16484375 0.4859375 0.02265625 0.03046875
0 0.14609375 0.5015625 0.02421875 0.021875
0 0.20078125 0.48984375 0.02734375 0.021875
0 0.23984375 0.49921875 0.02109375 0.0234375
0 0.12421875 0.64921875 0.03515625 0.03984375
0 0.209375 0.57109375 0.01875 0.021875