0 0.81015625 0.41328125 0.0765625 0.071875
0 0.5125 0.55625 0.071875 0.06171875
0 0.596875 0.4078125 0.0796875 0.06875
0 0.653125 0.56328125 0.07578125 0.0703125
0 0.71171875 0.5640625 0.0484375 0.0484375
0 0.5140625 0.421875 0.06328125 0.0609375
0 0.8875 0.4953125 0.08046875 0.090625
0 0.58515625 0.4828125 0.04453125 0.04140625
0 0.16640625 0.38828125 0.0421875 0.03984375
0 0.7875 0.353125 0.0359375 0.03671875
0 0.86953125 0.67109375 0.0640625 0.0640625
0 0.771875 0.2109375 0.0390625 0.03828125
0 0.6 0.35703125 0.0625 0.0546875
0 0.86953125 0.3171875 0.05625 0.05390625
0 0.66953125 0.234375 0.03125 0.03125
0 0.525 0.68671875 0.040625 0.0375
0 0.675 0.3328125 0.03515625 0.0390625
0 0.0859375 0.32734375 0.02578125 0.0328125
0 0.2640625 0.24140625 0.040625 0.03828125
0 0.9828125 0.4078125 0.03359375 0.059375
0 0.78828125 0.67265625 0.02578125 0.02265625
0 0.58125 0.59296875 0.03359375 0.03203125
0 0.93125 0.42578125 0.01796875 0.02109375
0 0.7015625 0.40078125 0.065625 0.0625
0 0.0328125 0.5015625 0.01640625 0.01953125
0 0.7375 0.22109375 0.03515625 0.03203125
0 0.2390625 0.740625 0.01953125 0.01796875
0 0.1921875 0.44375 0.025 0.0265625
0 0.5453125 0.4984375 0.0296875 0.03046875
0 0.72734375 0.50703125 0.025 0.025
0 0.45390625 0.653125 0.04375 0.03828125
0 0.02109375 0.590625 0.01953125 0.025
0 0.0859375 0.51484375 0.015625 0.01796875
0 0.72578125 0.73203125 0.01328125 0.0140625
0 0.2125 0.36171875 0.03046875 0.0328125
0 0.71953125 0.16484375 0.046875 0.03828125
0 0.82734375 0.15078125 0.0234375 0.021875
0 0.70859375 0.29296875 0.01953125 0.02109375
0 0.334375 0.74375 0.04453125 0.0375
0 0.83125 0.60859375 0.0390625 0.04140625
0 0.784375 0.290625 0.0359375 0.034375
0 0.35 0.3375 0.0375 0.03203125
0 0.7828125 0.46796875 0.02890625 0.028125
0 0.75625 0.609375 0.0296875 0.0265625
0 0.2671875 0.7875 0.05 0.04609375
0 0.76484375 0.49296875 0.04375 0.040625
0 0.1234375 0.328125 0.025 0.02890625
0 0.35703125 0.0828125 0.028125 0.025
0 0.4375 0.44296875 0.01328125 0.01328125
0 0.4 0.73828125 0.0390625 0.034375
0 0.934375 0.3765625 0.021875 0.03046875
0 0.43359375 0.746875 0.01796875 0.01640625
0 0.16953125 0.721875 0.046875 0.0453125
0 0.08203125 0.5421875 0.0171875 0.01875
0 0.5625 0.71796875 0.025 0.02109375
0 0.23828125 0.4828125 0.0328125 0.034375
0 0.18125 0.590625 0.06953125 0.07421875
0 0.0265625 0.32109375 0.01640625 0.01875
0 0.9859375 0.52421875 0.02734375 0.03828125
0 0.83125 0.246875 0.01875 0.01796875
0 0.946875 0.2875 0.021875 0.0296875
0 0.009375 0.43515625 0.01640625 0.02265625
0 0.984375 0.59609375 0.0265625 0.03125
0 0.96796875 0.26484375 0.025 0.03671875
0 0.7640625 0.621875 0.02734375 0.02421875
0 0.41328125 0.834375 0.02734375 0.02265625
0 0.0328125 0.64296875 0.01796875 0.021875
0 0.7234375 0.25546875 0.0265625 0.02578125
0 0.80625 0.7484375 0.034375 0.0328125
0 0.98828125 0.65546875 0.02109375 0.02734375
0 0.10546875 0.234375 0.02578125 0.0328125
0 0.34453125 0.14609375 0.04375 0.03671875
0 0.884375 0.38046875 0.0375 0.0390625
0 0.44375 0.284375 0.03125 0.03046875
0 0.96015625 0.5375 0.028125 0.03203125
0 0.14140625 0.12265625 0.0171875 0.01875
0 0.51640625 0.6140625 0.0203125 0.01875
0 0.5203125 0.7578125 0.03125 0.02578125
0 0.69453125 0.675 0.02265625 0.0203125
0 0.62734375 0.0359375 0.05 0.0390625
0 0.025 0.28203125 0.0359375 0.04765625
0 0.90546875 0.8515625 0.0359375 0.0375
0 0.79140625 0.8140625 0.04375 0.03828125
0 0.77890625 0.7109375 0.01875 0.01875
0 0.725 0.70234375 0.01484375 0.015625
0 0.60546875 0.68984375 0.04609375 0.03359375
0 0.5265625 0.61796875 0.06171875 0.065625
0 0.1203125 0.4625 0.0265625 0.0328125
0 0.4234375 0.871875 0.04921875 0.0375
0 0.4 0.25234375 0.028125 0.028125
0 0.60546875 0.90546875 0.04609375 0.034375
0 0.32109375 0.8375 0.03125 0.0265625
0 0.23203125 0.78359375 0.028125 0.02734375
0 0.56796875 0.27109375 0.03359375 0.0328125
0 0.58125 0.8484375 0.05390625 0.0515625
0 0.321875 0.80546875 0.0453125 0.03671875
0 0.33984375 0.53984375 0.05078125 0.04140625
0 0.91015625 0.79609375 0.02578125 0.0265625
0 0.9625 0.746875 0.0234375 0.02421875
0 0.946875 0.17421875 0.01875 0.02109375
0 0.7828125 0.83359375 0.03671875 0.02890625
0 0.85625 0.746875 0.03046875 0.0265625
0 0.86796875 0.48125 0.02265625 0.02578125
0 0.534375 0.90546875 0.0703125 0.05234375
1 0.01015625 0.690625 0.01875 0.0265625
0 0.3890625 0.08671875 0.03359375 0.02578125
1 0.97734375 0.83515625 0.03203125 0.0421875
0 0.77890625 0.8796875 0.03125 0.02578125
0 0.02421875 0.1984375 0.0125 0.01484375
0 0.46484375 0.29296875 0.03203125 0.028125
0 0.46015625 0.8015625 0.04140625 0.03203125
0 0.0734375 0.578125 0.034375 0.05
0 0.6671875 0.771875 0.03828125 0.03125
0 0.49921875 0.16875 0.01015625 0.01015625
0 0.265625 0.8609375 0.06875 0.04921875
0 0.07578125 0.7140625 0.0734375 0.09375
0 0.51484375 0.253125 0.025 0.025
0 0.63203125 0.14453125 0.025 0.01796875
0 0.11640625 0.4484375 0.00859375 0.009375
0 0.0109375 0.17421875 0.01015625 0.015625
1 0.02734375 0.26171875 0.0171875 0.0125
1 0.721875 0.6328125 0.046875 0.0515625
0 0.515625 0.125 0.015625 0.01484375
0 0.59765625 0.14921875 0.021875 0.015625
1 0.74921875 0.7375 0.04296875 0.090625
1 0.6578125 0.61796875 0.0734375 0.0515625
1 0.628125 0.2140625 0.02109375 0.01953125
0 0.375 0.471875 0.03984375 0.034375
0 0.45546875 0.53828125 0.03125 0.0296875
0 0.02109375 0.35625 0.0078125 0.0109375