0 0.4390625 0.54375 0.03359375 0.03359375
0 0.5984375 0.2625 0.03671875 0.0375
0 0.34296875 0.67109375 0.04140625 0.04296875
0 0.26328125 0.44609375 0.01640625 0.01640625
0 0.17578125 0.5375 0.01796875 0.01796875
0 0.33046875 0.48125 0.0203125 0.01953125
0 0.29453125 0.42734375 0.01015625 0.01171875
0 0.24921875 0.75234375 0.04453125 0.04375
0 0.46953125 0.36640625 0.05 0.05234375
0 0.1078125 0.52734375 0.0421875 0.04609375
0 0.0359375 0.58515625 0.01484375 0.015625
0 0.24609375 0.35859375 0.0140625 0.01640625
0 0.0875 0.4703125 0.034375 0.03359375
0 0.42890625 0.409375 0.01328125 0.01328125
0 0.45 0.8296875 0.01484375 0.01484375
0 0.2953125 0.3703125 0.0109375 0.01171875
0 0.0515625 0.66015625 0.0125 0.0140625
0 0.21640625 0.428125 0.0125 0.0125
0 0.46171875 0.45625 0.01484375 0.01640625
0 0.3875 0.4375 0.0234375 0.02421875
0 0.496875 0.53125 0.0265625 0.025
0 0.46484375 0.596875 0.015625 0.015625
0 0.209375 0.60859375 0.021875 0.0234375
0 0.45546875 0.51875 0.0125 0.0125
0 0.0921875 0.72265625 0.01328125 0.01328125
0 0.54375 0.85546875 0.01484375 0.01484375
0 0.353125 0.3421875 0.02421875 0.0234375
0 0.10703125 0.3984375 0.0203125 0.0234375
0 0.42578125 0.93515625 0.0375 0.03359375
0 0.7015625 0.65390625 0.0125 0.0125
0 0.4046875 0.553125 0.01796875 0.0203125
0 0.46640625 0.65546875 0.01328125 0.0125
0 0.1578125 0.59765625 0.04140625 0.0421875
0 0.75546875 0.66328125 0.0171875 0.01796875
0 0.29375 0.77578125 0.0234375 0.02265625
0 0.2984375 0.6921875 0.01484375 0.01484375
0 0.71484375 0.28359375 0.021875 0.02109375
0 0.259375 0.51015625 0.01640625 0.01640625
0 0.19140625 0.0328125 0.028125 0.0265625
0 0.209375 0.2484375 0.02109375 0.0234375
0 0.13203125 0.21015625 0.025 0.025
0 0.32890625 0.60625 0.01484375 0.015625
0 0.21171875 0.38515625 0.01328125 0.0140625
0 0.12421875 0.815625 0.0109375 0.0109375
0 0.421875 0.30390625 0.01171875 0.01171875
0 0.3484375 0.63359375 0.02109375 0.021875
0 0.2546875 0.9171875 0.0171875 0.01640625
0 0.8796875 0.5375 0.01484375 0.0140625
0 0.503125 0.8609375 0.0234375 0.01875
0 0.4265625 0.90078125 0.0140625 0.01328125
0 0.54609375 0.71171875 0.05546875 0.05703125
0 0.78515625 0.42890625 0.0359375 0.0375
0 0.48046875 0.665625 0.0171875 0.01640625
0 0.46640625 0.7015625 0.01953125 0.01953125
0 0.51796875 0.56953125 0.02734375 0.02734375
0 0.3234375 0.85703125 0.025 0.025
0 0.69296875 0.75625 0.015625 0.015625
0 0.58671875 0.3515625 0.01953125 0.0203125
0 0.25078125 0.94375 0.0125 0.01171875
0 0.7484375 0.9125 0.05703125 0.05234375
0 0.91328125 0.78984375 0.03125 0.0328125
0 0.63359375 0.225 0.0234375 0.02109375
0 0.32734375 0.1203125 0.0140625 0.0140625
0 0.05546875 0.790625 0.0140625 0.0140625
0 0.471875 0.1984375 0.01796875 0.0171875
0 0.928125 0.7578125 0.015625 0.01640625
0 0.54765625 0.1515625 0.0125 0.01328125
0 0.546875 0.21796875 0.0109375 0.0109375
0 0.58125 0.5484375 0.0328125 0.0328125
0 0.03125 0.909375 0.040625 0.04375
0 0.73125 0.2484375 0.03515625 0.03671875
0 0.1734375 0.37265625 0.01953125 0.0203125
0 0.75390625 0.79609375 0.015625 0.015625
0 0.62421875 0.12421875 0.02890625 0.02578125
0 0.59765625 0.40390625 0.0484375 0.05546875
0 0.8265625 0.778125 0.01796875 0.01875
0 0.61796875 0.5578125 0.02421875 0.02421875
0 0.86875 0.57734375 0.04375 0.0453125
0 0.47421875 0.4703125 0.01953125 0.01875
0 0.95234375 0.7515625 0.01796875 0.02109375
0 0.09921875 0.2265625 0.01171875 0.01328125
0 0.36171875 0.4734375 0.05625 0.05234375
0 0.44609375 0.621875 0.0296875 0.028125
0 0.60390625 0.74375 0.021875 0.0203125
0 0.10703125 0.31875 0.0640625 0.06953125
0 0.59140625 0.5296875 0.01953125 0.01953125
0 0.909375 0.90703125 0.05 0.0515625
0 0.5640625 0.95390625 0.0140625 0.0140625
0 0.79921875 0.77890625 0.01484375 0.01484375
0 0.91875 0.55703125 0.0375 0.04140625
0 0.16875 0.803125 0.034375 0.0359375
0 0.59296875 0.2890625 0.02421875 0.025
0 0.72734375 0.4703125 0.01953125 0.02265625
0 0.3078125 0.06015625 0.0140625 0.0125
1 0.6421875 0.3390625 0.03984375 0.04140625
1 0.6875 0.21953125 0.0265625 0.025
1 0.859375 0.35546875 0.04375 0.04609375
1 0.0375 0.29453125 0.046875 0.05546875
1 0.40078125 0.08125 0.0296875 0.02890625