0 0.43828125 0.0671875 0.04453125 0.03125
0 0.4578125 0.2359375 0.04375 0.04453125
0 0.50703125 0.19609375 0.0296875 0.0234375
0 0.5125 0.22578125 0.0171875 0.01796875
0 0.6 0.40703125 0.0171875 0.0234375
0 0.6265625 0.53203125 0.0265625 0.0234375
0 0.55625 0.584375 0.0234375 0.028125
0 0.6546875 0.734375 0.0359375 0.03203125
0 0.6296875 0.81875 0.0203125 0.01953125
0 0.6625 0.76484375 0.02734375 0.02109375
0 0.7796875 0.6984375 0.0359375 0.0375
0 0.7015625 0.60078125 0.0265625 0.02109375
0 0.56328125 0.67734375 0.025 0.02421875
0 0.565625 0.6296875 0.0140625 0.02265625
0 0.62265625 0.56015625 0.01875 0.0171875
0 0.6234375 0.1140625 0.02890625 0.02265625
0 0.6140625 0.07734375 0.0328125 0.0265625
0 0.75625 0.39296875 0.0203125 0.0203125
0 0.7453125 0.7640625 0.03828125 0.03515625