0 0.309375 0.3859375 0.0609375 0.059375
0 0.0625 0.32890625 0.0390625 0.0390625
0 0.3421875 0.26640625 0.03125 0.0390625
0 0.30625 0.2859375 0.0234375 0.02421875
0 0.44375 0.4375 0.0953125 0.08984375
0 0.7 0.3234375 0.0609375 0.06484375
0 0.5984375 0.39453125 0.1375 0.1359375
0 0.4453125 0.18671875 0.0515625 0.05703125
0 0.5171875 0.16875 0.0703125 0.0625
0 0.175 0.29609375 0.040625 0.04453125
0 0.1609375 0.22421875 0.028125 0.0296875
0 0.86953125 0.4125 0.028125 0.034375
0 0.6296875 0.3734375 0.0453125 0.034375
0 0.571875 0.36484375 0.0234375 0.02265625
0 0.59765625 0.41796875 0.03515625 0.0296875
0 0.24453125 0.26640625 0.028125 0.03203125
0 0.190625 0.1890625 0.03125 0.021875
0 0.1015625 0.2953125 0.01875 0.02265625
0 0.084375 0.3265625 0.02421875 0.03125
0 0.759375 0.21796875 0.0390625 0.03359375
0 0.7859375 0.26796875 0.0453125 0.0390625
0 0.865625 0.3359375 0.03125 0.03203125
0 0.2265625 0.18125 0.0359375 0.053125
0 0.2953125 0.17109375 0.075 0.06796875