0 0.3140625 0.4203125 0.059375 0.05390625
0 0.38125 0.375 0.046875 0.040625
0 0.48515625 0.34140625 0.0765625 0.07109375
1 0.4796875 0.340625 0.02890625 0.02578125
0 0.47890625 0.46875 0.05 0.04765625
0 0.23203125 0.5859375 0.059375 0.06328125
0 0.1921875 0.61328125 0.0609375 0.0640625
0 0.18828125 0.43359375 0.03359375 0.0359375
0 0.165625 0.4421875 0.0390625 0.046875
0 0.76484375 0.1453125 0.06796875 0.05703125
0 0.8421875 0.1203125 0.034375 0.034375
0 0.8171875 0.25546875 0.053125 0.05234375
0 0.846875 0.33984375 0.040625 0.0484375
0 0.83515625 0.39453125 0.0640625 0.0796875
0 0.6625 0.38671875 0.0578125 0.07109375
0 0.93359375 0.40546875 0.046875 0.0265625
0 0.9515625 0.3421875 0.0421875 0.05390625
0 0.2875 0.48984375 0.09375 0.06796875
0 0.25078125 0.4203125 0.0765625 0.075
0 0.87109375 0.0921875 0.0390625 0.03828125
0 0.09609375 0.46484375 0.04921875 0.04296875
0 0.1328125 0.4234375 0.0265625 0.021875
0 0.0484375 0.52109375 0.0390625 0.03671875
0 0.60625 0.16484375 0.034375 0.0265625
0 0.59765625 0.28984375 0.04296875 0.03359375
0 0.72265625 0.21640625 0.03125 0.02109375
0 0.32578125 0.16640625 0.03984375 0.0359375
0 0.06484375 0.146875 0.034375 0.03515625
0 0.04140625 0.21171875 0.04609375 0.04609375
0 0.4515625 0.1421875 0.034375 0.0375
0 0.1109375 0.38671875 0.0390625 0.0328125
0 0.31796875 0.321875 0.028125 0.021875
0 0.884375 0.15703125 0.0390625 0.0421875