0 0.29765625 0.6 0.0296875 0.028125
0 0.25859375 0.74765625 0.0296875 0.02421875
0 0.3046875 0.7046875 0.028125 0.021875
0 0.3671875 0.6796875 0.028125 0.025
0 0.61015625 0.63984375 0.0609375 0.05234375
0 0.515625 0.47421875 0.03125 0.0296875
0 0.5953125 0.39765625 0.0390625 0.03671875
0 0.63984375 0.46015625 0.0328125 0.0265625
0 0.6984375 0.50234375 0.025 0.0234375
0 0.8328125 0.56171875 0.05703125 0.0578125
0 0.86171875 0.640625 0.0421875 0.040625
0 0.96796875 0.4625 0.0328125 0.0375
0 0.98125 0.42109375 0.028125 0.0484375
0 0.74375 0.4015625 0.025 0.021875
0 0.2671875 0.503125 0.07890625 0.065625
0 0.353125 0.4671875 0.103125 0.09375
0 0.93359375 0.55703125 0.0234375 0.0234375
0 0.753125 0.834375 0.0328125 0.028125
0 0.7 0.8953125 0.05 0.034375
0 0.77265625 0.45546875 0.02109375 0.0203125
0 0.9484375 0.39453125 0.0203125 0.0171875
0 0.8265625 0.4703125 0.02265625 0.021875
0 0.7296875 0.53515625 0.0171875 0.0171875
0 0.43203125 0.61953125 0.034375 0.02734375