0 0.36171875 0.7921875 0.0140625 0.01328125
0 0.3546875 0.71796875 0.01796875 0.0171875
0 0.446875 0.671875 0.01015625 0.01015625
0 0.5234375 0.62265625 0.0171875 0.0171875
0 0.76328125 0.3953125 0.0109375 0.0109375
0 0.253125 0.6046875 0.028125 0.0296875
0 0.67109375 0.6328125 0.0140625 0.0140625
0 0.390625 0.6578125 0.015625 0.0140625
0 0.54609375 0.49453125 0.02109375 0.02109375
0 0.328125 0.81875 0.01484375 0.0140625
0 0.87578125 0.5078125 0.01015625 0.0125
0 0.240625 0.6421875 0.01640625 0.0171875
0 0.80625 0.41640625 0.01484375 0.01484375
0 0.4125 0.7765625 0.015625 0.0140625
0 0.7734375 0.5953125 0.01015625 0.0109375
0 0.62421875 0.603125 0.01484375 0.0140625
0 0.8921875 0.3140625 0.01171875 0.0125
0 0.59375 0.41796875 0.02265625 0.021875
0 0.340625 0.6203125 0.0203125 0.0203125
0 0.4078125 0.7375 0.01015625 0.01015625
0 0.771875 0.4859375 0.015625 0.015625
0 0.42265625 0.6671875 0.01015625 0.01015625
0 0.8125 0.471875 0.0171875 0.0171875
0 0.53359375 0.56875 0.0109375 0.0109375
0 0.7984375 0.30703125 0.01875 0.0171875
0 0.859375 0.64375 0.01171875 0.0140625
0 0.89140625 0.5609375 0.01953125 0.025
0 0.728125 0.5875 0.0109375 0.0109375
0 0.30859375 0.61875 0.0171875 0.0171875
0 0.3265625 0.76640625 0.01015625 0.01015625
0 0.8 0.715625 0.021875 0.0234375
0 0.70390625 0.55 0.015625 0.01484375
0 0.128125 0.815625 0.01171875 0.0140625
0 0.71328125 0.3046875 0.025 0.0234375
0 0.7171875 0.85703125 0.0171875 0.01484375
0 0.46484375 0.734375 0.01328125 0.0125
0 0.47578125 0.609375 0.01015625 0.009375
0 0.9515625 0.540625 0.01171875 0.01875
0 0.928125 0.38046875 0.0109375 0.01484375
0 0.653125 0.56171875 0.009375 0.01015625
0 0.69375 0.47890625 0.0234375 0.0234375
0 0.665625 0.359375 0.0234375 0.02421875
0 0.359375 0.646875 0.0125 0.0125
0 0.37421875 0.74765625 0.01171875 0.0109375
0 0.52109375 0.9515625 0.01171875 0.009375
0 0.8296875 0.3296875 0.0203125 0.01953125
0 0.8078125 0.39140625 0.0203125 0.0203125
0 0.76484375 0.32421875 0.015625 0.01484375
0 0.68671875 0.30625 0.02890625 0.0265625
0 0.46328125 0.5109375 0.03046875 0.028125
0 0.92421875 0.496875 0.0078125 0.01015625
0 0.5234375 0.859375 0.01015625 0.00859375
0 0.346875 0.76875 0.009375 0.009375
0 0.90625 0.5296875 0.01953125 0.02578125
0 0.5703125 0.73359375 0.01015625 0.01015625
0 0.3921875 0.9203125 0.01015625 0.009375
0 0.63515625 0.39765625 0.025 0.0234375
0 0.76875 0.78984375 0.009375 0.01171875
0 0.5515625 0.38515625 0.02421875 0.0234375
0 0.44140625 0.48515625 0.0234375 0.0203125
0 0.4890625 0.4359375 0.03203125 0.03046875
0 0.7375 0.5203125 0.025 0.02265625
0 0.3625 0.85390625 0.009375 0.009375
0 0.875 0.3765625 0.0140625 0.015625
0 0.58671875 0.5578125 0.0234375 0.0234375
0 0.21015625 0.759375 0.01484375 0.01953125
0 0.51328125 0.57109375 0.01640625 0.0203125
0 0.32265625 0.79140625 0.01171875 0.01171875
0 0.38046875 0.51875 0.03046875 0.02890625
0 0.45078125 0.721875 0.009375 0.009375
0 0.76796875 0.246875 0.025 0.0265625
0 0.696875 0.65390625 0.009375 0.01015625
0 0.9390625 0.54765625 0.0078125 0.01171875
0 0.73359375 0.446875 0.034375 0.0328125
0 0.60234375 0.74296875 0.03828125 0.0359375
0 0.5015625 0.86015625 0.00859375 0.00859375
0 0.6125 0.35703125 0.02734375 0.02578125
0 0.59296875 0.4484375 0.025 0.02421875
0 0.24140625 0.678125 0.00859375 0.00859375
0 0.596875 0.93828125 0.0140625 0.0109375
0 0.13359375 0.7640625 0.0109375 0.01328125
0 0.41875 0.49453125 0.0328125 0.03125
0 0.52578125 0.971875 0.01484375 0.01171875
0 0.725 0.8734375 0.009375 0.009375
0 0.66328125 0.3921875 0.03203125 0.03203125
0 0.8171875 0.34296875 0.0296875 0.025
0 0.615625 0.49296875 0.03671875 0.03359375
0 0.78046875 0.66328125 0.034375 0.0328125
0 0.471875 0.778125 0.01171875 0.01171875
0 0.6 0.35 0.025 0.0234375
0 0.878125 0.4140625 0.0328125 0.040625
0 0.678125 0.3328125 0.03359375 0.02890625
0 0.80390625 0.50859375 0.0609375 0.04921875