0 0.421875 0.9265625 0.08984375 0.078125
0 0.7984375 0.89765625 0.0703125 0.0578125
0 0.61015625 0.76640625 0.02890625 0.0265625
0 0.64609375 0.82421875 0.0265625 0.0171875
0 0.725 0.703125 0.0328125 0.03203125
0 0.9640625 0.903125 0.0265625 0.03125
0 0.15234375 0.37578125 0.05078125 0.0546875
0 0.2953125 0.4078125 0.05546875 0.06875
0 0.5390625 0.6796875 0.034375 0.028125
0 0.45625 0.42421875 0.0453125 0.04296875
0 0.1671875 0.8921875 0.040625 0.03203125
0 0.07578125 0.86015625 0.03828125 0.03359375
0 0.17578125 0.815625 0.03515625 0.04140625
0 0.01484375 0.7234375 0.0296875 0.04140625
0 0.3421875 0.64765625 0.03125 0.03671875
0 0.3875 0.55859375 0.02109375 0.0203125
0 0.1765625 0.696875 0.02109375 0.01640625
0 0.0296875 0.78984375 0.0296875 0.0265625
0 0.08203125 0.78828125 0.0234375 0.02109375
0 0.08828125 0.634375 0.028125 0.025
0 0.7265625 0.6328125 0.034375 0.03203125