0 0.2265625 0.42890625 0.01796875 0.01796875
0 0.51875 0.10703125 0.02109375 0.02109375
0 0.4390625 0.16015625 0.021875 0.0203125
0 0.17265625 0.23984375 0.01796875 0.01640625
0 0.36875 0.3265625 0.01796875 0.01953125
0 0.4625 0.39375 0.02109375 0.02109375
0 0.16953125 0.4171875 0.01953125 0.021875
0 0.28671875 0.4203125 0.01796875 0.01796875
0 0.3171875 0.678125 0.02109375 0.021875
0 0.41796875 0.1921875 0.02109375 0.0203125
1 0.084375 0.6796875 0.01640625 0.01953125
0 0.18125 0.7484375 0.01953125 0.0203125
0 0.30625 0.5546875 0.028125 0.0296875
1 0.07109375 0.44453125 0.02890625 0.03203125
1 0.26328125 0.19921875 0.02734375 0.03125
0 0.29140625 0.44453125 0.0296875 0.028125
0 0.15390625 0.61640625 0.02109375 0.025
0 0.4703125 0.3765625 0.025 0.02421875
0 0.18046875 0.540625 0.02265625 0.028125
0 0.34921875 0.284375 0.021875 0.028125
0 0.33046875 0.04296875 0.02109375 0.01796875
0 0.78203125 0.0796875 0.01484375 0.01484375
0 0.4328125 0.6078125 0.01875 0.01875
0 0.08125 0.325 0.0703125 0.0703125
0 0.0515625 0.759375 0.05078125 0.053125
1 0.22109375 0.75859375 0.02578125 0.028125
0 0.9515625 0.375 0.0265625 0.0296875
0 0.2671875 0.03671875 0.01875 0.01796875
0 0.5046875 0.403125 0.02578125 0.02578125
0 0.31328125 0.1671875 0.02578125 0.0296875
0 0.65625 0.24296875 0.021875 0.021875
0 0.8796875 0.246875 0.02109375 0.02109375
0 0.0921875 0.49765625 0.03046875 0.03046875
0 0.5625 0.334375 0.01484375 0.0140625
0 0.7515625 0.1890625 0.01796875 0.0171875
0 0.0421875 0.26875 0.025 0.0296875
0 0.4234375 0.08046875 0.0390625 0.03515625
0 0.44765625 0.309375 0.0421875 0.040625
0 0.13515625 0.7125 0.02890625 0.02890625
0 0.2484375 0.09453125 0.0265625 0.0234375
0 0.19140625 0.31328125 0.0828125 0.075
0 0.21328125 0.21015625 0.04765625 0.0484375
0 0.5546875 0.71875 0.02578125 0.0265625
0 0.70234375 0.30078125 0.0453125 0.0453125
0 0.203125 0.034375 0.0265625 0.02421875
0 0.18828125 0.3890625 0.03515625 0.03515625
0 0.2515625 0.453125 0.0265625 0.02578125
0 0.30078125 0.2515625 0.01328125 0.01328125
0 0.8609375 0.33359375 0.03359375 0.03359375
0 0.25625 0.12578125 0.02734375 0.025
0 0.7921875 0.34921875 0.05078125 0.05078125
0 0.0421875 0.5171875 0.0671875 0.07578125
0 0.88359375 0.44609375 0.0203125 0.02109375
0 0.50078125 0.3296875 0.03671875 0.03515625
0 0.5390625 0.3125 0.03125 0.0328125
1 0.20390625 0.5984375 0.01796875 0.01953125
0 0.54609375 0.19921875 0.015625 0.01640625
0 0.334375 0.46796875 0.04609375 0.04296875
0 0.6546875 0.090625 0.02578125 0.0234375
0 0.18828125 0.67265625 0.02890625 0.02890625
0 0.2734375 0.325 0.03359375 0.03359375
0 0.75625 0.07734375 0.021875 0.0203125
0 0.36015625 0.459375 0.04140625 0.04140625
0 0.3796875 0.18515625 0.04921875 0.0515625
0 0.0265625 0.07265625 0.0265625 0.02734375
0 0.4078125 0.39765625 0.05078125 0.0546875
0 0.5671875 0.42109375 0.0296875 0.0296875
0 0.384375 0.7375 0.03125 0.03046875
0 0.6125 0.37890625 0.0640625 0.07109375
0 0.12578125 0.1125 0.03125 0.0296875
0 0.35625 0.14296875 0.0328125 0.02890625
0 0.203125 0.171875 0.021875 0.021875
0 0.1171875 0.03125 0.0578125 0.0515625
0 0.03515625 0.2 0.0640625 0.08125
0 0.79921875 0.5875 0.0265625 0.02578125
1 0.6203125 0.6265625 0.03515625 0.03671875
0 0.825 0.50546875 0.0125 0.01328125
0 0.534375 0.6 0.084375 0.08515625
1 0.1953125 0.90078125 0.028125 0.02890625
0 0.27265625 0.26171875 0.03359375 0.0375
0 0.51640625 0.365625 0.03671875 0.0375
0 0.3515625 0.209375 0.0359375 0.03359375
0 0.68125 0.4 0.02734375 0.028125
0 0.86953125 0.1421875 0.04140625 0.04296875
0 0.30234375 0.821875 0.034375 0.03671875
0 0.52109375 0.0515625 0.03671875 0.0328125
0 0.759375 0.06328125 0.01875 0.0171875
0 0.065625 0.146875 0.040625 0.03984375
0 0.1015625 0.821875 0.065625 0.06875
0 0.8140625 0.3875 0.02734375 0.02578125
0 0.47421875 0.225 0.0921875 0.08984375
0 0.290625 0.696875 0.096875 0.096875
0 0.7953125 0.78359375 0.03046875 0.0296875
0 0.46640625 0.071875 0.05 0.04453125
0 0.753125 0.03203125 0.0140625 0.0125
0 0.36015625 0.07734375 0.040625 0.03984375
0 0.61328125 0.7703125 0.0265625 0.02734375
0 0.64765625 0.44921875 0.03515625 0.03515625
0 0.95625 0.15546875 0.0125 0.0140625
0 0.321875 0.07265625 0.03671875 0.0375
0 0.684375 0.0453125 0.0640625 0.06484375
0 0.2328125 0.853125 0.08515625 0.0734375
0 0.01796875 0.26328125 0.02890625 0.03671875
0 0.728125 0.409375 0.0921875 0.0828125
0 0.60859375 0.58671875 0.03828125 0.0390625
1 0.15703125 0.82421875 0.03046875 0.034375
0 0.6671875 0.528125 0.05625 0.059375
0 0.71328125 0.25 0.0359375 0.0359375
0 0.59296875 0.26875 0.03828125 0.03984375
0 0.82421875 0.16328125 0.0640625 0.0640625
0 0.06796875 0.41171875 0.0375 0.03984375
0 0.821875 0.1265625 0.02890625 0.0265625
0 0.47578125 0.5171875 0.11328125 0.11171875
0 0.6984375 0.7234375 0.0765625 0.078125
0 0.1328125 0.575 0.01875 0.028125