1 0.1015625 0.5046875 0.021875 0.02421875
1 0.2515625 0.9515625 0.02109375 0.0203125
0 0.03125 0.8421875 0.0109375 0.0140625
1 0.1578125 0.125 0.0203125 0.0171875
0 0.21484375 0.74296875 0.01796875 0.0203125
0 0.16875 0.76484375 0.015625 0.01640625
1 0.05 0.8859375 0.009375 0.01171875
0 0.22734375 0.94765625 0.0125 0.01328125
1 0.17734375 0.86171875 0.01640625 0.0171875
0 0.01640625 0.43359375 0.0109375 0.0125
1 0.1671875 0.82421875 0.021875 0.02265625
1 0.153125 0.71640625 0.01640625 0.01796875
0 0.121875 0.21171875 0.009375 0.01015625
0 0.1640625 0.146875 0.01171875 0.01171875
0 0.121875 0.72890625 0.01328125 0.015625
0 0.0609375 0.8390625 0.01015625 0.01171875
1 0.05546875 0.77890625 0.02109375 0.0296875
0 0.15703125 0.92578125 0.0109375 0.01171875
1 0.315625 0.8109375 0.0171875 0.02265625
1 0.24609375 0.80859375 0.0234375 0.025
1 0.03515625 0.790625 0.01640625 0.0203125
0 0.1765625 0.17578125 0.0109375 0.0109375
1 0.25234375 0.82734375 0.01953125 0.02109375
0 0.0265625 0.5578125 0.0109375 0.01328125
1 0.178125 0.93046875 0.0171875 0.01796875
1 0.05859375 0.6359375 0.0328125 0.03828125
0 0.23203125 0.6859375 0.01796875 0.01953125
0 0.12265625 0.15078125 0.01015625 0.01015625
1 0.2703125 0.95234375 0.0171875 0.02109375
0 0.23203125 0.85078125 0.01484375 0.01640625
0 0.1125 0.40078125 0.01328125 0.01328125
1 0.2671875 0.72109375 0.0171875 0.02109375
0 0.1046875 0.30390625 0.01796875 0.0171875
1 0.0328125 0.6890625 0.0125 0.0171875
1 0.04765625 0.44921875 0.0140625 0.01875
1 0.10390625 0.93515625 0.01171875 0.01328125
0 0.1046875 0.62578125 0.02109375 0.02421875
0 0.13046875 0.66171875 0.01796875 0.0171875
1 0.0375 0.9109375 0.0171875 0.01953125
1 0.215625 0.77421875 0.025 0.02890625
1 0.05859375 0.9078125 0.0109375 0.0140625
0 0.1359375 0.64765625 0.01640625 0.01875
1 0.334375 0.88828125 0.009375 0.0125
0 0.228125 0.86953125 0.015625 0.015625
1 0.0984375 0.65234375 0.015625 0.01953125
0 0.1265625 0.5890625 0.03046875 0.0296875
1 0.0296875 0.60625 0.0125 0.015625
1 0.26640625 0.66640625 0.01015625 0.015625
1 0.32734375 0.7671875 0.01171875 0.0140625
0 0.059375 0.12890625 0.01015625 0.0125
0 0.14609375 0.534375 0.0171875 0.01640625
1 0.0328125 0.278125 0.02421875 0.02734375
0 0.07734375 0.77109375 0.02421875 0.03203125
0 0.125 0.47578125 0.0203125 0.02421875
1 0.04140625 0.37734375 0.0171875 0.01953125
1 0.259375 0.96875 0.0140625 0.0140625
1 0.08046875 0.70703125 0.021875 0.0265625
1 0.14921875 0.87421875 0.01015625 0.01171875
0 0.1765625 0.66328125 0.0203125 0.01875
1 0.16640625 0.7375 0.01953125 0.02421875
1 0.0921875 0.3390625 0.0171875 0.0203125
1 0.11953125 0.68828125 0.01640625 0.01796875
1 0.19140625 0.98359375 0.02578125 0.0234375
1 0.04921875 0.1609375 0.0359375 0.0375
1 0.059375 0.31171875 0.0265625 0.03046875
0 0.04140625 0.14296875 0.009375 0.01015625
1 0.20390625 0.6421875 0.0203125 0.02265625
1 0.30546875 0.7484375 0.0109375 0.01171875
1 0.05390625 0.1359375 0.0265625 0.0265625
0 0.0734375 0.54375 0.0203125 0.02265625
0 0.0859375 0.3234375 0.015625 0.015625
1 0.334375 0.76875 0.0140625 0.015625
1 0.1578125 0.9671875 0.01328125 0.01328125
0 0.02265625 0.54375 0.015625 0.01953125
0 0.1984375 0.12421875 0.01640625 0.015625
0 0.02109375 0.6265625 0.0375 0.05546875
1 0.2265625 0.91875 0.009375 0.0109375
0 0.0109375 0.2375 0.01015625 0.009375
0 0.21796875 0.575 0.025 0.02578125
0 0.0703125 0.0265625 0.0078125 0.00859375
1 0.18203125 0.7484375 0.02578125 0.028125
0 0.0828125 0.44921875 0.04375 0.04921875