0 0.24453125 0.48046875 0.0375 0.03671875
0 0.18515625 0.41171875 0.034375 0.0375
0 0.196875 0.5171875 0.04296875 0.0421875
0 0.50703125 0.47890625 0.02109375 0.021875
0 0.3296875 0.3515625 0.04375 0.04375
0 0.575 0.5890625 0.046875 0.04921875
0 0.31484375 0.1421875 0.01796875 0.0171875
0 0.3515625 0.525 0.0265625 0.0265625
0 0.23125 0.609375 0.021875 0.02421875
0 0.42578125 0.4328125 0.03515625 0.02734375
0 0.49296875 0.1640625 0.0171875 0.01875
0 0.80390625 0.196875 0.046875 0.05
0 0.14375 0.596875 0.05234375 0.05390625
0 0.58125 0.45390625 0.03359375 0.0390625
0 0.54765625 0.38203125 0.03359375 0.0359375
0 0.31328125 0.47109375 0.01640625 0.01484375
0 0.7453125 0.0890625 0.01796875 0.01875
0 0.1125 0.3765625 0.03125 0.03671875
0 0.40703125 0.21796875 0.02265625 0.02109375
0 0.33515625 0.5578125 0.028125 0.03125
0 0.06484375 0.68125 0.01640625 0.01640625
0 0.31484375 0.3890625 0.0296875 0.03046875
0 0.19765625 0.61171875 0.034375 0.0359375
0 0.26015625 0.37109375 0.059375 0.05703125
0 0.64921875 0.396875 0.0265625 0.02578125
0 0.40078125 0.5640625 0.0390625 0.03984375
0 0.15625 0.6484375 0.01875 0.0203125
0 0.47265625 0.540625 0.05859375 0.0609375
0 0.1046875 0.77421875 0.0421875 0.04921875
0 0.4734375 0.34375 0.03984375 0.03828125
0 0.328125 0.44609375 0.03203125 0.03359375
0 0.62265625 0.17890625 0.04296875 0.04375
0 0.4078125 0.334375 0.0203125 0.02109375
0 0.5171875 0.615625 0.0359375 0.04296875
0 0.328125 0.503125 0.03671875 0.034375
0 0.25859375 0.678125 0.04609375 0.0453125
0 0.3421875 0.315625 0.04921875 0.05
0 0.2328125 0.2140625 0.025 0.02421875
0 0.22265625 0.35546875 0.02890625 0.0328125
0 0.2765625 0.5734375 0.0140625 0.01484375
0 0.23984375 0.8078125 0.01796875 0.0171875
0 0.48203125 0.60078125 0.028125 0.02890625
0 0.5765625 0.4109375 0.0203125 0.02109375
0 0.10703125 0.66953125 0.0234375 0.0296875
0 0.43515625 0.65546875 0.034375 0.03515625
0 0.209375 0.33125 0.01953125 0.02109375
0 0.14453125 0.48671875 0.05 0.0515625
0 0.60078125 0.54375 0.0390625 0.03984375
0 0.4 0.38046875 0.0375 0.03515625
0 0.46953125 0.21796875 0.0296875 0.02734375
0 0.490625 0.4 0.040625 0.0390625
0 0.740625 0.1421875 0.03359375 0.03046875
0 0.42734375 0.4984375 0.03671875 0.0359375
0 0.534375 0.4078125 0.0234375 0.02578125
0 0.50078125 0.24921875 0.02890625 0.02421875
0 0.4125 0.8 0.0234375 0.02265625
0 0.7015625 0.34765625 0.0265625 0.02578125
0 0.2515625 0.78828125 0.025 0.0234375
0 0.59375 0.11015625 0.0421875 0.0375
0 0.16484375 0.225 0.06640625 0.06171875
0 0.53203125 0.271875 0.02265625 0.02421875
0 0.38671875 0.7734375 0.03359375 0.034375
1 0.79609375 0.1390625 0.0328125 0.03671875
0 0.45234375 0.49453125 0.021875 0.021875
0 0.30703125 0.5890625 0.021875 0.021875
0 0.628125 0.0671875 0.0375 0.0328125
0 0.36015625 0.79921875 0.02109375 0.0203125
0 0.26640625 0.7546875 0.028125 0.02578125
0 0.57890625 0.209375 0.0375 0.0390625
0 0.33515625 0.3875 0.03203125 0.03203125
0 0.55 0.640625 0.021875 0.021875
0 0.384375 0.5984375 0.03515625 0.03828125
0 0.2890625 0.2578125 0.040625 0.04375
0 0.4296875 0.2625 0.05078125 0.04453125
0 0.3140625 0.66796875 0.03359375 0.03125
0 0.6515625 0.23671875 0.03125 0.03203125
0 0.375 0.878125 0.03984375 0.04375
0 0.3796875 0.68671875 0.0421875 0.0421875
0 0.5375 0.3296875 0.0484375 0.05625
0 0.30625 0.75703125 0.0390625 0.040625
0 0.3796875 0.61796875 0.03046875 0.03046875
1 0.68046875 0.17265625 0.0234375 0.0234375
0 0.0296875 0.3859375 0.03046875 0.03828125
0 0.2890625 0.69765625 0.0359375 0.03203125
0 0.5015625 0.11015625 0.0296875 0.0359375
0 0.09140625 0.80703125 0.02421875 0.0296875
1 0.7375 0.17734375 0.028125 0.02734375
0 0.1265625 0.83984375 0.03125 0.03671875
1 0.51484375 0.69453125 0.025 0.02578125
0 0.3921875 0.92890625 0.0296875 0.02734375
1 0.60859375 0.4046875 0.0234375 0.025
0 0.446875 0.753125 0.0234375 0.025
0 0.759375 0.2671875 0.0203125 0.021875
1 0.225 0.84140625 0.0140625 0.015625
0 0.63203125 0.23515625 0.02734375 0.02734375
0 0.21171875 0.39765625 0.02109375 0.02734375
0 0.6 0.34609375 0.0234375 0.02578125
0 0.62890625 0.2640625 0.02734375 0.0265625
0 0.4203125 0.840625 0.01875 0.01796875
0 0.31171875 0.93359375 0.0453125 0.0328125
1 0.17734375 0.89921875 0.01328125 0.015625
0 0.5734375 0.3515625 0.02109375 0.02265625
0 0.725 0.0203125 0.02890625 0.02421875
1 0.23125 0.9265625 0.0296875 0.0265625
0 0.01171875 0.5109375 0.01796875 0.02578125
1 0.39921875 0.94375 0.025 0.02109375
0 0.1859375 0.903125 0.03125 0.02890625
0 0.47265625 0.8171875 0.03671875 0.03359375
0 0.4453125 0.0328125 0.0625 0.0421875
1 0.11640625 0.83203125 0.01640625 0.0203125
1 0.2671875 0.95859375 0.028125 0.0265625
0 0.12421875 0.13828125 0.02734375 0.02578125
0 0.48515625 0.7046875 0.04296875 0.04140625
0 0.46796875 0.8625 0.02109375 0.02109375
0 0.0828125 0.7984375 0.0125 0.01796875
0 0.21640625 0.76953125 0.009375 0.01015625