0 0.69921875 0.4203125 0.025 0.025
0 0.51875 0.559375 0.040625 0.03671875
0 0.125 0.66328125 0.0234375 0.025
0 0.54453125 0.64375 0.03203125 0.03359375
0 0.1609375 0.69453125 0.03359375 0.03515625
0 0.58515625 0.72734375 0.01875 0.01953125
0 0.34453125 0.790625 0.034375 0.0328125
0 0.36484375 0.9359375 0.03046875 0.02265625
0 0.58125 0.5625 0.0265625 0.0265625
0 0.86328125 0.45546875 0.0328125 0.0390625
0 0.40703125 0.9625 0.0328125 0.025
1 0.96015625 0.43125 0.0234375 0.03828125
0 0.640625 0.53828125 0.0265625 0.028125
0 0.85859375 0.67734375 0.0375 0.04140625
0 0.86640625 0.59609375 0.03671875 0.03984375
1 0.97109375 0.64296875 0.0171875 0.03046875
0 0.44375 0.40078125 0.03984375 0.04140625
0 0.52421875 0.5015625 0.03671875 0.03828125
0 0.696875 0.946875 0.04296875 0.0359375
0 0.428125 0.57421875 0.028125 0.028125
0 0.896875 0.725 0.03671875 0.04375
1 0.95390625 0.509375 0.01796875 0.0296875
0 0.4421875 0.4390625 0.03203125 0.0328125
0 0.2125 0.471875 0.01953125 0.01953125
1 0.9203125 0.265625 0.03359375 0.04140625
0 0.42734375 0.7515625 0.02109375 0.02109375
0 0.81484375 0.3625 0.04921875 0.053125
0 0.78984375 0.2765625 0.02890625 0.0296875
0 0.41171875 0.82421875 0.03203125 0.03203125
0 0.4078125 0.50625 0.02265625 0.02265625
0 0.2171875 0.5375 0.028125 0.0265625
0 0.87265625 0.778125 0.02890625 0.03515625
0 0.8578125 0.878125 0.034375 0.03828125
0 0.78828125 0.3078125 0.02421875 0.025
0 0.33046875 0.25625 0.02734375 0.02421875
0 0.584375 0.36875 0.028125 0.03046875
0 0.5078125 0.75546875 0.0234375 0.0234375
0 0.55625 0.91484375 0.02421875 0.021875
1 0.9703125 0.4796875 0.02109375 0.03203125
0 0.5734375 0.81953125 0.0234375 0.021875
1 0.928125 0.36796875 0.02734375 0.03515625
1 0.934375 0.68125 0.015625 0.02578125
0 0.53515625 0.07109375 0.02421875 0.01953125
0 0.3921875 0.82890625 0.0234375 0.02421875
0 0.684375 0.6484375 0.0640625 0.06015625
0 0.31328125 0.55 0.03125 0.03046875
0 0.9015625 0.4203125 0.0265625 0.0359375
0 0.33671875 0.678125 0.01796875 0.01875
0 0.6546875 0.0796875 0.02265625 0.01875
0 0.61796875 0.83671875 0.02265625 0.02109375
0 0.87578125 0.23828125 0.0359375 0.0375
1 0.903125 0.309375 0.03671875 0.05390625
0 0.746875 0.0890625 0.0328125 0.028125
0 0.83828125 0.7109375 0.021875 0.02421875
0 0.31875 0.47890625 0.0125 0.0140625
0 0.746875 0.21953125 0.04453125 0.04609375
0 0.56328125 0.70546875 0.015625 0.01640625
0 0.7 0.196875 0.04609375 0.046875
0 0.85 0.171875 0.040625 0.04140625
0 0.2640625 0.19921875 0.02265625 0.02109375
0 0.484375 0.7359375 0.01640625 0.01640625
0 0.28515625 0.66953125 0.0515625 0.04765625
0 0.9640625 0.59921875 0.03828125 0.04296875
0 0.91328125 0.76640625 0.01875 0.03046875
0 0.79375 0.1015625 0.0546875 0.0484375
0 0.865625 0.7859375 0.0140625 0.02265625
0 0.03359375 0.27421875 0.02578125 0.0375
0 0.690625 0.96953125 0.0359375 0.0234375
0 0.7265625 0.02890625 0.05078125 0.03515625
0 0.809375 0.91796875 0.034375 0.03671875
0 0.69453125 0.82109375 0.06953125 0.06796875
0 0.475 0.92890625 0.07109375 0.05390625
1 0.696875 0.29453125 0.0328125 0.04375