0 0.46640625 0.3234375 0.1203125 0.11953125
0 0.73125 0.28515625 0.16171875 0.1578125
0 0.18984375 0.7953125 0.09453125 0.090625
0 0.09375 0.71328125 0.10546875 0.0984375
0 0.2015625 0.2765625 0.0796875 0.08125
0 0.42265625 0.16875 0.0328125 0.034375
0 0.496875 0.1828125 0.0296875 0.02890625
0 0.87890625 0.16015625 0.1015625 0.1140625
0 0.9328125 0.43671875 0.0578125 0.0578125
0 0.4078125 0.75390625 0.06171875 0.0484375
0 0.325 0.58828125 0.071875 0.0859375
0 0.221875 0.95234375 0.1046875 0.08828125
0 0.04609375 0.96484375 0.04140625 0.0453125
0 0.35625 0.9234375 0.04375 0.04609375
0 0.4828125 0.4171875 0.05 0.04453125
0 0.5265625 0.41328125 0.0328125 0.03359375
0 0.64765625 0.66484375 0.33828125 0.35703125
1 0.4671875 0.328125 0.0359375 0.0375
1 0.73515625 0.2953125 0.0328125 0.046875