0 0.50859375 0.515625 0.021875 0.02265625
0 0.8375 0.63203125 0.02109375 0.025
0 0.3 0.690625 0.01640625 0.01640625
0 0.42890625 0.5203125 0.03125 0.03046875
0 0.35234375 0.51328125 0.025 0.0265625
0 0.85703125 0.603125 0.025 0.03046875
0 0.39765625 0.72265625 0.01875 0.01875
0 0.2078125 0.60234375 0.01484375 0.0171875
0 0.46796875 0.63046875 0.0171875 0.0171875
0 0.60625 0.665625 0.01484375 0.0140625
0 0.6234375 0.88203125 0.02265625 0.01640625
0 0.2640625 0.778125 0.01484375 0.01484375
0 0.72109375 0.76484375 0.02421875 0.02421875
0 0.56640625 0.4515625 0.021875 0.02421875
0 0.90390625 0.61796875 0.0125 0.01640625
0 0.7921875 0.70390625 0.01484375 0.015625
0 0.8390625 0.7703125 0.025 0.02578125
0 0.38984375 0.66484375 0.01015625 0.0109375
0 0.5671875 0.63046875 0.015625 0.01484375
0 0.8484375 0.48984375 0.03046875 0.0390625
0 0.29609375 0.76015625 0.0140625 0.01328125
0 0.64453125 0.8296875 0.0234375 0.01796875
0 0.39609375 0.76171875 0.01875 0.01484375
0 0.1546875 0.29765625 0.01875 0.02578125
0 0.728125 0.5453125 0.01484375 0.0171875
0 0.71171875 0.64609375 0.0109375 0.01171875
0 0.2734375 0.5296875 0.04609375 0.046875
0 0.36796875 0.65546875 0.0109375 0.0109375
0 0.94453125 0.5765625 0.0171875 0.02578125
0 0.7078125 0.7140625 0.03203125 0.03125
0 0.628125 0.89921875 0.0171875 0.0140625
0 0.3453125 0.7546875 0.01640625 0.015625
0 0.81484375 0.4046875 0.0203125 0.025
0 0.53984375 0.58203125 0.02578125 0.02421875
0 0.48515625 0.5828125 0.0109375 0.01171875
0 0.0921875 0.63203125 0.01015625 0.0140625
0 0.11796875 0.50234375 0.01875 0.02578125
0 0.88984375 0.62421875 0.009375 0.0125
0 0.1796875 0.34375 0.0234375 0.03046875
0 0.3453125 0.71953125 0.01015625 0.0109375
0 0.31015625 0.88203125 0.01328125 0.01171875
0 0.6515625 0.59296875 0.01640625 0.01640625
0 0.67265625 0.35703125 0.0234375 0.02421875
0 0.1515625 0.4703125 0.02265625 0.02890625
0 0.27109375 0.590625 0.0140625 0.01484375
0 0.70234375 0.359375 0.021875 0.02109375
0 0.09375 0.59453125 0.02734375 0.04453125
0 0.04609375 0.4078125 0.015625 0.0265625
0 0.19765625 0.2875 0.02109375 0.02421875
0 0.76953125 0.66875 0.01796875 0.0203125
0 0.3671875 0.39609375 0.03046875 0.0296875
0 0.209375 0.478125 0.03359375 0.03828125
0 0.384375 0.3140625 0.02578125 0.025
0 0.61015625 0.440625 0.028125 0.02734375
0 0.22734375 0.5734375 0.02734375 0.0359375
0 0.83359375 0.7078125 0.009375 0.01171875
0 0.084375 0.56328125 0.01171875 0.01640625
0 0.3390625 0.6421875 0.0140625 0.0140625
0 0.0578125 0.65546875 0.0234375 0.03984375
0 0.35234375 0.603125 0.0515625 0.05234375
0 0.49375 0.74140625 0.01015625 0.01015625
0 0.171875 0.71015625 0.01796875 0.01953125
0 0.8375 0.7453125 0.01015625 0.0109375
0 0.41640625 0.8453125 0.0109375 0.009375
0 0.31328125 0.27734375 0.0203125 0.021875
0 0.78046875 0.4625 0.0203125 0.0234375
0 0.5265625 0.75625 0.0375 0.034375
0 0.26796875 0.73203125 0.009375 0.009375
0 0.628125 0.68984375 0.0109375 0.01171875
0 0.14609375 0.5265625 0.0453125 0.046875
0 0.8 0.21875 0.03046875 0.03671875
0 0.5796875 0.91328125 0.03125 0.01875
1 0.68203125 0.85859375 0.03125 0.0296875
1 0.40234375 0.79140625 0.015625 0.01171875
1 0.27578125 0.83515625 0.0109375 0.01171875
1 0.25390625 0.86796875 0.0140625 0.0125
1 0.615625 0.81796875 0.01796875 0.01484375
1 0.71015625 0.8109375 0.0296875 0.01875
1 0.659375 0.84921875 0.01015625 0.009375
1 0.59921875 0.8390625 0.009375 0.009375
1 0.30703125 0.721875 0.021875 0.0171875
1 0.53125 0.8078125 0.0109375 0.01015625
1 0.29140625 0.81796875 0.009375 0.00859375
1 0.884375 0.75859375 0.0109375 0.0125
1 0.80625 0.71171875 0.02265625 0.0234375
1 0.43671875 0.84921875 0.009375 0.00859375
1 0.6609375 0.6265625 0.03046875 0.028125
1 0.5890625 0.78359375 0.02734375 0.0328125