0 0.378125 0.38359375 0.02890625 0.02890625
0 0.47421875 0.46875 0.01328125 0.0140625
0 0.13125 0.4796875 0.01015625 0.0125
0 0.15078125 0.4390625 0.01484375 0.01875
0 0.65234375 0.4953125 0.0328125 0.03125
0 0.459375 0.42265625 0.01171875 0.01171875
0 0.58046875 0.55703125 0.02578125 0.02578125
0 0.80625 0.36171875 0.0265625 0.0296875
0 0.5890625 0.35234375 0.025 0.02265625
0 0.73671875 0.3453125 0.02890625 0.028125
0 0.375 0.57890625 0.02890625 0.02734375
0 0.41640625 0.19375 0.02265625 0.0203125
0 0.4984375 0.23671875 0.034375 0.03046875
0 0.66875 0.27109375 0.034375 0.034375
0 0.12421875 0.5421875 0.01171875 0.01328125
0 0.8421875 0.44375 0.03046875 0.03515625
0 0.2203125 0.41875 0.0140625 0.01484375
0 0.08203125 0.50625 0.01875 0.025
0 0.64921875 0.396875 0.01875 0.01796875
0 0.24609375 0.2609375 0.0359375 0.0359375
0 0.53671875 0.2296875 0.0203125 0.01796875
0 0.628125 0.24453125 0.028125 0.0265625
0 0.8625 0.4078125 0.0234375 0.0296875
0 0.553125 0.5921875 0.0265625 0.02421875
0 0.4828125 0.309375 0.05546875 0.0484375
0 0.2828125 0.33671875 0.01796875 0.01640625
0 0.85234375 0.51796875 0.02578125 0.0296875
0 0.1765625 0.4984375 0.025 0.0234375
0 0.40234375 0.12578125 0.03125 0.025
0 0.846875 0.32109375 0.04609375 0.05234375
0 0.86953125 0.3015625 0.0234375 0.02890625
0 0.05859375 0.43203125 0.01015625 0.015625
0 0.6625 0.5359375 0.021875 0.021875
0 0.809375 0.521875 0.04453125 0.046875
0 0.5703125 0.1234375 0.0203125 0.01640625
0 0.28515625 0.5234375 0.009375 0.01015625
0 0.45078125 0.36640625 0.0171875 0.0171875
0 0.31171875 0.2421875 0.0203125 0.0203125
0 0.3828125 0.44609375 0.0140625 0.01328125
0 0.1765625 0.4203125 0.00859375 0.01015625
0 0.896875 0.3734375 0.0203125 0.02734375
0 0.3 0.1796875 0.01171875 0.0109375
0 0.72890625 0.6328125 0.02578125 0.0234375
0 0.3140625 0.40234375 0.0125 0.0125
0 0.34140625 0.2078125 0.0109375 0.01015625
0 0.684375 0.4703125 0.02265625 0.02109375
0 0.2671875 0.22578125 0.01328125 0.01328125
0 0.778125 0.596875 0.021875 0.02265625
0 0.39453125 0.3125 0.01015625 0.009375
0 0.796875 0.29921875 0.015625 0.01484375
0 0.64765625 0.41875 0.015625 0.01640625
0 0.70625 0.39765625 0.0140625 0.0125
0 0.403125 0.1765625 0.01875 0.01640625
0 0.49765625 0.0765625 0.0375 0.025
0 0.690625 0.32109375 0.015625 0.0125
0 0.63359375 0.2859375 0.01015625 0.009375
0 0.69453125 0.53984375 0.01953125 0.01875
0 0.8234375 0.1875 0.0140625 0.0140625
0 0.28515625 0.13984375 0.0171875 0.01484375
0 0.25703125 0.4 0.01953125 0.01875
0 0.65859375 0.5890625 0.021875 0.0203125
0 0.39453125 0.53046875 0.01953125 0.01796875
0 0.36796875 0.1265625 0.0234375 0.02109375
0 0.87421875 0.5109375 0.01640625 0.0203125
0 0.1171875 0.49140625 0.00859375 0.01015625
0 0.6359375 0.18359375 0.01328125 0.01171875
0 0.80546875 0.42578125 0.021875 0.02421875
0 0.8625 0.27734375 0.03125 0.040625
0 0.75625 0.20703125 0.01875 0.01640625
0 0.6734375 0.4453125 0.01875 0.01640625
0 0.59453125 0.52890625 0.02265625 0.02109375
0 0.49453125 0.2703125 0.0265625 0.0234375
1 0.9078125 0.48046875 0.01875 0.02109375
0 0.896875 0.4546875 0.0171875 0.01875
0 0.88203125 0.33046875 0.02109375 0.02734375
0 0.0609375 0.4921875 0.01015625 0.01171875
0 0.90703125 0.40625 0.015625 0.01640625
0 0.7453125 0.6203125 0.03203125 0.0296875
0 0.909375 0.4328125 0.0234375 0.021875
0 0.1703125 0.4984375 0.009375 0.0109375
0 0.61796875 0.14609375 0.01796875 0.015625
0 0.76484375 0.39609375 0.02734375 0.02578125
0 0.61640625 0.353125 0.021875 0.02265625
0 0.24375 0.41953125 0.01015625 0.0109375
0 0.4671875 0.559375 0.025 0.02265625
0 0.959375 0.41796875 0.0296875 0.05546875
0 0.9421875 0.4375 0.01484375 0.0171875
0 0.815625 0.2328125 0.028125 0.02421875
0 0.96953125 0.34765625 0.01171875 0.01640625
0 0.940625 0.46328125 0.0171875 0.01953125
0 0.9140625 0.615625 0.02578125 0.03125
0 0.9828125 0.4734375 0.01484375 0.02578125
0 0.8953125 0.56875 0.02109375 0.02734375
0 0.91953125 0.53046875 0.01640625 0.01875
0 0.17109375 0.1859375 0.02109375 0.01875
0 0.6703125 0.565625 0.03671875 0.040625
0 0.7203125 0.58515625 0.0234375 0.0234375
0 0.73515625 0.31328125 0.0265625 0.025
0 0.25390625 0.10625 0.0296875 0.02109375