0 0.85625 0.63359375 0.0265625 0.03203125
1 0.15 0.94765625 0.01640625 0.0203125
0 0.26015625 0.6296875 0.0203125 0.021875
0 0.47109375 0.7171875 0.02265625 0.02265625
0 0.48515625 0.6921875 0.021875 0.02265625
0 0.89140625 0.21953125 0.01640625 0.01640625
0 0.3296875 0.7125 0.0296875 0.03125
0 0.66015625 0.909375 0.01953125 0.021875
0 0.3671875 0.684375 0.01953125 0.0203125
0 0.91328125 0.30625 0.0296875 0.03359375
0 0.078125 0.84296875 0.0140625 0.01484375
0 0.94375 0.3234375 0.0265625 0.03125
0 0.590625 0.88203125 0.0171875 0.01796875
0 0.203125 0.6609375 0.01640625 0.01640625
0 0.3375 0.3578125 0.02890625 0.03203125
0 0.22734375 0.8140625 0.0375 0.03671875
0 0.7984375 0.6921875 0.0203125 0.0203125
0 0.55703125 0.70390625 0.0296875 0.03046875
0 0.38671875 0.89765625 0.01953125 0.02265625
0 0.3609375 0.78828125 0.02265625 0.021875
0 0.61171875 0.87578125 0.0203125 0.021875
1 0.51484375 0.2328125 0.04375 0.04296875
0 0.34296875 0.45234375 0.034375 0.034375
0 0.20859375 0.51953125 0.01875 0.01953125
1 0.8015625 0.603125 0.0234375 0.0265625
0 0.04140625 0.62734375 0.02578125 0.0296875
0 0.57578125 0.70078125 0.01953125 0.02109375
0 0.28515625 0.41640625 0.01796875 0.02109375
0 0.50078125 0.96484375 0.02734375 0.0234375
1 0.11953125 0.93125 0.01953125 0.0234375
0 0.5765625 0.86875 0.01796875 0.01875
0 0.67734375 0.4328125 0.02421875 0.025
0 0.10390625 0.9640625 0.0203125 0.01953125
0 0.78515625 0.4265625 0.0203125 0.021875
0 0.62421875 0.684375 0.0265625 0.0296875
0 0.44375 0.94609375 0.0171875 0.01875
0 0.45 0.7625 0.04765625 0.04609375
1 0.17578125 0.6546875 0.01484375 0.01640625
0 0.26875 0.140625 0.03125 0.03046875
0 0.10078125 0.265625 0.01171875 0.0109375
0 0.29296875 0.709375 0.01875 0.01875
0 0.0390625 0.2703125 0.0125 0.01171875
0 0.53046875 0.5796875 0.0140625 0.015625
0 0.2703125 0.83828125 0.02734375 0.028125
0 0.76328125 0.1328125 0.046875 0.04296875
0 0.77890625 0.75 0.015625 0.01640625
0 0.86484375 0.19375 0.028125 0.0296875
0 0.20703125 0.95234375 0.0234375 0.02265625
1 0.740625 0.66484375 0.0140625 0.01796875
0 0.3734375 0.48046875 0.0390625 0.03671875
0 0.82578125 0.18125 0.0203125 0.021875
0 0.459375 0.23125 0.01171875 0.01171875
0 0.7515625 0.2859375 0.02265625 0.02109375
0 0.88671875 0.0796875 0.0296875 0.02890625
0 0.40234375 0.14140625 0.0140625 0.0140625
0 0.478125 0.15703125 0.0125 0.01171875
0 0.11015625 0.18046875 0.01171875 0.01171875
0 0.6703125 0.90078125 0.01640625 0.01640625
0 0.70078125 0.47734375 0.0171875 0.01640625
0 0.4859375 0.40703125 0.02890625 0.034375
0 0.56875 0.9 0.025 0.0234375
0 0.33828125 0.78828125 0.02421875 0.01953125
0 0.4078125 0.953125 0.01640625 0.01796875
0 0.7109375 0.96640625 0.01796875 0.0171875
0 0.78984375 0.66796875 0.01953125 0.01796875
0 0.38515625 0.065625 0.0140625 0.01328125
0 0.78984375 0.06328125 0.02421875 0.021875
0 0.5796875 0.775 0.0296875 0.0296875
0 0.3671875 0.85234375 0.02578125 0.02734375
0 0.2 0.775 0.0125 0.0140625
0 0.909375 0.525 0.02890625 0.02890625
0 0.9625 0.16796875 0.01953125 0.01953125
0 0.85625 0.54765625 0.01640625 0.01640625
0 0.7515625 0.671875 0.0140625 0.01640625
0 0.62578125 0.95625 0.01875 0.0171875
0 0.72421875 0.7765625 0.025 0.0265625
1 0.33515625 0.9703125 0.01171875 0.0125
0 0.803125 0.2234375 0.0453125 0.0421875
1 0.18671875 0.1 0.03984375 0.03828125
1 0.02421875 0.4328125 0.02421875 0.03125
0 0.84453125 0.4734375 0.01640625 0.01875
0 0.30703125 0.77578125 0.01640625 0.0171875
0 0.23984375 0.8484375 0.04609375 0.04375
0 0.64765625 0.18203125 0.0375 0.03984375
0 0.753125 0.7515625 0.015625 0.0171875
0 0.3421875 0.9859375 0.0265625 0.0234375
0 0.471875 0.9296875 0.01328125 0.01484375
0 0.36953125 0.32265625 0.02734375 0.03046875
0 0.77265625 0.83515625 0.01328125 0.0140625
0 0.696875 0.90546875 0.0140625 0.015625
0 0.89609375 0.3265625 0.02734375 0.028125
1 0.365625 0.9125 0.0125 0.0140625
0 0.3828125 0.9859375 0.01953125 0.0203125
0 0.840625 0.1328125 0.01484375 0.01640625
0 0.8765625 0.83984375 0.01484375 0.01484375
0 0.5453125 0.7078125 0.01484375 0.015625
0 0.24921875 0.9859375 0.021875 0.021875
1 0.1125 0.13203125 0.0234375 0.02421875
0 0.66484375 0.83125 0.090625 0.0796875
0 0.76875 0.87734375 0.0625 0.0609375
0 0.59765625 0.8171875 0.0453125 0.046875
0 0.63671875 0.040625 0.0625 0.059375