0 0.19609375 0.3984375 0.02578125 0.02890625
0 0.20625 0.2609375 0.02578125 0.025
0 0.30234375 0.340625 0.03359375 0.03671875
0 0.43125 0.1765625 0.0265625 0.02265625
0 0.315625 0.2390625 0.02421875 0.02265625
0 0.5296875 0.2890625 0.03984375 0.0390625
0 0.38515625 0.08203125 0.03203125 0.02109375
0 0.39921875 0.1703125 0.03671875 0.0296875
0 0.4625 0.09140625 0.01640625 0.0140625
0 0.465625 0.32265625 0.03828125 0.040625
0 0.4859375 0.17109375 0.0234375 0.01953125
0 0.32421875 0.6296875 0.03359375 0.034375
0 0.35 0.35703125 0.02265625 0.02421875
1 0.434375 0.4 0.0296875 0.02890625
0 0.50859375 0.1296875 0.0203125 0.0171875
0 0.34140625 0.740625 0.0421875 0.0390625
0 0.51875 0.153125 0.02734375 0.021875
0 0.31796875 0.19609375 0.0203125 0.01953125
0 0.2296875 0.48671875 0.01171875 0.01328125
0 0.4421875 0.225 0.025 0.0234375
0 0.421875 0.31953125 0.0515625 0.04921875
1 0.36640625 0.56953125 0.034375 0.0390625
0 0.3375 0.271875 0.0125 0.01328125
0 0.45546875 0.24609375 0.02890625 0.02890625
0 0.40859375 0.23515625 0.02734375 0.02734375
0 0.525 0.225 0.04140625 0.03515625
0 0.55390625 0.18046875 0.04296875 0.03671875
1 0.1671875 0.5296875 0.0125 0.01640625
0 0.34296875 0.7046875 0.03984375 0.04375
0 0.1546875 0.4859375 0.01796875 0.021875
0 0.25625 0.3109375 0.01328125 0.0125
0 0.271875 0.734375 0.02265625 0.0234375
1 0.21640625 0.68828125 0.0171875 0.0203125
1 0.2421875 0.7875 0.015625 0.015625
0 0.14453125 0.58828125 0.01953125 0.02265625
0 0.3296875 0.1515625 0.03203125 0.02890625
0 0.334375 0.2375 0.01328125 0.01328125
0 0.0796875 0.6828125 0.0171875 0.02265625
1 0.2765625 0.65234375 0.01953125 0.0203125
0 0.18046875 0.6546875 0.0234375 0.02421875
0 0.23828125 0.34453125 0.021875 0.02265625
0 0.26796875 0.4390625 0.01015625 0.01171875
0 0.38125 0.31875 0.04453125 0.04921875
0 0.153125 0.41796875 0.02265625 0.02890625
0 0.54921875 0.0609375 0.01640625 0.0140625
1 0.2140625 0.84296875 0.0140625 0.01640625
0 0.290625 0.2625 0.0375 0.03515625
0 0.38125 0.2078125 0.01484375 0.0125
0 0.303125 0.21796875 0.0359375 0.0328125
0 0.0890625 0.371875 0.0234375 0.03046875
0 0.22734375 0.3953125 0.01171875 0.01328125
0 0.2921875 0.20390625 0.02890625 0.028125
0 0.4875 0.22890625 0.01640625 0.015625
0 0.315625 0.11640625 0.02421875 0.02265625
0 0.465625 0.2921875 0.01796875 0.01796875
0 0.31171875 0.384375 0.0359375 0.03515625
0 0.63359375 0.034375 0.021875 0.0171875
0 0.546875 0.10703125 0.0203125 0.0171875
1 0.61171875 0.1046875 0.0234375 0.01875
0 0.08046875 0.428125 0.0125 0.01640625
0 0.39375 0.26640625 0.02265625 0.02421875
1 0.2796875 0.79609375 0.028125 0.0234375
0 0.2015625 0.1828125 0.02734375 0.02734375
1 0.08046875 0.52109375 0.02109375 0.02421875
1 0.24609375 0.84296875 0.01328125 0.0125
0 0.05 0.5890625 0.0109375 0.01640625
0 0.0796875 0.590625 0.02890625 0.03671875
1 0.1046875 0.553125 0.0109375 0.015625
0 0.37109375 0.271875 0.0328125 0.03203125
0 0.2328125 0.16953125 0.03984375 0.0359375
0 0.55234375 0.0453125 0.01484375 0.0125
0 0.11484375 0.646875 0.01171875 0.0171875
0 0.496875 0.05703125 0.0171875 0.01953125
0 0.53203125 0.01796875 0.0171875 0.01015625
0 0.5640625 0.13046875 0.0203125 0.0171875
0 0.4171875 0.26328125 0.01640625 0.01640625
0 0.48359375 0.034375 0.01875 0.0140625
0 0.61640625 0.09140625 0.025 0.01875
0 0.16640625 0.771875 0.01015625 0.0125
0 0.13515625 0.53203125 0.01328125 0.01640625
0 0.15859375 0.57421875 0.0140625 0.01640625
0 0.19453125 0.821875 0.01171875 0.01328125
0 0.3125 0.5796875 0.0171875 0.01953125
0 0.2359375 0.8171875 0.0125 0.0125
0 0.2890625 0.846875 0.0203125 0.01875
0 0.31171875 0.18515625 0.02109375 0.0203125
0 0.159375 0.68671875 0.01484375 0.02265625
0 0.15703125 0.80078125 0.01015625 0.015625
0 0.440625 0.365625 0.02578125 0.02734375
0 0.23203125 0.8703125 0.01953125 0.0203125
0 0.2546875 0.7625 0.01796875 0.01953125
0 0.19140625 0.63125 0.01953125 0.021875
0 0.184375 0.71171875 0.015625 0.01875
1 0.3 0.4859375 0.034375 0.04296875
1 0.35546875 0.475 0.02578125 0.03515625