0 0.7078125 0.084375 0.01640625 0.01640625
1 0.61796875 0.04296875 0.034375 0.03359375
0 0.68125 0.08515625 0.021875 0.0203125
0 0.54375 0.05 0.0265625 0.0234375
0 0.81171875 0.0875 0.01796875 0.01796875
0 0.6765625 0.07578125 0.01953125 0.0171875
1 0.63359375 0.128125 0.0515625 0.04375
0 0.78984375 0.05859375 0.0171875 0.01640625
0 0.93125 0.01953125 0.01484375 0.015625
1 0.33359375 0.0484375 0.03203125 0.03125
0 0.85234375 0.046875 0.025 0.02265625
1 0.2390625 0.021875 0.05234375 0.040625
0 0.69453125 0.03125 0.03125 0.02578125
0 0.45234375 0.0421875 0.03359375 0.03359375
0 0.8859375 0.071875 0.0265625 0.028125
0 0.37421875 0.0375 0.025 0.025
0 0.3234375 0.08515625 0.0359375 0.03046875
0 0.65546875 0.078125 0.01796875 0.01640625
0 0.72734375 0.103125 0.0203125 0.01640625
1 0.059375 0.0828125 0.0328125 0.03203125
0 0.965625 0.13515625 0.01875 0.01640625
0 0.29765625 0.15703125 0.0359375 0.02890625
0 0.75 0.0359375 0.02265625 0.02109375
0 0.9953125 0.03046875 0.009375 0.0234375
0 0.77265625 0.01796875 0.0265625 0.0234375
0 0.65546875 0.10859375 0.02265625 0.02265625
0 0.79921875 0.2765625 0.03828125 0.0359375
0 0.8234375 0.0234375 0.0203125 0.01953125
0 0.9375 0.06328125 0.0234375 0.0203125
0 0.83671875 0.0234375 0.034375 0.0265625
0 0.2046875 0.02109375 0.0234375 0.02265625
0 0.91875 0.10625 0.01875 0.021875
0 0.30546875 0.025 0.0328125 0.02421875
0 0.75859375 0.17421875 0.03515625 0.03203125
0 0.32265625 0.125 0.0515625 0.046875
0 0.525 0.08828125 0.04375 0.0375
0 0.11328125 0.06171875 0.0328125 0.0265625
0 0.940625 0.23359375 0.0296875 0.02578125
0 0.4140625 0.0078125 0.01796875 0.01328125
0 0.60703125 0.0078125 0.01875 0.01484375
0 0.12890625 0.01875 0.0578125 0.03671875
0 0.9015625 0.12578125 0.01796875 0.0171875
0 0.97734375 0.034375 0.0140625 0.0140625
0 0.2015625 0.0359375 0.028125 0.025
0 0.4796875 0.18671875 0.01875 0.015625
0 0.54765625 0.0375 0.03359375 0.02578125
0 0.0375 0.040625 0.03203125 0.03046875
0 0.0171875 0.0703125 0.01796875 0.01953125
1 0.3828125 0.21640625 0.034375 0.028125
0 0.9109375 0.2046875 0.03515625 0.0328125
0 0.78828125 0.09140625 0.028125 0.02421875
0 0.4578125 0.125 0.040625 0.0390625
0 0.39375 0.06015625 0.0390625 0.0328125
0 0.43359375 0.17109375 0.05390625 0.05234375
0 0.25546875 0.13671875 0.02890625 0.028125
0 0.89453125 0.05546875 0.02109375 0.0234375
0 0.8484375 0.0125 0.0453125 0.02421875
0 0.6625 0.22890625 0.02734375 0.0265625
0 0.44453125 0.01640625 0.0203125 0.01796875
0 0.99609375 0.3 0.0078125 0.02109375
0 0.66328125 0.25625 0.0453125 0.03984375
0 0.00546875 0.0078125 0.0109375 0.01015625
0 0.77421875 0.0625 0.01640625 0.01484375
0 0.07890625 0.2 0.03984375 0.0421875
0 0.6203125 0.2453125 0.03125 0.02890625
0 0.478125 0.10234375 0.05390625 0.0515625
1 0.98671875 0.2734375 0.0265625 0.028125
0 0.67265625 0.15625 0.02421875 0.02265625
0 0.909375 0.19296875 0.025 0.0203125
1 0.565625 0.15234375 0.04453125 0.06328125
0 0.196875 0.05546875 0.02109375 0.0171875
0 0.021875 0.1546875 0.02578125 0.025
0 0.1421875 0.16796875 0.05625 0.04921875
1 0.30859375 0.01015625 0.06328125 0.01796875
0 0.97890625 0.20078125 0.0140625 0.01328125
0 0.59609375 0.08203125 0.04765625 0.04296875
1 0.36640625 0.209375 0.01640625 0.0171875