0 0.83984375 0.09296875 0.02265625 0.02109375
0 0.92890625 0.234375 0.01640625 0.0171875
0 0.9234375 0.12265625 0.0125 0.0140625
0 0.91875 0.17265625 0.01796875 0.01953125
0 0.79765625 0.02265625 0.0140625 0.015625
0 0.96953125 0.13359375 0.009375 0.009375
0 0.96328125 0.40390625 0.009375 0.01015625
0 0.98515625 0.50859375 0.02109375 0.0234375
0 0.88046875 0.11484375 0.009375 0.0109375
0 0.76875 0.028125 0.01640625 0.0140625
0 0.996875 0.3203125 0.00625 0.0125
0 0.97734375 0.2625 0.0078125 0.009375