0 0.38828125 0.36640625 0.0234375 0.02265625
0 0.2484375 0.29453125 0.02578125 0.02421875
0 0.396875 0.14140625 0.028125 0.025
0 0.15625 0.27109375 0.025 0.02265625
0 0.74140625 0.35703125 0.021875 0.0234375
0 0.1671875 0.32890625 0.025 0.025
0 0.60859375 0.17734375 0.03828125 0.0359375
0 0.4890625 0.29296875 0.02421875 0.02265625
0 0.81171875 0.2828125 0.03046875 0.0265625
0 0.98515625 0.15859375 0.0234375 0.02265625
0 0.57109375 0.35625 0.01875 0.01875
0 0.57109375 0.10859375 0.028125 0.02421875
0 0.4109375 0.44921875 0.02578125 0.025
0 0.046875 0.290625 0.01640625 0.01796875
0 0.60625 0.096875 0.02578125 0.02109375
0 0.53671875 0.2484375 0.0171875 0.015625
0 0.32265625 0.196875 0.03984375 0.03671875
0 0.525 0.15859375 0.0359375 0.0328125
0 0.21875 0.31875 0.03125 0.02890625
0 0.4265625 0.309375 0.03359375 0.0328125
0 0.28828125 0.40625 0.0296875 0.02890625
0 0.678125 0.28515625 0.01640625 0.015625
0 0.25703125 0.128125 0.03984375 0.0375
0 0.575 0.14609375 0.0234375 0.01953125
0 0.684375 0.26796875 0.01796875 0.01640625
0 0.3984375 0.259375 0.0296875 0.025
0 0.49921875 0.040625 0.02265625 0.015625
0 0.871875 0.353125 0.015625 0.015625
0 0.11796875 0.3359375 0.0234375 0.0234375
0 0.590625 0.2265625 0.01484375 0.01484375
0 0.70078125 0.36328125 0.01796875 0.0171875
0 0.76640625 0.4984375 0.03046875 0.03125
0 0.6375 0.2359375 0.01328125 0.0125
0 0.7109375 0.2328125 0.0140625 0.0140625
0 0.890625 0.3671875 0.015625 0.01640625
0 0.5171875 0.45390625 0.06328125 0.05625
0 0.2828125 0.31328125 0.01796875 0.01640625
0 0.7078125 0.0734375 0.04140625 0.0328125
0 0.19921875 0.36484375 0.0390625 0.04140625
0 0.459375 0.471875 0.034375 0.03125
0 0.7515625 0.4140625 0.02890625 0.03046875
0 0.54609375 0.215625 0.021875 0.01796875
0 0.9359375 0.25625 0.03203125 0.028125
0 0.3375 0.24375 0.0171875 0.01484375
0 0.9234375 0.12265625 0.0265625 0.02265625
0 0.21171875 0.39140625 0.0234375 0.02421875
0 0.30859375 0.27421875 0.03046875 0.02890625
0 0.64296875 0.35234375 0.0171875 0.0171875
0 0.45078125 0.5 0.021875 0.02109375
0 0.57421875 0.234375 0.03203125 0.0265625
0 0.78125 0.22890625 0.02421875 0.02578125
0 0.2828125 0.09140625 0.0390625 0.0328125
0 0.86953125 0.29140625 0.01484375 0.01328125
0 0.74296875 0.4890625 0.01875 0.01640625
0 0.38671875 0.2484375 0.0203125 0.01796875
0 0.09609375 0.15078125 0.03984375 0.0375
0 0.2 0.2140625 0.05 0.0515625
0 0.18125 0.4015625 0.0390625 0.03671875
0 0.784375 0.3453125 0.0171875 0.015625
0 0.2859375 0.43046875 0.02421875 0.0203125
0 0.775 0.30078125 0.015625 0.015625
0 0.63671875 0.44296875 0.0328125 0.0328125
0 0.29765625 0.23984375 0.04375 0.03828125
0 0.16015625 0.36171875 0.04140625 0.040625
0 0.42578125 0.26328125 0.03515625 0.02890625
0 0.68828125 0.39140625 0.02578125 0.02734375
0 0.8421875 0.5078125 0.02421875 0.03515625
0 0.2734375 0.0390625 0.03984375 0.03046875
0 0.41640625 0.18359375 0.01484375 0.01484375
0 0.81640625 0.509375 0.0171875 0.01953125
0 0.0953125 0.46171875 0.0296875 0.03515625
0 0.38359375 0.1921875 0.05546875 0.0515625
0 0.89609375 0.090625 0.03359375 0.02421875
0 0.39609375 0.28515625 0.01796875 0.01953125
0 0.67890625 0.51640625 0.078125 0.0734375
0 0.9578125 0.18203125 0.028125 0.0265625
0 0.878125 0.44296875 0.02734375 0.02890625
0 0.98203125 0.26328125 0.0359375 0.0390625
0 0.79609375 0.471875 0.0125 0.0140625
0 0.0640625 0.10546875 0.01875 0.0171875
0 0.88203125 0.16953125 0.0140625 0.0125
0 0.81953125 0.440625 0.01875 0.02109375
0 0.0421875 0.43984375 0.028125 0.03515625
0 0.88203125 0.13203125 0.01640625 0.01484375
0 0.475 0.23125 0.021875 0.01875
0 0.77421875 0.37890625 0.015625 0.015625
0 0.153125 0.078125 0.05234375 0.04765625
0 0.4390625 0.41015625 0.0203125 0.01796875
0 0.4296875 0.515625 0.0203125 0.01953125
0 0.21796875 0.0984375 0.0171875 0.015625
0 0.6609375 0.115625 0.05390625 0.040625
0 0.76875 0.4671875 0.01796875 0.0203125
0 0.51015625 0.01796875 0.02890625 0.0171875
0 0.9578125 0.19609375 0.046875 0.046875
0 0.03125 0.325 0.02421875 0.02265625
0 0.96015625 0.49921875 0.02734375 0.028125
0 0.85078125 0.53203125 0.01953125 0.01953125
0 0.19453125 0.28828125 0.0234375 0.021875
0 0.50625 0.33125 0.03203125 0.025
0 0.6671875 0.42109375 0.0203125 0.01953125
0 0.9640625 0.28046875 0.02109375 0.01796875
0 0.92734375 0.1375 0.05234375 0.046875
0 0.01953125 0.44375 0.03046875 0.040625
0 0.81171875 0.1203125 0.0203125 0.015625
0 0.60078125 0.50078125 0.06328125 0.05625
0 0.93828125 0.28203125 0.02578125 0.025
0 0.10390625 0.1875 0.0546875 0.05390625
0 0.94375 0.49453125 0.01953125 0.01953125
0 0.6 0.21171875 0.021875 0.01953125