0 0.57578125 0.4125 0.05859375 0.06015625
0 0.6734375 0.33671875 0.0203125 0.01875
0 0.8546875 0.14140625 0.0171875 0.01796875
0 0.884375 0.7328125 0.01796875 0.02109375
0 0.84453125 0.33046875 0.0140625 0.01640625
0 0.75859375 0.66328125 0.0140625 0.01484375
0 0.971875 0.34375 0.0140625 0.0203125
0 0.9109375 0.7734375 0.015625 0.01953125
0 0.584375 0.62421875 0.09453125 0.0953125
0 0.70859375 0.5015625 0.05078125 0.05546875
0 0.778125 0.66640625 0.0171875 0.01953125
0 0.88984375 0.81015625 0.01953125 0.021875
0 0.84453125 0.35703125 0.0234375 0.02578125
0 0.8078125 0.67265625 0.01171875 0.01328125
0 0.7203125 0.17265625 0.01484375 0.0140625
0 0.5375 0.83046875 0.02265625 0.0234375
0 0.89921875 0.87578125 0.01953125 0.02265625
0 0.6359375 0.8265625 0.01796875 0.0171875
0 0.7078125 0.0859375 0.025 0.02421875
0 0.78125 0.86328125 0.0140625 0.01484375
0 0.88828125 0.753125 0.0140625 0.01640625
0 0.81875 0.77265625 0.0171875 0.0203125
0 0.66171875 0.8734375 0.0171875 0.01796875
0 0.7875 0.46875 0.021875 0.0234375
0 0.85390625 0.63671875 0.0140625 0.01484375
0 0.82265625 0.30234375 0.021875 0.02734375
0 0.8234375 0.82734375 0.04375 0.04609375
0 0.8140625 0.19296875 0.025 0.02421875
0 0.75625 0.2125 0.0171875 0.01796875
0 0.753125 0.7875 0.0234375 0.02421875
0 0.75390625 0.1890625 0.03046875 0.0296875
0 0.6515625 0.81484375 0.01328125 0.0140625
0 0.71796875 0.46953125 0.0328125 0.0328125
0 0.74765625 0.884375 0.028125 0.028125
0 0.71015625 0.8109375 0.04140625 0.040625
0 0.575 0.73359375 0.05234375 0.05859375
0 0.6984375 0.25 0.0296875 0.02734375
0 0.6546875 0.75546875 0.034375 0.0359375
0 0.975 0.740625 0.03359375 0.04609375
0 0.8 0.7421875 0.01796875 0.0203125
0 0.78515625 0.8890625 0.02890625 0.0296875
0 0.67265625 0.840625 0.01796875 0.01953125
0 0.715625 0.33984375 0.01484375 0.01640625
0 0.79609375 0.76484375 0.0140625 0.01484375
0 0.7484375 0.59453125 0.03359375 0.03359375
0 0.71796875 0.76484375 0.03203125 0.0328125
0 0.73125 0.22734375 0.03046875 0.028125
0 0.925 0.88359375 0.0140625 0.0171875
0 0.609375 0.89296875 0.03828125 0.03515625
0 0.82734375 0.47421875 0.0421875 0.0484375
0 0.7515625 0.45 0.01875 0.0203125
0 0.6 0.94375 0.03359375 0.0296875
0 0.94453125 0.5609375 0.02578125 0.028125
0 0.96875 0.4453125 0.0125 0.015625
0 0.85859375 0.76953125 0.0234375 0.025
0 0.65078125 0.921875 0.02421875 0.0234375
0 0.5609375 0.85859375 0.0390625 0.0375
0 0.859375 0.8859375 0.0390625 0.0421875
0 0.55390625 0.50234375 0.05 0.05234375
0 0.90234375 0.57890625 0.01328125 0.015625
0 0.69453125 0.65546875 0.0703125 0.0890625
0 0.7171875 0.88125 0.021875 0.02421875
0 0.91796875 0.6234375 0.0171875 0.01953125
0 0.96796875 0.61640625 0.0125 0.01875
0 0.58515625 0.87265625 0.028125 0.02734375
0 0.6734375 0.278125 0.0203125 0.02109375
0 0.675 0.8859375 0.0203125 0.02109375
0 0.78671875 0.44375 0.01875 0.021875
0 0.91328125 0.48046875 0.01796875 0.02265625
0 0.659375 0.21484375 0.02734375 0.02578125
0 0.8328125 0.115625 0.0203125 0.02265625
0 0.59609375 0.528125 0.04375 0.03984375
0 0.76640625 0.7546875 0.02109375 0.02421875
0 0.7703125 0.46640625 0.0234375 0.02421875
0 0.8328125 0.678125 0.02421875 0.025
0 0.62578125 0.71015625 0.02421875 0.025
0 0.96484375 0.478125 0.03984375 0.05
0 0.71484375 0.84296875 0.021875 0.0234375
0 0.76171875 0.8453125 0.015625 0.01640625
0 0.57890625 0.8125 0.025 0.02734375
0 0.68203125 0.86015625 0.01953125 0.021875
0 0.71640625 0.971875 0.01875 0.01875
0 0.96015625 0.84296875 0.0328125 0.0390625
0 0.9625 0.17734375 0.01328125 0.01484375
0 0.62578125 0.95390625 0.025 0.021875
0 0.878125 0.496875 0.0578125 0.06875
0 0.54375 0.89296875 0.028125 0.0296875
0 0.71171875 0.2734375 0.02734375 0.028125
0 0.73359375 0.1375 0.040625 0.03515625
0 0.62421875 0.3484375 0.04140625 0.04453125
0 0.74140625 0.925 0.0203125 0.02421875
0 0.8109375 0.60234375 0.0171875 0.01953125
0 0.759375 0.1140625 0.028125 0.02890625
0 0.69375 0.784375 0.02890625 0.02890625
0 0.5890625 0.91953125 0.02734375 0.02734375
0 0.86796875 0.9203125 0.03828125 0.0421875
0 0.559375 0.5640625 0.06953125 0.071875
0 0.89453125 0.95078125 0.015625 0.0171875
0 0.934375 0.72734375 0.0109375 0.01484375
0 0.7515625 0.53046875 0.03046875 0.0328125
0 0.96953125 0.94609375 0.01640625 0.01796875
0 0.61171875 0.98125 0.028125 0.02109375
0 0.81328125 0.95390625 0.034375 0.03515625
0 0.9859375 0.69140625 0.01171875 0.015625