0 0.08671875 0.27734375 0.015625 0.01796875
1 0.28359375 0.21171875 0.028125 0.02734375
0 0.13359375 0.2015625 0.01796875 0.01875
0 0.378125 0.184375 0.028125 0.02578125
1 0.12265625 0.12421875 0.0203125 0.0203125
0 0.365625 0.065625 0.01640625 0.015625
0 0.12734375 0.3359375 0.01484375 0.01484375
1 0.30625 0.0515625 0.01953125 0.01640625
0 0.1765625 0.07734375 0.01015625 0.009375
0 0.18828125 0.26484375 0.0203125 0.0203125
0 0.21328125 0.2859375 0.0171875 0.0171875
0 0.375 0.14296875 0.0140625 0.0125
0 0.07265625 0.3015625 0.0109375 0.01171875
0 0.04140625 0.2984375 0.009375 0.0109375
0 0.29921875 0.24453125 0.03671875 0.03671875
0 0.08515625 0.509375 0.0140625 0.01484375
0 0.17890625 0.3640625 0.0171875 0.0171875
0 0.0578125 0.4265625 0.015625 0.01875
0 0.02109375 0.5765625 0.0171875 0.01953125
0 0.346875 0.1390625 0.01640625 0.01640625
0 0.0390625 0.45 0.0125 0.01484375
0 0.103125 0.459375 0.028125 0.03125
0 0.4 0.20859375 0.0234375 0.025
1 0.15390625 0.3125 0.01328125 0.0140625
1 0.03203125 0.4796875 0.02109375 0.02421875
1 0.06640625 0.42890625 0.01640625 0.01875
0 0.2828125 0.06328125 0.00859375 0.00859375
0 0.2953125 0.26875 0.02734375 0.0234375
0 0.246875 0.29453125 0.01640625 0.01640625
1 0.075 0.46953125 0.02109375 0.02265625
0 0.31015625 0.17265625 0.02734375 0.02578125
0 0.1734375 0.24140625 0.00703125 0.00703125
1 0.115625 0.42109375 0.02265625 0.025
0 0.35078125 0.1171875 0.01015625 0.0109375
1 0.12890625 0.484375 0.0203125 0.02265625
1 0.14375 0.4890625 0.01484375 0.015625
0 0.0703125 0.10234375 0.00703125 0.00703125
0 0.04921875 0.55546875 0.01640625 0.0171875
0 0.49453125 0.1140625 0.0375 0.0328125
0 0.178125 0.10390625 0.0078125 0.00703125
0 0.14921875 0.2859375 0.00625 0.00703125
0 0.50703125 0.01171875 0.0203125 0.015625
1 0.13828125 0.49765625 0.01328125 0.01640625
1 0.10625 0.378125 0.01953125 0.0203125
0 0.04921875 0.5859375 0.0140625 0.01796875
1 0.140625 0.30859375 0.0203125 0.01875
0 0.0390625 0.5359375 0.01796875 0.0203125
0 0.06484375 0.36875 0.03046875 0.03359375
1 0.2421875 0.20234375 0.01484375 0.0140625
0 0.0375 0.50703125 0.021875 0.0234375
0 0.17265625 0.165625 0.00703125 0.00703125
0 0.1203125 0.28046875 0.00625 0.00703125
0 0.05703125 0.3671875 0.015625 0.01953125
0 0.23828125 0.10546875 0.059375 0.05078125
0 0.29296875 0.11484375 0.05234375 0.0484375
0 0.4390625 0.0265625 0.090625 0.053125
0 0.0984375 0.0390625 0.05 0.04140625
0 0.03203125 0.1171875 0.04140625 0.03515625
1 0.4046875 0.08203125 0.03125 0.04375