0 0.25 0.22734375 0.03671875 0.0328125
0 0.15703125 0.2171875 0.0203125 0.02109375
0 0.31875 0.23359375 0.05703125 0.040625
0 0.3546875 0.18359375 0.0265625 0.02265625
0 0.29921875 0.06328125 0.028125 0.02265625
0 0.3890625 0.13671875 0.0328125 0.028125
0 0.065625 0.42890625 0.025 0.03125
0 0.2953125 0.12734375 0.03125 0.025
0 0.06015625 0.38828125 0.025 0.0265625
0 0.3890625 0.20546875 0.0359375 0.0328125
0 0.23984375 0.075 0.02421875 0.02265625
0 0.1046875 0.41640625 0.03046875 0.03046875
0 0.20546875 0.0640625 0.02265625 0.01875
0 0.12421875 0.30859375 0.02109375 0.02578125
0 0.065625 0.2953125 0.01953125 0.02109375
0 0.0578125 0.2125 0.015625 0.01484375
0 0.1984375 0.1734375 0.0234375 0.021875
0 0.1078125 0.32578125 0.06171875 0.06875
0 0.03203125 0.459375 0.03984375 0.05078125
0 0.19609375 0.24921875 0.0671875 0.06640625
0 0.28046875 0.09296875 0.02265625 0.02109375
0 0.3234375 0.1640625 0.01953125 0.0171875
0 0.04609375 0.26953125 0.0203125 0.02421875
0 0.36484375 0.0515625 0.028125 0.02109375
0 0.09375 0.4703125 0.07734375 0.06953125
0 0.02265625 0.24453125 0.0140625 0.0171875
0 0.66328125 0.06640625 0.0359375 0.03046875
0 0.3984375 0.07421875 0.03125 0.0265625
0 0.35234375 0.2046875 0.02734375 0.0234375
0 0.07890625 0.46796875 0.0390625 0.03984375
0 0.2984375 0.2171875 0.02109375 0.0203125
0 0.13359375 0.1140625 0.059375 0.05859375
0 0.2375 0.1546875 0.04296875 0.0359375
0 0.1109375 0.15703125 0.03359375 0.03046875
0 0.3046875 0.075 0.05 0.03984375
0 0.359375 0.03046875 0.0265625 0.01796875
0 0.02421875 0.32890625 0.03359375 0.04296875
0 0.1375 0.075 0.0203125 0.015625
0 0.390625 0.015625 0.0234375 0.01484375
0 0.065625 0.21171875 0.06875 0.0703125
0 0.21171875 0.04296875 0.02109375 0.01640625
0 0.3328125 0.01640625 0.01875 0.01484375
0 0.028125 0.31875 0.01796875 0.0203125
0 0.4296875 0.08515625 0.0859375 0.075
0 0.13359375 0.1953125 0.03359375 0.03359375
0 0.26796875 0.0171875 0.028125 0.02109375
0 0.04765625 0.16640625 0.01171875 0.01484375
0 0.14453125 0.16796875 0.015625 0.0140625
0 0.3484375 0.01328125 0.01796875 0.01328125
0 0.0671875 0.3734375 0.0203125 0.0265625
0 0.2828125 0.265625 0.02890625 0.02578125