0 0.81484375 0.134375 0.01875 0.01953125
0 0.8625 0.27265625 0.01953125 0.0203125
0 0.7203125 0.22578125 0.02578125 0.025
0 0.73359375 0.09140625 0.0265625 0.02578125
0 0.94375 0.33671875 0.02265625 0.021875
0 0.9015625 0.41171875 0.01796875 0.0171875
0 0.9734375 0.54453125 0.021875 0.021875
0 0.8796875 0.63984375 0.0265625 0.028125
0 0.74921875 0.28046875 0.02265625 0.02109375
0 0.20234375 0.43515625 0.03125 0.03046875
0 0.43125 0.0734375 0.03125 0.0296875
0 0.80625 0.2046875 0.021875 0.021875
0 0.2453125 0.11953125 0.04140625 0.03828125
0 0.78203125 0.075 0.0203125 0.01875
0 0.26796875 0.9125 0.07578125 0.07265625
0 0.45390625 0.17109375 0.03359375 0.03046875
0 0.896875 0.571875 0.025 0.02578125
0 0.8625 0.515625 0.02265625 0.02265625
0 0.84921875 0.31015625 0.04765625 0.05
0 0.9859375 0.4234375 0.0140625 0.01484375
0 0.1203125 0.08203125 0.01953125 0.01796875
0 0.92109375 0.18984375 0.03515625 0.03515625
0 0.196875 0.55625 0.0234375 0.02578125
0 0.09921875 0.56640625 0.03359375 0.03515625
0 0.96171875 0.78671875 0.01640625 0.01640625
0 0.3671875 0.37578125 0.03828125 0.03984375
0 0.17265625 0.125 0.02109375 0.0203125
0 0.81875 0.0546875 0.0171875 0.01640625
0 0.5828125 0.271875 0.01875 0.01953125
0 0.878125 0.09609375 0.021875 0.02109375
0 0.9796875 0.63125 0.0359375 0.03828125
0 0.8875 0.5171875 0.0140625 0.015625
0 0.7828125 0.72421875 0.0296875 0.03046875
0 0.92890625 0.4421875 0.01640625 0.01640625
0 0.97890625 0.25625 0.0203125 0.02265625
0 0.46171875 0.31796875 0.02421875 0.0234375
0 0.9109375 0.2828125 0.01640625 0.015625
0 0.3875 0.284375 0.0203125 0.01953125
0 0.0265625 0.39609375 0.0234375 0.025
0 0.03203125 0.0625 0.0140625 0.0140625
0 0.1515625 0.2984375 0.01953125 0.01953125
0 0.0203125 0.2234375 0.03203125 0.03671875
0 0.93671875 0.26015625 0.04609375 0.0484375
0 0.05859375 0.240625 0.01484375 0.0140625
0 0.50703125 0.296875 0.03203125 0.03359375
0 0.0609375 0.2671875 0.02734375 0.03125
0 0.17421875 0.490625 0.0546875 0.05546875
0 0.678125 0.29140625 0.01953125 0.01875
0 0.659375 0.125 0.02890625 0.02734375
0 0.3984375 0.14609375 0.05625 0.0546875
0 0.58671875 0.3640625 0.01953125 0.0203125
0 0.321875 0.09140625 0.03359375 0.0359375
0 0.07734375 0.58515625 0.02109375 0.02265625
0 0.8640625 0.70078125 0.015625 0.01640625
0 0.5171875 0.48828125 0.0359375 0.03828125
0 0.725 0.05234375 0.01875 0.0171875
0 0.77109375 0.50546875 0.0296875 0.02890625
0 0.0265625 0.678125 0.0203125 0.02578125
0 0.18515625 0.8578125 0.0375 0.03828125
0 0.31953125 0.30703125 0.0484375 0.0546875
0 0.0953125 0.48515625 0.0375 0.0375
0 0.1609375 0.59453125 0.01875 0.025
0 0.06796875 0.0734375 0.01640625 0.01640625
0 0.10859375 0.17265625 0.04921875 0.05234375
0 0.9140625 0.4765625 0.01484375 0.01640625
0 0.22890625 0.29453125 0.0546875 0.053125
0 0.1359375 0.43046875 0.065625 0.06484375
0 0.11015625 0.875 0.0421875 0.0484375
0 0.33671875 0.465625 0.02578125 0.0265625
0 0.2 0.76484375 0.0375 0.04609375
0 0.0640625 0.925 0.0625 0.07265625
0 0.2734375 0.7875 0.0171875 0.01640625
1 0.79140625 0.815625 0.01640625 0.01875
0 0.42265625 0.2234375 0.02109375 0.01953125
0 0.19765625 0.65078125 0.0140625 0.015625
0 0.65546875 0.08984375 0.01484375 0.01484375
0 0.803125 0.678125 0.02890625 0.03203125
0 0.54375 0.53203125 0.0296875 0.0296875
0 0.47890625 0.68125 0.0203125 0.02265625
1 0.4234375 0.95 0.02890625 0.0265625
1 0.4640625 0.8296875 0.01328125 0.0171875
0 0.1421875 0.18046875 0.03515625 0.04375
0 0.63359375 0.03984375 0.0421875 0.0375
0 0.42421875 0.5265625 0.01875 0.021875
0 0.03046875 0.74453125 0.034375 0.0390625
0 0.6390625 0.621875 0.04140625 0.04609375
0 0.2390625 0.7375 0.021875 0.0234375
0 0.69609375 0.7234375 0.01484375 0.01640625
0 0.10703125 0.26484375 0.05390625 0.065625
0 0.1875 0.021875 0.02734375 0.02734375
0 0.53359375 0.36875 0.015625 0.015625
1 0.55078125 0.90546875 0.0140625 0.0171875
0 0.35625 0.0328125 0.0203125 0.01796875
0 0.75 0.021875 0.06328125 0.040625
0 0.4453125 0.46015625 0.03125 0.028125
0 0.26328125 0.12578125 0.06953125 0.06953125
0 0.60859375 0.546875 0.021875 0.021875
0 0.14609375 0.89140625 0.040625 0.03984375
1 0.60234375 0.965625 0.015625 0.01640625
1 0.61640625 0.72734375 0.01171875 0.0140625
0 0.1921875 0.29921875 0.03984375 0.04765625
0 0.22890625 0.21796875 0.06171875 0.0671875
0 0.928125 0.8109375 0.0109375 0.0125
0 0.809375 0.309375 0.0671875 0.071875
0 0.765625 0.2609375 0.0578125 0.0515625
0 0.09453125 0.78828125 0.04296875 0.0515625
0 0.18671875 0.2328125 0.02890625 0.0328125
0 0.053125 0.64921875 0.0734375 0.07734375
0 0.25625 0.3953125 0.0109375 0.01171875
0 0.4515625 0.76328125 0.01796875 0.0171875
0 0.61640625 0.35 0.05625 0.06015625
0 0.1890625 0.05078125 0.03671875 0.03984375
0 0.56953125 0.06953125 0.0734375 0.0734375
0 0.42421875 0.42109375 0.0140625 0.01484375
0 0.98046875 0.153125 0.0390625 0.0625