0 0.42734375 0.4125 0.025 0.02265625
0 0.63359375 0.24140625 0.01796875 0.0171875
0 0.41328125 0.19375 0.0234375 0.02265625
0 0.63203125 0.3359375 0.01953125 0.01953125
0 0.43359375 0.371875 0.02890625 0.0296875
0 0.10078125 0.2171875 0.028125 0.03203125
0 0.6609375 0.18203125 0.02421875 0.02421875
0 0.59296875 0.4109375 0.02265625 0.02109375
0 0.7765625 0.15546875 0.01796875 0.0171875
0 0.946875 0.1375 0.02578125 0.02578125
0 0.3109375 0.3734375 0.01953125 0.0203125
0 0.45078125 0.278125 0.040625 0.04453125
0 0.13125 0.05703125 0.01796875 0.01640625
0 0.76796875 0.09453125 0.0234375 0.02109375
0 0.53046875 0.16484375 0.0171875 0.0171875
0 0.7328125 0.2609375 0.0421875 0.03359375
0 0.94375 0.1265625 0.01875 0.0140625
0 0.60625 0.26015625 0.01484375 0.0140625
0 0.5625 0.48359375 0.0421875 0.0421875
0 0.7453125 0.21484375 0.01796875 0.01640625
0 0.7453125 0.12109375 0.02265625 0.01953125
0 0.78046875 0.4125 0.01640625 0.01640625
0 0.27578125 0.3109375 0.01640625 0.015625
0 0.05 0.08671875 0.01328125 0.0140625
0 0.3984375 0.4265625 0.02578125 0.028125
0 0.21171875 0.33125 0.0125 0.0140625
0 0.17578125 0.11328125 0.07265625 0.071875
0 0.30859375 0.090625 0.0125 0.01015625
0 0.56328125 0.28984375 0.0140625 0.01328125
0 0.9140625 0.23046875 0.0171875 0.01875
0 0.93984375 0.2515625 0.0234375 0.01875
0 0.028125 0.44140625 0.0140625 0.0140625
0 0.61015625 0.42265625 0.02109375 0.02109375
0 0.334375 0.0578125 0.01796875 0.0109375
0 0.753125 0.1265625 0.05625 0.03828125
0 0.02578125 0.15 0.0125 0.0140625
0 0.1546875 0.12890625 0.01484375 0.015625
0 0.24921875 0.34765625 0.02578125 0.02265625
0 0.71953125 0.2609375 0.01171875 0.01171875
0 0.43515625 0.1359375 0.01484375 0.01171875
0 0.51640625 0.2890625 0.04765625 0.04140625
0 0.55859375 0.39609375 0.01640625 0.015625
0 0.5609375 0.0859375 0.0109375 0.01015625
1 0.503125 0.41796875 0.0453125 0.03828125
1 0.3265625 0.4359375 0.059375 0.034375
1 0.1328125 0.19375 0.04140625 0.03515625
1 0.2484375 0.12265625 0.0484375 0.07265625
1 0.96328125 0.17109375 0.034375 0.03828125
1 0.3796875 0.34921875 0.046875 0.0484375
1 0.228125 0.3765625 0.05234375 0.05078125
1 0.88671875 0.46328125 0.065625 0.05703125
1 0.67578125 0.48984375 0.05078125 0.05703125
1 0.8421875 0.4234375 0.0484375 0.0453125
1 0.11640625 0.43828125 0.05390625 0.05234375
1 0.1796875 0.44140625 0.046875 0.046875