0 0.953125 0.75625 0.01640625 0.02109375
0 0.93203125 0.8453125 0.0140625 0.01640625
0 0.76171875 0.92734375 0.0171875 0.01484375
0 0.8265625 0.8109375 0.02734375 0.02734375
0 0.9625 0.71171875 0.01796875 0.021875
0 0.9171875 0.76875 0.01953125 0.02265625
0 0.909375 0.79453125 0.02734375 0.028125
0 0.93125 0.728125 0.0234375 0.03046875
0 0.82109375 0.90078125 0.025 0.02265625
0 0.7578125 0.88046875 0.021875 0.01953125
0 0.71015625 0.9234375 0.01484375 0.0140625
0 0.665625 0.9453125 0.02578125 0.0203125
0 0.59453125 0.95625 0.0296875 0.02109375
1 0.79921875 0.85546875 0.03515625 0.02109375
1 0.79375 0.86875 0.053125 0.04296875
1 0.88203125 0.8078125 0.0375 0.0359375
1 0.89296875 0.7296875 0.02578125 0.03125
1 0.96796875 0.79609375 0.03203125 0.040625
1 0.9359375 0.65 0.0421875 0.05234375
1 0.784375 0.89375 0.02734375 0.02578125
1 0.69609375 0.86640625 0.0265625 0.028125
1 0.86796875 0.896875 0.0328125 0.02890625
1 0.98125 0.60546875 0.0359375 0.06015625
1 0.6671875 0.89453125 0.0296875 0.02265625
1 0.6375 0.96484375 0.05 0.046875
1 0.67109375 0.88125 0.0265625 0.0265625
1 0.90859375 0.70078125 0.02109375 0.02265625
1 0.59296875 0.96953125 0.040625 0.02734375
1 0.978125 0.7359375 0.02265625 0.03125
1 0.7734375 0.809375 0.02890625 0.028125