0 0.5546875 0.04609375 0.1125 0.06953125
0 0.06796875 0.38515625 0.05703125 0.07109375
0 0.30234375 0.109375 0.07421875 0.0484375
0 0.2078125 0.18515625 0.046875 0.04375
0 0.14140625 0.23359375 0.02421875 0.04375
0 0.42578125 0.06796875 0.034375 0.03671875
0 0.465625 0.075 0.04296875 0.05390625
0 0.40234375 0.05703125 0.04296875 0.04296875
0 0.02265625 0.46328125 0.0453125 0.0484375
0 0.303125 0.1328125 0.0828125 0.0828125
0 0.17265625 0.2375 0.02578125 0.0265625
0 0.265625 0.18515625 0.03203125 0.02890625
0 0.4296875 0.09609375 0.0296875 0.02421875
0 0.2671875 0.15078125 0.0484375 0.0421875
0 0.1625 0.146875 0.021875 0.02109375
0 0.14296875 0.2796875 0.025 0.0234375