0 0.28984375 0.31171875 0.02890625 0.02890625
0 0.278125 0.609375 0.0296875 0.02890625
0 0.1859375 0.46640625 0.0265625 0.02890625
0 0.23046875 0.47890625 0.021875 0.02421875
0 0.10390625 0.5609375 0.01796875 0.02421875
0 0.42578125 0.1359375 0.02265625 0.0234375
0 0.3921875 0.4140625 0.02734375 0.0296875
0 0.2015625 0.6578125 0.01796875 0.0234375
0 0.3875 0.48984375 0.03125 0.03203125
0 0.24453125 0.27265625 0.0328125 0.034375
0 0.49375 0.1359375 0.0296875 0.025
0 0.25 0.36171875 0.046875 0.046875
0 0.10078125 0.628125 0.02109375 0.02578125
0 0.1484375 0.575 0.03359375 0.0375
0 0.171875 0.32890625 0.015625 0.01875
0 0.1453125 0.5140625 0.01640625 0.02265625
0 0.33203125 0.58359375 0.025 0.02578125
0 0.4640625 0.32265625 0.021875 0.0234375
0 0.14609375 0.671875 0.0125 0.01640625
0 0.43203125 0.48125 0.034375 0.0390625
0 0.34296875 0.30703125 0.02734375 0.02890625
0 0.21484375 0.2640625 0.02734375 0.03046875
0 0.2859375 0.5421875 0.0234375 0.02578125
0 0.1890625 0.62421875 0.015625 0.0203125
0 0.32890625 0.54765625 0.0171875 0.01796875
0 0.1625 0.68203125 0.0140625 0.01796875
0 0.27421875 0.68671875 0.0203125 0.02265625
0 0.48125 0.21640625 0.04140625 0.05625
0 0.396875 0.1078125 0.03828125 0.0328125
1 0.41640625 0.3703125 0.0265625 0.028125
0 0.18984375 0.42265625 0.03515625 0.034375
0 0.3515625 0.2140625 0.0171875 0.01875
1 0.3484375 0.44375 0.01875 0.02578125
0 0.17265625 0.78671875 0.0125 0.01796875
0 0.17578125 0.7390625 0.015625 0.01953125
0 0.18203125 0.50078125 0.02109375 0.02421875
0 0.1078125 0.70234375 0.02265625 0.03046875
0 0.203125 0.79609375 0.02734375 0.02734375
0 0.428125 0.56015625 0.03359375 0.0328125
0 0.4890625 0.26015625 0.0296875 0.03046875
1 0.453125 0.4921875 0.02421875 0.0265625
1 0.49375 0.2828125 0.02421875 0.02421875
0 0.3484375 0.09296875 0.0234375 0.01875
1 0.5625 0.1625 0.0359375 0.03203125
0 0.2015625 0.49609375 0.015625 0.02109375
1 0.36484375 0.7109375 0.02734375 0.02734375
0 0.26796875 0.146875 0.02265625 0.0203125
1 0.184375 0.815625 0.0265625 0.03046875
0 0.25234375 0.7359375 0.01328125 0.015625
0 0.090625 0.46796875 0.01328125 0.0203125
0 0.2484375 0.53359375 0.01328125 0.015625
0 0.55 0.05078125 0.0421875 0.02578125
0 0.3609375 0.6671875 0.04453125 0.0484375
1 0.215625 0.7703125 0.01796875 0.02265625
0 0.328125 0.45234375 0.02109375 0.0234375
0 0.29375 0.77421875 0.02578125 0.03046875
0 0.325 0.32265625 0.01875 0.02265625
0 0.1734375 0.6125 0.015625 0.01875
1 0.33125 0.7546875 0.0265625 0.02890625
1 0.46171875 0.37734375 0.028125 0.0296875
1 0.31328125 0.8265625 0.0203125 0.021875
0 0.4140625 0.28984375 0.04140625 0.0390625
0 0.23671875 0.740625 0.01796875 0.0203125
0 0.24140625 0.3078125 0.0203125 0.0203125
0 0.22421875 0.77734375 0.0171875 0.021875
0 0.32109375 0.68671875 0.02890625 0.0328125
0 0.259375 0.559375 0.01953125 0.02265625
1 0.2375 0.81875 0.015625 0.01796875
0 0.21640625 0.42109375 0.025 0.03046875
0 0.36875 0.26328125 0.0234375 0.02421875
0 0.4203125 0.20390625 0.01796875 0.01875
0 0.21015625 0.56328125 0.0171875 0.01953125
0 0.328125 0.4890625 0.0375 0.03984375
1 0.434375 0.41484375 0.025 0.0265625
0 0.259375 0.77421875 0.0171875 0.0203125
0 0.3734375 0.34375 0.04296875 0.04375
0 0.1015625 0.6671875 0.01015625 0.0171875
0 0.11484375 0.3796875 0.0453125 0.0515625
0 0.30625 0.465625 0.0265625 0.0296875
0 0.159375 0.73046875 0.01015625 0.0140625
1 0.38046875 0.409375 0.01875 0.025
1 0.39296875 0.31875 0.02109375 0.021875
0 0.4859375 0.4109375 0.02109375 0.0234375
0 0.25703125 0.64765625 0.015625 0.01796875
0 0.58671875 0.071875 0.02578125 0.0296875
0 0.56171875 0.1 0.03125 0.021875
0 0.528125 0.08203125 0.021875 0.01796875
0 0.4953125 0.18671875 0.02109375 0.01875
0 0.48046875 0.13125 0.028125 0.025
0 0.37734375 0.1671875 0.01484375 0.015625
0 0.51484375 0.15078125 0.02265625 0.0203125
0 0.47265625 0.15234375 0.01796875 0.01640625
0 0.49296875 0.06328125 0.03125 0.0234375
0 0.29609375 0.8640625 0.02734375 0.025
0 0.6296875 0.0734375 0.028125 0.0203125
0 0.24609375 0.8703125 0.015625 0.01796875
0 0.2796875 0.896875 0.0203125 0.01796875
0 0.3078125 0.1015625 0.0421875 0.02890625
0 0.27734375 0.83984375 0.0140625 0.01484375
0 0.29375 0.490625 0.01796875 0.021875
0 0.3875 0.046875 0.015625 0.01015625