0 0.52421875 0.7171875 0.0359375 0.03046875
0 0.3578125 0.5765625 0.02578125 0.021875
0 0.9234375 0.590625 0.0296875 0.03203125
0 0.73359375 0.6671875 0.03515625 0.0328125
0 0.12421875 0.71953125 0.0203125 0.01953125
0 0.925 0.72421875 0.01796875 0.01796875
0 0.3046875 0.6765625 0.03828125 0.034375
0 0.08203125 0.6921875 0.02109375 0.0203125
0 0.0625 0.0796875 0.02578125 0.02578125
0 0.4390625 0.4296875 0.0484375 0.04765625
0 0.028125 0.6515625 0.03046875 0.02734375
0 0.0875 0.1640625 0.025 0.025
0 0.24921875 0.69609375 0.0203125 0.01953125
0 0.67265625 0.6671875 0.03359375 0.03125
0 0.60234375 0.81328125 0.03359375 0.0296875
0 0.6125 0.6515625 0.01875 0.01953125
0 0.14609375 0.12890625 0.025 0.025
0 0.75625 0.76484375 0.02578125 0.025
0 0.94296875 0.25078125 0.0296875 0.03125
0 0.02578125 0.05546875 0.03046875 0.03125
0 0.96953125 0.39609375 0.0171875 0.0171875
0 0.09921875 0.36796875 0.05078125 0.05234375
0 0.59375 0.30546875 0.046875 0.0453125
0 0.73125 0.259375 0.02421875 0.02265625
0 0.12265625 0.85625 0.03203125 0.03046875
0 0.30625 0.18046875 0.01796875 0.01796875
0 0.259375 0.4078125 0.0625 0.0609375
0 0.7453125 0.2765625 0.021875 0.0203125
0 0.11328125 0.934375 0.02890625 0.02421875
0 0.23359375 0.09765625 0.028125 0.025
0 0.7359375 0.7515625 0.0375 0.02890625
0 0.33203125 0.225 0.0171875 0.0171875
0 0.934375 0.47421875 0.015625 0.015625
0 0.55859375 0.5078125 0.02890625 0.0265625
0 0.64296875 0.8765625 0.02265625 0.02109375
0 0.02109375 0.81953125 0.021875 0.0203125
0 0.7609375 0.50859375 0.04609375 0.04375
0 0.93515625 0.1859375 0.05390625 0.0609375
0 0.871875 0.428125 0.053125 0.05546875
0 0.75859375 0.3265625 0.01640625 0.015625
0 0.6359375 0.228125 0.04375 0.040625
0 0.1046875 0.8234375 0.02109375 0.01875
0 0.84609375 0.81328125 0.021875 0.0203125
0 0.078125 0.6421875 0.0265625 0.02421875
0 0.6921875 0.3015625 0.04921875 0.04921875
0 0.48359375 0.5921875 0.06640625 0.05234375
0 0.22421875 0.60625 0.03984375 0.03515625
0 0.87421875 0.1703125 0.06328125 0.07265625
0 0.859375 0.7578125 0.0140625 0.01484375
0 0.08359375 0.1140625 0.02734375 0.0265625
0 0.80546875 0.9578125 0.06875 0.06015625
0 0.83671875 0.646875 0.0265625 0.02578125
0 0.13828125 0.01015625 0.025 0.01875
0 0.06015625 0.025 0.02578125 0.025
0 0.38828125 0.9734375 0.0671875 0.053125
0 0.8140625 0.60546875 0.028125 0.02734375
0 0.271875 0.9234375 0.02109375 0.0171875
0 0.79609375 0.24921875 0.0515625 0.05859375
1 0.84140625 0.28046875 0.02265625 0.0234375