0 0.628125 0.50703125 0.05703125 0.0625
0 0.6265625 0.528125 0.04375 0.08359375
0 0.621875 0.10390625 0.04453125 0.04453125
0 0.73671875 0.32421875 0.065625 0.1171875
0 0.63203125 0.73046875 0.0484375 0.0453125
0 0.6703125 0.784375 0.0234375 0.02421875
0 0.66328125 0.83359375 0.03046875 0.0328125
0 0.54375 0.7453125 0.03984375 0.0390625
0 0.60078125 0.45390625 0.02890625 0.028125
0 0.584375 0.56875 0.0171875 0.0171875
0 0.6140625 0.61015625 0.02890625 0.02890625
0 0.7234375 0.8921875 0.04609375 0.04375
0 0.8515625 0.24921875 0.01484375 0.01484375
0 0.73828125 0.28671875 0.02890625 0.0296875
0 0.83671875 0.55546875 0.0140625 0.0140625
0 0.92890625 0.49453125 0.03984375 0.0484375
0 0.74375 0.678125 0.05078125 0.05546875
0 0.90546875 0.453125 0.01875 0.0234375
0 0.78046875 0.540625 0.01171875 0.0125
0 0.896875 0.55546875 0.03203125 0.0390625
0 0.94453125 0.2921875 0.0125 0.0171875
0 0.57890625 0.90859375 0.03125 0.03203125
0 0.65703125 0.02734375 0.10078125 0.05
0 0.74453125 0.7484375 0.0484375 0.0484375
1 0.71484375 0.5546875 0.03828125 0.04375
0 0.81484375 0.73046875 0.02734375 0.028125
0 0.840625 0.78515625 0.0484375 0.04296875
0 0.96171875 0.671875 0.0453125 0.04296875
0 0.9109375 0.61796875 0.0953125 0.07421875
0 0.75 0.153125 0.0453125 0.05390625
1 0.64765625 0.26640625 0.0453125 0.03515625
0 0.66484375 0.696875 0.03984375 0.0296875