0 0.35703125 0.73828125 0.03828125 0.04296875
0 0.49921875 0.7625 0.03359375 0.03125
0 0.22734375 0.834375 0.0265625 0.02578125
0 0.271875 0.6578125 0.02578125 0.02734375
0 0.6765625 0.5828125 0.02265625 0.02109375
0 0.60625 0.52578125 0.02578125 0.02109375
0 0.7203125 0.59609375 0.02109375 0.0203125
0 0.39296875 0.68125 0.05234375 0.05078125
0 0.67421875 0.69609375 0.021875 0.0203125
0 0.46171875 0.5921875 0.0328125 0.03125
0 0.80703125 0.759375 0.0328125 0.034375
0 0.7828125 0.57265625 0.0765625 0.08046875
0 0.59921875 0.72578125 0.0796875 0.071875
1 0.7421875 0.409375 0.0296875 0.02265625
1 0.72421875 0.4609375 0.028125 0.03515625
0 0.52421875 0.6875 0.02265625 0.02265625
0 0.39765625 0.73984375 0.03125 0.03125
0 0.2140625 0.74453125 0.02421875 0.02265625
0 0.88984375 0.434375 0.05234375 0.0484375
0 0.93046875 0.3203125 0.028125 0.0328125
0 0.67265625 0.4921875 0.0328125 0.03515625
0 0.53515625 0.53515625 0.02578125 0.028125
0 0.58515625 0.5109375 0.028125 0.0296875
0 0.55625 0.51484375 0.0125 0.02109375
0 0.696875 0.85234375 0.04140625 0.05703125
0 0.60234375 0.8578125 0.03984375 0.04296875
0 0.69921875 0.796875 0.02578125 0.02578125
0 0.5453125 0.79609375 0.0453125 0.03515625
0 0.440625 0.86484375 0.028125 0.02265625
0 0.34375 0.7765625 0.0453125 0.02734375
0 0.3015625 0.79375 0.02421875 0.04296875
0 0.9484375 0.49609375 0.02734375 0.02421875
0 0.82421875 0.62890625 0.0296875 0.0296875
0 0.4921875 0.9640625 0.04140625 0.05
0 0.3296875 0.62890625 0.028125 0.04140625
0 0.2984375 0.69453125 0.034375 0.0484375
1 0.6734375 0.42890625 0.034375 0.03984375
0 0.9234375 0.53515625 0.03984375 0.0609375
0 0.4765625 0.67265625 0.02421875 0.03515625
0 0.44140625 0.68828125 0.02265625 0.05234375
0 0.63359375 0.6234375 0.03125 0.028125