0 0.0953125 0.696875 0.190625 0.3078125
0 0.00234375 0.00078125 0.0015625 0.0015625
0 0.9171875 0.13359375 0.03125 0.03125
0 0.6703125 0.2390625 0.0984375 0.09375
0 0.44453125 0.2859375 0.034375 0.03125
0 0.453125 0.32109375 0.0765625 0.071875
0 0.53828125 0.2984375 0.0265625 0.0234375
0 0.665625 0.3640625 0.028125 0.0296875
0 0.5984375 0.3546875 0.03125 0.0296875
0 0.6140625 0.3703125 0.03125 0.03125
0 0.553125 0.43046875 0.071875 0.0703125
0 0.21875 0.021875 0.0296875 0.0265625
0 0.1578125 0.01328125 0.040625 0.0265625
0 0.24375 0.178125 0.0484375 0.0484375
0 0.240625 0.0796875 0.1078125 0.10625
0 0.24296875 0.2328125 0.0390625 0.0390625
0 0.01171875 0.503125 0.0234375 0.03125
0 0.021875 0.89921875 0.04375 0.0671875
0 0.209375 0.82109375 0.0515625 0.0515625
0 0.203125 0.85546875 0.0453125 0.0453125
0 0.22109375 0.8640625 0.096875 0.0921875
0 0.02890625 0.82109375 0.0578125 0.0609375
0 0.0453125 0.32421875 0.03125 0.03125
0 0.14765625 0.53515625 0.0328125 0.03125
0 0.20078125 0.5375 0.04375 0.04375
0 0.27734375 0.5328125 0.065625 0.0625
0 0.22578125 0.6140625 0.16875 0.1640625
0 0.31953125 0.60703125 0.0578125 0.05625
0 0.26953125 0.4359375 0.1078125 0.10625
0 0.24765625 0.36875 0.03125 0.03125
0 0.35546875 0.2921875 0.034375 0.03125
0 0.32421875 0.303125 0.034375 0.0328125
0 0.33515625 0.3796875 0.125 0.1203125
0 0.55546875 0.68125 0.0546875 0.053125
0 0.67421875 0.734375 0.0359375 0.0359375
0 0.696875 0.67890625 0.103125 0.0984375
0 0.75234375 0.4546875 0.059375 0.0578125
0 0.86328125 0.2484375 0.0484375 0.0453125
0 0.79453125 0.328125 0.18125 0.1734375
0 0.79296875 0.2328125 0.0515625 0.0515625
0 0.70703125 0.36171875 0.034375 0.03125
0 0.55859375 0.78515625 0.0515625 0.0484375
0 0.4515625 0.5296875 0.034375 0.034375
0 0.45078125 0.40234375 0.0796875 0.0765625
0 0.6078125 0.42578125 0.034375 0.034375
0 0.72265625 0.95703125 0.0703125 0.0671875
0 0.00234375 0.0015625 0.003125 0.003125
0 0.10234375 0.43046875 0.0296875 0.0265625
0 0.38359375 0.93046875 0.0359375 0.0359375