0 0.60234375 0.9890625 0.0234375 0.021875
0 0.96015625 0.73671875 0.0359375 0.0359375
0 0.8328125 0.61640625 0.0390625 0.0390625
0 0.821875 0.578125 0.0515625 0.0515625
0 0.80390625 0.61875 0.0265625 0.0265625
0 0.5953125 0.8859375 0.0265625 0.0265625
0 0.41328125 0.96171875 0.0296875 0.0296875
0 0.35 0.91328125 0.0359375 0.0359375
0 0.3765625 0.80390625 0.0296875 0.028125
0 0.40625 0.75 0.0515625 0.0515625
0 0.5375 0.67578125 0.0359375 0.0359375
0 0.90390625 0.1515625 0.040625 0.040625
0 0.84609375 0.1109375 0.084375 0.084375
0 0.9421875 0.09375 0.025 0.025
0 0.8609375 0.2046875 0.025 0.025
0 0.64296875 0.12265625 0.028125 0.0296875
0 0.80390625 0.2234375 0.0484375 0.0484375
0 0.75390625 0.140625 0.025 0.025
0 0.45703125 0.146875 0.0265625 0.0265625
0 0.365625 0.3125 0.0296875 0.0296875
0 0.75 0.34765625 0.0265625 0.0265625
0 0.83671875 0.4046875 0.025 0.025
0 0.59765625 0.18984375 0.034375 0.0328125
0 0.6609375 0.09140625 0.028125 0.0296875
0 0.8921875 0.390625 0.0265625 0.0265625
0 0.12265625 0.27734375 0.0328125 0.034375
0 0.021875 0.3078125 0.0296875 0.0296875
0 0.21640625 0.4671875 0.053125 0.053125
0 0.9828125 0.23203125 0.0296875 0.0296875
0 0.71171875 0.27421875 0.0359375 0.0359375
0 0.50625 0.8078125 0.0265625 0.0265625
0 0.49609375 0.54296875 0.0296875 0.0296875