0 0.59765625 0.0265625 0.0265625 0.0265625
0 0.84140625 0.12734375 0.0265625 0.025
0 0.34765625 0.03515625 0.03125 0.03125
0 0.36328125 0.015625 0.0390625 0.03125
0 0.11171875 0.76328125 0.0265625 0.025
0 0.06484375 0.275 0.1296875 0.125
0 0.34609375 0.66796875 0.071875 0.0703125
0 0.33984375 0.7359375 0.065625 0.0625
0 0.68984375 0.90234375 0.0359375 0.034375
0 0.69375 0.85 0.034375 0.03125
0 0.8421875 0.6859375 0.03125 0.028125
0 0.98984375 0.63515625 0.0203125 0.0265625
0 0.6515625 0.63671875 0.03125 0.0296875
0 0.6046875 0.63125 0.028125 0.0265625
0 0.6671875 0.540625 0.040625 0.0390625
0 0.578125 0.52421875 0.0265625 0.0234375
0 0.24765625 0.32109375 0.0453125 0.0453125
0 0.1453125 0.35234375 0.03125 0.0296875
0 0.196875 0.2828125 0.0390625 0.0390625
0 0.259375 0.22265625 0.115625 0.1109375
0 0.39453125 0.484375 0.0390625 0.0359375
0 0.6046875 0.46875 0.0453125 0.04375
0 0.6078125 0.19921875 0.0359375 0.0359375
0 0.13671875 0.90234375 0.0296875 0.0265625
0 0.11640625 0.9625 0.0265625 0.025
0 0.334375 0.36328125 0.0390625 0.0359375
0 0.28828125 0.34609375 0.0578125 0.0546875
0 0.47109375 0.2078125 0.053125 0.0515625
0 0.4015625 0.84140625 0.03125 0.0296875
0 0.9640625 0.35078125 0.04375 0.040625
0 0.7140625 0.36328125 0.0265625 0.0265625
0 0.39453125 0.91015625 0.0359375 0.034375
0 0.1671875 0.92578125 0.0265625 0.0265625