0 0.0015625 0.00234375 0.003125 0.003125
0 0.6421875 0.81015625 0.065625 0.0515625
0 0.20078125 0.98515625 0.0390625 0.0296875
0 0.12734375 0.85 0.0390625 0.0296875
0 0.0109375 0.0890625 0.021875 0.0296875
0 0.1671875 0.0921875 0.0359375 0.0265625
0 0.43046875 0.35546875 0.034375 0.0265625
0 0.32578125 0.209375 0.0328125 0.0265625
0 0.08984375 0.3953125 0.0359375 0.0265625
0 0.1109375 0.553125 0.1078125 0.084375
0 0.1359375 0.7046875 0.034375 0.0265625
0 0.19375 0.60703125 0.1703125 0.1328125
0 0.3953125 0.725 0.04375 0.034375
0 0.60234375 0.00859375 0.0390625 0.0171875
0 0.51953125 0.00703125 0.034375 0.0140625
0 0.51796875 0.1515625 0.0359375 0.0296875
0 0.48828125 0.65390625 0.04375 0.034375
0 0.75390625 0.4734375 0.034375 0.0265625
0 0.53515625 0.5609375 0.0609375 0.0453125
0 0.72109375 0.51328125 0.034375 0.0265625
0 0.9015625 0.634375 0.0515625 0.0390625
0 0.04453125 0.76328125 0.0390625 0.028125
0 0.0296875 0.5734375 0.059375 0.090625
0 0.671875 0.55078125 0.1140625 0.0890625