0 0.3125 0.265625 0.55625 0.53125
0 0.93984375 0.578125 0.04375 0.04375
0 0.8328125 0.6140625 0.0390625 0.0390625
0 0.70703125 0.6109375 0.0296875 0.028125
0 0.61171875 0.61328125 0.0796875 0.0765625
0 0.4984375 0.4890625 0.04375 0.04375
0 0.68359375 0.75703125 0.0296875 0.028125
0 0.428125 0.959375 0.0296875 0.0296875
0 0.3265625 0.9265625 0.0484375 0.0484375
0 0.6109375 0.9640625 0.0359375 0.034375
0 0.60546875 0.984375 0.03125 0.0296875
0 0.05859375 0.853125 0.0484375 0.0484375
0 0.02265625 0.59609375 0.0453125 0.0453125
0 0.0140625 0.79453125 0.025 0.025
0 0.01328125 0.5328125 0.0265625 0.040625
0 0.9703125 0.5453125 0.04375 0.04375
0 0.98203125 0.50234375 0.0359375 0.0359375
0 0.853125 0.6984375 0.0265625 0.0265625
0 0.84609375 0.78828125 0.0265625 0.0265625
0 0.7828125 0.68359375 0.028125 0.0296875
0 0.82578125 0.49609375 0.034375 0.034375
0 0.79921875 0.89921875 0.0484375 0.0484375
0 0.8578125 0.83203125 0.0265625 0.0265625