0 0.959375 0.178125 0.034375 0.0328125
0 0.8171875 0.18515625 0.034375 0.034375
0 0.86796875 0.34140625 0.0296875 0.0296875
0 0.69453125 0.196875 0.0234375 0.025
0 0.74375 0.13203125 0.03125 0.03125
0 0.71171875 0.0828125 0.0359375 0.0359375
0 0.6578125 0.165625 0.0390625 0.0390625
0 0.6203125 0.14921875 0.0453125 0.04375
0 0.58984375 0.109375 0.03125 0.03125
0 0.5375 0.0765625 0.0265625 0.0265625
0 0.57578125 0.0453125 0.0265625 0.0265625
0 0.57578125 0.45546875 0.0390625 0.0390625
0 0.5015625 0.47578125 0.034375 0.034375
0 0.38828125 0.478125 0.03125 0.03125
0 0.68125 0.509375 0.028125 0.0296875
0 0.6578125 0.525 0.03125 0.03125
0 0.9703125 0.60078125 0.0359375 0.0359375
0 0.8734375 0.55546875 0.040625 0.040625
0 0.865625 0.58984375 0.034375 0.034375
0 0.6859375 0.55390625 0.0359375 0.0359375
0 0.178125 0.2828125 0.05625 0.0546875
0 0.5609375 0.22578125 0.03125 0.03125
0 0.053125 0.18125 0.04375 0.04375
0 0.053125 0.53828125 0.0296875 0.028125
0 0.10078125 0.91015625 0.0296875 0.0296875
0 0.2125 0.6875 0.025 0.025
0 0.2140625 0.740625 0.0390625 0.0390625
0 0.14765625 0.6921875 0.0453125 0.0453125
0 0.17421875 0.5796875 0.165625 0.165625
0 0.2125 0.41015625 0.034375 0.034375
0 0.5625 0.70078125 0.03125 0.03125
0 0.571875 0.821875 0.034375 0.034375
0 0.9328125 0.7125 0.11875 0.11875
0 0.88671875 0.5921875 0.0265625 0.0265625
0 0.971875 0.93359375 0.05625 0.0578125
0 0.78359375 0.94609375 0.0453125 0.0453125
0 0.540625 0.95703125 0.028125 0.0296875
0 0.7140625 0.71875 0.240625 0.240625
0 0.83984375 0.540625 0.0359375 0.0359375
0 0.71875 0.55390625 0.0390625 0.0390625
0 0.46171875 0.7859375 0.0265625 0.0265625
0 0.39296875 0.86640625 0.025 0.025
0 0.81875 0.87265625 0.0453125 0.0453125
0 0.76796875 0.91796875 0.034375 0.034375
0 0.3015625 0.1390625 0.040625 0.040625
0 0.44453125 0.7125 0.034375 0.034375