0 0.96171875 0.078125 0.0703125 0.0625
0 0.9359375 0.0296875 0.0453125 0.04375
0 0.85 0.19375 0.0296875 0.0265625
0 0.7953125 0.4046875 0.0671875 0.0625
0 0.75 0.43359375 0.0296875 0.0265625
0 0.7125 0.4015625 0.0515625 0.0453125
0 0.74140625 0.29296875 0.034375 0.03125
0 0.88359375 0.2328125 0.2046875 0.1875
0 0.13671875 0.084375 0.1390625 0.1296875
0 0.103125 0.203125 0.0609375 0.05625
0 0.265625 0.15234375 0.0296875 0.0265625
0 0.1109375 0.81953125 0.03125 0.0296875
0 0.24375 0.76796875 0.0265625 0.025
0 0.259375 0.8015625 0.125 0.115625
0 0.28828125 0.71640625 0.1234375 0.1140625
0 0.3125 0.7453125 0.0453125 0.040625
0 0.3421875 0.7921875 0.0296875 0.0265625
0 0.4109375 0.69921875 0.034375 0.0296875
0 0.1609375 0.63125 0.0328125 0.03125
0 0.13359375 0.65234375 0.0296875 0.0265625
0 0.17578125 0.5875 0.0265625 0.025
0 0.11171875 0.415625 0.04375 0.040625
0 0.16796875 0.47421875 0.3359375 0.4203125
0 0.21640625 0.6703125 0.11875 0.1078125
0 0.3390625 0.48203125 0.03125 0.0296875
0 0.3328125 0.4375 0.0359375 0.034375
0 0.27421875 0.35703125 0.0875 0.0796875
0 0.4640625 0.58515625 0.0359375 0.034375
0 0.5 0.60546875 0.0484375 0.04375
0 0.49765625 0.76328125 0.0265625 0.025
0 0.59375 0.79296875 0.0265625 0.025
0 0.6203125 0.665625 0.0359375 0.034375
0 0.5890625 0.5171875 0.0484375 0.0453125
0 0.53515625 0.28359375 0.0359375 0.0328125
0 0.6140625 0.1 0.1140625 0.10625
0 0.34375 0.22734375 0.0265625 0.0265625
0 0.35078125 0.134375 0.0453125 0.04375
0 0.37109375 0.37109375 0.0296875 0.0296875
0 0.45703125 0.11796875 0.03125 0.0296875
0 0.4703125 0.09375 0.0265625 0.025
0 0.71640625 0.546875 0.040625 0.0359375
0 0.775 0.63828125 0.0515625 0.0453125
0 0.7921875 0.7453125 0.03125 0.028125
0 0.771875 0.7921875 0.1078125 0.0984375
0 0.89765625 0.79453125 0.1328125 0.121875
0 0.4421875 0.790625 0.103125 0.096875
0 0.8890625 0.66328125 0.0265625 0.0234375
0 0.9671875 0.96015625 0.0578125 0.053125
0 0.8703125 0.91015625 0.0265625 0.025
0 0.7984375 0.9640625 0.034375 0.03125
0 0.7609375 0.9734375 0.0390625 0.034375
0 0.90859375 0.94609375 0.0765625 0.071875
0 0.678125 0.94609375 0.1078125 0.1015625