0 0.21484375 0.41484375 0.4296875 0.6609375
0 0.12265625 0.90625 0.0453125 0.0390625
0 0.03515625 0.94921875 0.0359375 0.03125
0 0.14765625 0.75625 0.0515625 0.040625
0 0.165625 0.77734375 0.0484375 0.0390625
0 0.22734375 0.7328125 0.04375 0.0359375
0 0.2703125 0.7234375 0.0359375 0.03125
0 0.1453125 0.9234375 0.040625 0.034375
0 0.0875 0.4890625 0.0296875 0.025
0 0.1046875 0.56015625 0.0515625 0.040625
0 0.053125 0.6140625 0.10625 0.0890625
0 0.33046875 0.63359375 0.1109375 0.090625
0 0.35703125 0.68125 0.103125 0.084375
0 0.478125 0.4671875 0.0875 0.0703125
0 0.84375 0.0828125 0.103125 0.084375
0 0.36796875 0.15 0.0359375 0.0296875
0 0.29921875 0.1265625 0.0671875 0.05625
0 0.2171875 0.9796875 0.0453125 0.0390625
0 0.234375 0.95703125 0.03125 0.0265625
0 0.2484375 0.13828125 0.0484375 0.0390625
0 0.31640625 0.6875 0.0515625 0.04375
0 0.24296875 0.07578125 0.034375 0.028125