0 0.0609375 0.49140625 0.03125 0.0296875
0 0.06484375 0.3890625 0.0359375 0.034375
0 0.053125 0.4109375 0.034375 0.03125
0 0.01328125 0.2296875 0.0265625 0.0265625
0 0.2484375 0.353125 0.03125 0.0296875
0 0.4640625 0.2609375 0.03125 0.0296875
0 0.46875 0.4125 0.0265625 0.025
0 0.4515625 0.62109375 0.0296875 0.0265625
0 0.1984375 0.5953125 0.03125 0.0265625
0 0.23046875 0.46015625 0.034375 0.03125
0 0.53125 0.084375 0.0296875 0.0265625
0 0.3890625 0.05078125 0.034375 0.03125
0 0.6421875 0.01171875 0.028125 0.0234375
0 0.6296875 0.03359375 0.034375 0.03125
0 0.74609375 0.046875 0.034375 0.03125
0 0.80859375 0.06875 0.0296875 0.0265625
0 0.975 0.34140625 0.04375 0.040625
0 0.67578125 0.5625 0.0359375 0.034375
0 0.7171875 0.546875 0.04375 0.0390625
0 0.88359375 0.21171875 0.03125 0.0296875
0 0.36171875 0.7359375 0.075 0.0671875
0 0.46640625 0.81640625 0.0296875 0.0265625
0 0.475 0.88359375 0.0296875 0.0265625
0 0.37109375 0.36875 0.0265625 0.0234375