0 0.0640625 0.72734375 0.028125 0.028125
0 0.03359375 0.9125 0.040625 0.040625
0 0.328125 0.68984375 0.0453125 0.0453125
0 0.3453125 0.7296875 0.0296875 0.028125
0 0.16015625 0.921875 0.034375 0.034375
0 0.16953125 0.8171875 0.0390625 0.0390625
0 0.3921875 0.76796875 0.0296875 0.028125
0 0.3421875 0.8796875 0.0296875 0.0296875
0 0.41328125 0.921875 0.0359375 0.0359375
0 0.2140625 0.38359375 0.0609375 0.0609375
0 0.3109375 0.3859375 0.16875 0.16875
0 0.3453125 0.21875 0.053125 0.053125
0 0.3375 0.2703125 0.0546875 0.05625
0 0.4640625 0.09375 0.0265625 0.0265625
0 0.25 0.14765625 0.0296875 0.0296875
0 0.1765625 0.1890625 0.1140625 0.1140625
0 0.1140625 0.16015625 0.0359375 0.0359375
0 0.29453125 0.8171875 0.0296875 0.0296875
0 0.5625 0.71640625 0.03125 0.03125
0 0.5640625 0.7515625 0.040625 0.040625
0 0.7234375 0.80859375 0.028125 0.0296875
0 0.82421875 0.9640625 0.034375 0.034375
0 0.7671875 0.97734375 0.0265625 0.0265625
0 0.64453125 0.603125 0.025 0.025
0 0.48203125 0.56015625 0.0265625 0.0265625
0 0.43359375 0.5625 0.03125 0.03125
0 0.5 0.43984375 0.0265625 0.0265625
0 0.859375 0.76328125 0.03125 0.03125
0 0.9078125 0.8265625 0.0265625 0.0265625
0 0.94921875 0.603125 0.0296875 0.028125
0 0.875 0.5671875 0.034375 0.034375
0 0.99296875 0.47265625 0.0140625 0.025
0 0.81015625 0.09375 0.0265625 0.0265625
0 0.73828125 0.2765625 0.1140625 0.1140625
0 0.58671875 0.62734375 0.028125 0.028125
0 0.68359375 0.59375 0.04375 0.04375
0 0.728125 0.6421875 0.0265625 0.0265625