0 0.25390625 0.36640625 0.5078125 0.521875
0 0.1390625 0.73515625 0.278125 0.4140625
0 0.37265625 0.76328125 0.0359375 0.03125
0 0.46015625 0.8390625 0.0453125 0.0390625
0 0.49296875 0.9359375 0.040625 0.034375
0 0.37109375 0.90390625 0.03125 0.0265625
0 0.4359375 0.94140625 0.0515625 0.040625
0 0.5421875 0.928125 0.0390625 0.034375
0 0.5921875 0.97578125 0.034375 0.0296875
0 0.88671875 0.92578125 0.146875 0.1203125
0 0.83671875 0.97578125 0.0609375 0.0484375
0 0.725 0.9375 0.071875 0.0578125
0 0.6109375 0.89296875 0.0671875 0.05625
0 0.72578125 0.7953125 0.0828125 0.0671875
0 0.78828125 0.834375 0.0359375 0.0296875
0 0.6703125 0.85546875 0.034375 0.0265625
0 0.96171875 0.81953125 0.0390625 0.034375
0 0.984375 0.640625 0.03125 0.03125
0 0.984375 0.5578125 0.03125 0.0234375
0 0.859375 0.5890625 0.0890625 0.075
0 0.84609375 0.46015625 0.0359375 0.03125
0 0.8734375 0.4984375 0.128125 0.10625
0 0.93515625 0.28984375 0.071875 0.0578125
0 0.97734375 0.23671875 0.0453125 0.0390625
0 0.47265625 0.5734375 0.41875 0.34375
0 0.33203125 0.74375 0.05625 0.0453125
0 0.28515625 0.85234375 0.053125 0.04375
0 0.7484375 0.4125 0.0765625 0.065625
0 0.76796875 0.15234375 0.1234375 0.0984375
0 0.65859375 0.13359375 0.040625 0.034375
0 0.68515625 0.1515625 0.0515625 0.040625
0 0.8140625 0.23671875 0.0828125 0.0671875
0 0.640625 0.0765625 0.0703125 0.0578125
0 0.60546875 0.04921875 0.0671875 0.05625
0 0.2296875 0.615625 0.0765625 0.0625
0 0.22265625 0.2703125 0.034375 0.0296875
0 0.125 0.4375 0.25 0.2578125
0 0.2046875 0.009375 0.034375 0.01875