0 0.3578125 0.02265625 0.0703125 0.0453125
0 0.35234375 0.040625 0.0453125 0.0390625
0 0.44140625 0.0359375 0.0359375 0.0296875
0 0.35703125 0.1546875 0.0390625 0.03125
0 0.37265625 0.1265625 0.0515625 0.04375
0 0.17421875 0.2828125 0.0328125 0.0296875
0 0.13671875 0.29453125 0.0359375 0.03125
0 0.2390625 0.05390625 0.0921875 0.075
0 0.04453125 0.01796875 0.04375 0.0359375
0 0.04453125 0.45078125 0.0578125 0.0484375
0 0.21171875 0.4109375 0.1203125 0.0984375
0 0.42578125 0.26953125 0.0296875 0.025
0 0.35546875 0.49375 0.0359375 0.03125
0 0.54453125 0.5 0.1734375 0.1453125
0 0.66328125 0.58984375 0.040625 0.034375
0 0.71015625 0.6765625 0.028125 0.0234375
0 0.81875 0.58203125 0.103125 0.0875
0 0.80546875 0.50859375 0.0453125 0.0390625
0 0.8234375 0.446875 0.0453125 0.0390625
0 0.82421875 0.36875 0.0609375 0.0515625
0 0.81640625 0.39921875 0.034375 0.0265625
0 0.8546875 0.4125 0.0453125 0.0390625
0 0.8609375 0.43984375 0.0359375 0.03125
0 0.85546875 0.4859375 0.065625 0.053125
0 0.55546875 0.22734375 0.028125 0.025
0 0.45546875 0.2984375 0.415625 0.3453125
0 0.7390625 0.89921875 0.146875 0.1203125