0 0.140625 0.6140625 0.2015625 0.2
0 0.77890625 0.04921875 0.0265625 0.0265625
0 0.75 0.06875 0.0296875 0.028125
0 0.9796875 0.04296875 0.025 0.025
0 0.91953125 0.21640625 0.025 0.025
0 0.96875 0.2328125 0.0625 0.065625
0 0.9578125 0.1625 0.0625 0.0625
0 0.82578125 0.165625 0.0265625 0.0265625
0 0.75390625 0.2703125 0.0390625 0.0390625
0 0.790625 0.35703125 0.0515625 0.0484375
0 0.6 0.24375 0.0390625 0.0359375
0 0.5625 0.22265625 0.04375 0.04375
0 0.59609375 0.31484375 0.0265625 0.0265625
0 0.5640625 0.3296875 0.0265625 0.0265625
0 0.6546875 0.2984375 0.053125 0.053125
0 0.52421875 0.1234375 0.028125 0.0296875
0 0.49765625 0.20078125 0.0265625 0.025
0 0.5796875 0.0296875 0.025 0.025
0 0.4796875 0.12109375 0.0578125 0.05625
0 0.42421875 0.18125 0.040625 0.040625
0 0.328125 0.234375 0.040625 0.040625
0 0.23671875 0.0484375 0.03125 0.03125
0 0.3140625 0.0109375 0.0234375 0.021875
0 0.35546875 0.040625 0.03125 0.03125
0 0.6734375 0.13125 0.0265625 0.025
0 0.55859375 0.11171875 0.0578125 0.0578125
0 0.08046875 0.1671875 0.0796875 0.0765625
0 0.16953125 0.9203125 0.0671875 0.065625
0 0.3453125 0.9125 0.0234375 0.025
0 0.009375 0.6296875 0.01875 0.03125
0 0.04296875 0.83203125 0.0296875 0.0265625
0 0.203125 0.8109375 0.0296875 0.0265625
0 0.28828125 0.73203125 0.0359375 0.0359375
0 0.1578125 0.453125 0.0265625 0.0265625
0 0.59375 0.58515625 0.128125 0.125
0 0.67890625 0.9109375 0.0265625 0.0265625
0 0.69453125 0.9265625 0.0265625 0.0265625
0 0.82109375 0.9421875 0.034375 0.034375
0 0.90234375 0.9078125 0.0296875 0.0265625
0 0.7328125 0.78359375 0.0484375 0.0484375
0 0.665625 0.4015625 0.0515625 0.0515625
0 0.74609375 0.4046875 0.0578125 0.0578125
0 0.62734375 0.4796875 0.04375 0.040625
0 0.3703125 0.36875 0.10625 0.103125
0 0.6234375 0.1921875 0.0796875 0.0796875
0 0.6078125 0.67578125 0.028125 0.0265625
0 0.47109375 0.31640625 0.034375 0.034375
0 0.83671875 0.2046875 0.0390625 0.0390625
0 0.74375 0.84609375 0.065625 0.0625
0 0.66953125 0.80546875 0.128125 0.125
0 0.5671875 0.85078125 0.028125 0.0296875
0 0.81484375 0.9875 0.0265625 0.025
0 0.89375 0.96953125 0.065625 0.0609375