0 0.040625 0.9171875 0.0265625 0.0265625
0 0.21484375 0.915625 0.0265625 0.0265625
0 0.20703125 0.9390625 0.0390625 0.0390625
0 0.01328125 0.69609375 0.0265625 0.0265625
0 0.19609375 0.665625 0.0328125 0.034375
0 0.865625 0.5625 0.04375 0.04375
0 0.87734375 0.2015625 0.0265625 0.0265625
0 0.94375 0.009375 0.028125 0.01875
0 0.4421875 0.56015625 0.0265625 0.0265625
0 0.63671875 0.89765625 0.034375 0.03125
0 0.2921875 0.3609375 0.053125 0.053125
0 0.171875 0.15859375 0.053125 0.0515625
0 0.05546875 0.3734375 0.03125 0.03125
0 0.33984375 0.0828125 0.0265625 0.0265625
0 0.47578125 0.13359375 0.025 0.025
0 0.57421875 0.01953125 0.0390625 0.0359375
0 0.56640625 0.046875 0.0296875 0.0296875
0 0.85234375 0.078125 0.0265625 0.0265625
0 0.228125 0.64921875 0.0390625 0.0359375