0 0.03515625 0.4 0.0625 0.0609375
0 0.20078125 0.36796875 0.0453125 0.04375
0 0.27421875 0.31015625 0.0296875 0.0296875
0 0.365625 0.35546875 0.0265625 0.0265625
0 0.4796875 0.41796875 0.03125 0.0296875
0 0.43125 0.41796875 0.040625 0.0390625
0 0.45546875 0.3546875 0.0390625 0.0359375
0 0.50703125 0.3375 0.0390625 0.0359375
0 0.53984375 0.3140625 0.028125 0.0265625
0 0.41015625 0.2671875 0.0296875 0.0265625
0 0.2546875 0.134375 0.0296875 0.0265625
0 0.22578125 0.15 0.0390625 0.0390625
0 0.665625 0.2828125 0.0484375 0.0453125
0 0.70703125 0.25625 0.0265625 0.025
0 0.6046875 0.2765625 0.028125 0.0265625
0 0.6046875 0.1984375 0.028125 0.0296875
0 0.56953125 0.23203125 0.03125 0.0296875
0 0.22109375 0.24609375 0.0359375 0.034375
0 0.95546875 0.109375 0.0390625 0.0359375
0 0.94609375 0.63671875 0.0296875 0.0265625
0 0.87265625 0.61171875 0.0453125 0.040625
0 0.8296875 0.56875 0.0453125 0.04375
0 0.78984375 0.56484375 0.053125 0.0515625
0 0.7953125 0.4890625 0.034375 0.03125
0 0.7328125 0.4640625 0.028125 0.0265625
0 0.7140625 0.44375 0.028125 0.0265625
0 0.68046875 0.44921875 0.04375 0.040625
0 0.7328125 0.40625 0.0265625 0.0265625
0 0.7203125 0.38203125 0.0359375 0.034375
0 0.76171875 0.3453125 0.0578125 0.053125
0 0.8109375 0.321875 0.0453125 0.04375
0 0.84609375 0.2921875 0.034375 0.03125
0 0.884375 0.275 0.0515625 0.0484375
0 0.79453125 0.2453125 0.0265625 0.0234375
0 0.7921875 0.2296875 0.0265625 0.0265625
0 0.74375 0.2078125 0.03125 0.03125
0 0.75390625 0.17421875 0.0359375 0.0328125
0 0.73671875 0.5609375 0.034375 0.034375
0 0.709375 0.58203125 0.034375 0.03125
0 0.69921875 0.615625 0.0484375 0.0453125
0 0.6609375 0.6078125 0.03125 0.03125
0 0.6421875 0.63359375 0.04375 0.040625
0 0.78828125 0.625 0.04375 0.040625
0 0.8140625 0.6109375 0.0515625 0.0484375
0 0.84375 0.6453125 0.03125 0.028125
0 0.8140625 0.65234375 0.0265625 0.025
0 0.76328125 0.6515625 0.03125 0.028125
0 0.8703125 0.12734375 0.0359375 0.034375
0 0.98046875 0.053125 0.0390625 0.040625
0 0.9515625 0.040625 0.0390625 0.0359375
0 0.8609375 0.97734375 0.05625 0.0453125
0 0.803125 0.9734375 0.034375 0.03125
0 0.759375 0.94921875 0.04375 0.040625
0 0.5828125 0.93984375 0.04375 0.040625
0 0.50390625 0.83515625 0.0453125 0.04375
0 0.6140625 0.7359375 0.0390625 0.0359375
0 0.7953125 0.8125 0.0296875 0.0296875
0 0.625 0.89765625 0.034375 0.03125
0 0.49375 0.8796875 0.0265625 0.025
0 0.4546875 0.8609375 0.0296875 0.0265625
0 0.17890625 0.9796875 0.05625 0.040625
0 0.05546875 0.96484375 0.03125 0.0296875
0 0.0953125 0.7125 0.0296875 0.028125
0 0.44921875 0.446875 0.03125 0.0296875
0 0.51796875 0.5328125 0.0390625 0.0359375
0 0.59609375 0.5953125 0.0453125 0.04375
0 0.584375 0.625 0.040625 0.0390625
0 0.56875 0.65 0.0359375 0.034375
0 0.5484375 0.6359375 0.034375 0.03125
0 0.52421875 0.66796875 0.034375 0.03125
0 0.50859375 0.68046875 0.0359375 0.034375
0 0.4640625 0.69375 0.0765625 0.071875
0 0.484375 0.584375 0.03125 0.028125
0 0.49765625 0.5515625 0.03125 0.028125
0 0.4328125 0.490625 0.040625 0.0390625
0 0.38125 0.51796875 0.0265625 0.025
0 0.3953125 0.50625 0.0484375 0.04375
0 0.3546875 0.5 0.034375 0.03125
0 0.3328125 0.5421875 0.04375 0.040625
0 0.35546875 0.45703125 0.0453125 0.04375
0 0.24140625 0.48203125 0.0453125 0.04375
0 0.11875 0.44921875 0.0328125 0.03125
0 0.3265625 0.60234375 0.0546875 0.0515625
0 0.3421875 0.646875 0.0453125 0.04375
0 0.2921875 0.66328125 0.040625 0.0390625
0 0.58984375 0.53515625 0.0265625 0.0265625
0 0.4359375 0.6109375 0.0296875 0.0265625
0 0.4234375 0.6234375 0.0296875 0.0265625
0 0.41015625 0.70078125 0.04375 0.040625
0 0.36640625 0.68984375 0.034375 0.03125
0 0.65 0.584375 0.034375 0.034375
0 0.09765625 0.70703125 0.0578125 0.05625
0 0.11875 0.2140625 0.0390625 0.0359375
0 0.14921875 0.1875 0.0375 0.0359375
0 0.3265625 0.19453125 0.03125 0.0296875
0 0.2046875 0.0578125 0.0296875 0.028125
0 0.63828125 0.1265625 0.0265625 0.025
0 0.63828125 0.84140625 0.0265625 0.025
0 0.70703125 0.90234375 0.0390625 0.0359375
0 0.9875 0.6109375 0.025 0.03125
0 0.93046875 0.546875 0.03125 0.0296875
0 0.13359375 0.5984375 0.03125 0.028125
0 0.025 0.97109375 0.040625 0.0390625
0 0.38203125 0.63359375 0.04375 0.040625
0 0.25390625 0.60546875 0.0390625 0.0359375
0 0.25234375 0.64765625 0.040625 0.0390625
0 0.1046875 0.61875 0.040625 0.0390625
0 0.14921875 0.48671875 0.0375 0.0359375
0 0.03359375 0.53828125 0.0296875 0.0265625
0 0.05625 0.6890625 0.03125 0.028125
0 0.1921875 0.69375 0.0328125 0.034375
0 0.18359375 0.73359375 0.3671875 0.4046875
0 0.1765625 0.72109375 0.0328125 0.03125
0 0.4796875 0.521875 0.0359375 0.034375
0 0.640625 0.49140625 0.034375 0.03125
0 0.19375 0.49375 0.03125 0.0296875
0 0.30546875 0.7234375 0.03125 0.03125
0 0.29453125 0.69453125 0.0359375 0.034375
0 0.734375 0.640625 0.0265625 0.025