0 0.11328125 0.975 0.040625 0.0359375
0 0.03515625 0.97109375 0.034375 0.03125
0 0.18125 0.93515625 0.04375 0.040625
0 0.203125 0.96875 0.0296875 0.0265625
0 0.0328125 0.890625 0.05625 0.0515625
0 0.11875 0.91328125 0.03125 0.0296875
0 0.35234375 0.96171875 0.0484375 0.04375
0 0.60546875 0.94140625 0.03125 0.0296875
0 0.58984375 0.87265625 0.0296875 0.0265625
0 0.60234375 0.89921875 0.028125 0.0265625
0 0.38828125 0.97578125 0.0328125 0.03125
0 0.9828125 0.9828125 0.034375 0.03125
0 0.91953125 0.53515625 0.1421875 0.1296875
0 0.90859375 0.6109375 0.03125 0.028125
0 0.96015625 0.7921875 0.03125 0.028125
0 0.96171875 0.80390625 0.0359375 0.034375
0 0.92578125 0.7984375 0.0359375 0.03125
0 0.74140625 0.84140625 0.034375 0.03125
0 0.725 0.7703125 0.040625 0.0359375
0 0.62109375 0.78828125 0.0453125 0.04375
0 0.9 0.4359375 0.0265625 0.025
0 0.79453125 0.18984375 0.05625 0.0515625
0 0.78828125 0.1609375 0.034375 0.03125
0 0.77421875 0.2171875 0.0578125 0.053125
0 0.7046875 0.3140625 0.040625 0.0390625
0 0.64921875 0.35078125 0.071875 0.065625
0 0.76796875 0.31875 0.0390625 0.0359375
0 0.703125 0.44453125 0.04375 0.040625
0 0.9546875 0.33671875 0.0359375 0.034375
0 0.60546875 0.27421875 0.0390625 0.0359375
0 0.58203125 0.29296875 0.034375 0.03125
0 0.44453125 0.3765625 0.0515625 0.0453125
0 0.3765625 0.34765625 0.0390625 0.0359375
0 0.69375 0.525 0.0484375 0.04375
0 0.646875 0.53125 0.0453125 0.04375
0 0.4828125 0.709375 0.128125 0.11875
0 0.3484375 0.77890625 0.034375 0.03125
0 0.328125 0.8015625 0.0390625 0.034375
0 0.11796875 0.73828125 0.1546875 0.1390625
0 0.0921875 0.6546875 0.0828125 0.075
0 0.16953125 0.6 0.0515625 0.0453125
0 0.1296875 0.60546875 0.034375 0.03125
0 0.25 0.62890625 0.034375 0.03125
0 0.2984375 0.4 0.0453125 0.040625
0 0.1734375 0.28515625 0.0484375 0.04375
0 0.125 0.19921875 0.1375 0.125
0 0.29453125 0.2609375 0.0328125 0.03125
0 0.3234375 0.2765625 0.03125 0.0296875
0 0.415625 0.32109375 0.0359375 0.03125
0 0.1984375 0.4859375 0.034375 0.03125
0 0.0515625 0.49375 0.0515625 0.0453125
0 0.078125 0.4625 0.0453125 0.04375
0 0.20078125 0.52734375 0.040625 0.0390625
0 0.13828125 0.521875 0.04375 0.040625
0 0.29296875 0.48046875 0.040625 0.0359375
0 0.31875 0.45546875 0.0640625 0.0609375
0 0.35234375 0.4125 0.0453125 0.040625
0 0.4 0.4015625 0.0328125 0.03125
0 0.01953125 0.80078125 0.03125 0.0296875
0 0.015625 0.82421875 0.0296875 0.0265625
0 0.015625 0.46171875 0.03125 0.0453125
0 0.74140625 0.0890625 0.03125 0.0296875
0 0.55625 0.5296875 0.065625 0.0578125