0 0.13671875 0.015625 0.0390625 0.0296875
0 0.44453125 0.04296875 0.05625 0.0390625
0 0.25390625 0.1046875 0.040625 0.0296875
0 0.24140625 0.12734375 0.0390625 0.0265625
0 0.19453125 0.06015625 0.0390625 0.0265625
0 0.7671875 0.02421875 0.125 0.0484375
0 0.9 0.384375 0.0609375 0.04375
0 0.8296875 0.521875 0.0453125 0.03125
0 0.83671875 0.546875 0.040625 0.0296875
0 0.890625 0.45546875 0.040625 0.0296875
0 0.7765625 0.33671875 0.053125 0.0390625
0 0.66796875 0.3015625 0.053125 0.0390625
0 0.45546875 0.27421875 0.0578125 0.040625
0 0.3015625 0.2296875 0.0453125 0.03125
0 0.1078125 0.3171875 0.0484375 0.0359375
0 0.209375 0.396875 0.0578125 0.040625
0 0.31015625 0.2671875 0.0359375 0.0265625
0 0.2328125 0.4703125 0.0625 0.04375
0 0.3171875 0.5984375 0.04375 0.03125
0 0.14296875 0.59609375 0.04375 0.03125
0 0.15234375 0.55546875 0.0875 0.059375
0 0.25625 0.709375 0.0625 0.0453125
0 0.296875 0.759375 0.1546875 0.1078125
0 0.69375 0.765625 0.075 0.053125
0 0.63203125 0.69140625 0.1171875 0.084375
0 0.796875 0.7984375 0.0359375 0.025
0 0.7140625 0.3953125 0.0390625 0.0265625
0 0.57421875 0.478125 0.0390625 0.0296875
0 0.60546875 0.58203125 0.0390625 0.0296875
0 0.03515625 0.696875 0.0703125 0.059375