0 0.3421875 0.2515625 0.0578125 0.053125
0 0.4671875 0.01328125 0.034375 0.0265625
0 0.334375 0.18359375 0.03125 0.0296875
0 0.21484375 0.18984375 0.0390625 0.0328125
0 0.390625 0.12890625 0.040625 0.0390625
0 0.58671875 0.26171875 0.028125 0.0265625
0 0.328125 0.37265625 0.0390625 0.0359375
0 0.303125 0.28828125 0.0328125 0.0296875
0 0.37109375 0.396875 0.0453125 0.040625
0 0.19921875 0.390625 0.03125 0.0296875
0 0.2796875 0.09609375 0.0265625 0.025
0 0.2703125 0.52734375 0.0296875 0.0265625
0 0.0109375 0.196875 0.021875 0.0296875
0 0.3296875 0.1453125 0.04375 0.040625
0 0.49609375 0.7984375 0.0296875 0.0265625
0 0.49140625 0.87265625 0.04375 0.0390625
0 0.2328125 0.665625 0.0296875 0.0265625
0 0.18984375 0.78984375 0.0390625 0.034375