0 0.8921875 0.9703125 0.065625 0.0515625
0 0.73828125 0.98046875 0.0390625 0.0296875
0 0.86640625 0.9203125 0.153125 0.11875
0 0.73671875 0.88203125 0.034375 0.0265625
0 0.6890625 0.85703125 0.0625 0.0484375
0 0.65390625 0.81484375 0.05625 0.04375
0 0.525 0.8703125 0.0609375 0.0453125
0 0.3171875 0.95546875 0.03125 0.025
0 0.2328125 0.93359375 0.0515625 0.0390625
0 0.209375 0.821875 0.0390625 0.0296875
0 0.09765625 0.84609375 0.0359375 0.0265625
0 0.0828125 0.8171875 0.0609375 0.0453125
0 0.0421875 0.77421875 0.040625 0.03125
0 0.23203125 0.98671875 0.034375 0.0265625
0 0.12109375 0.93984375 0.053125 0.040625
0 0.0765625 0.63828125 0.153125 0.1578125
0 0.203125 0.71171875 0.065625 0.0515625
0 0.1734375 0.7765625 0.1375 0.10625
0 0.2859375 0.71640625 0.0765625 0.059375
0 0.321875 0.6390625 0.0921875 0.0703125
0 0.14765625 0.60234375 0.0328125 0.0265625
0 0.11171875 0.1 0.0453125 0.034375
0 0.3734375 0.2359375 0.03125 0.025
0 0.2828125 0.38359375 0.0828125 0.0625
0 0.2296875 0.38203125 0.0609375 0.0453125
0 0.10703125 0.384375 0.0515625 0.0390625
0 0.0421875 0.36875 0.0328125 0.0265625
0 0.16484375 0.46640625 0.0359375 0.0296875
0 0.06484375 0.57578125 0.0421875 0.03125
0 0.053125 0.60234375 0.040625 0.03125
0 0.6234375 0.2515625 0.0515625 0.0390625
0 0.72109375 0.33671875 0.1640625 0.125
0 0.665625 0.478125 0.0671875 0.053125
0 0.61328125 0.59140625 0.0390625 0.028125
0 0.5359375 0.75390625 0.0625 0.0484375
0 0.53828125 0.803125 0.0703125 0.053125
0 0.8703125 0.625 0.0609375 0.0453125
0 0.8109375 0.63359375 0.0359375 0.028125
0 0.9734375 0.665625 0.034375 0.0265625
0 0.703125 0.5984375 0.23125 0.1765625
0 0.95546875 0.43046875 0.0875 0.0671875
0 0.8640625 0.40390625 0.05625 0.04375
0 0.85078125 0.3640625 0.0671875 0.0515625
0 0.8234375 0.31875 0.0671875 0.0515625
0 0.265625 0.32578125 0.084375 0.0640625
0 0.5203125 0.1359375 0.0765625 0.0578125
0 0.69609375 0.13125 0.04375 0.03125
0 0.68984375 0.20078125 0.0828125 0.0625
0 0.96640625 0.18125 0.0359375 0.0265625
0 0.8125 0.17578125 0.03125 0.025
0 0.00234375 0.00078125 0.0015625 0.0015625
0 0.6625 0.03515625 0.05625 0.040625
0 0.7671875 0.03828125 0.059375 0.0453125
0 0.7296875 0.09375 0.0390625 0.0296875
0 0.9265625 0.053125 0.0453125 0.034375
0 0.18046875 0.1765625 0.0328125 0.0265625
0 0.45703125 0.52734375 0.0359375 0.0265625
0 0.4671875 0.67578125 0.0390625 0.0296875
0 0.39453125 0.72109375 0.1546875 0.11875