0 0.07578125 0.37109375 0.034375 0.034375
0 0.14765625 0.68359375 0.0375 0.0390625
0 0.28828125 0.77265625 0.034375 0.034375
0 0.17421875 0.2125 0.159375 0.159375
0 0.06640625 0.25390625 0.0921875 0.0921875
0 0.328125 0.25234375 0.05625 0.05625
0 0.4734375 0.15 0.025 0.025
0 0.2796875 0.16015625 0.09375 0.09375
0 0.14921875 0.11640625 0.2453125 0.2328125
0 0.571875 0.09765625 0.0828125 0.0828125
0 0.61328125 0.0203125 0.04375 0.040625
0 0.85078125 0.03828125 0.0453125 0.0453125
0 0.8421875 0.0203125 0.0671875 0.040625
0 0.78984375 0.05625 0.0671875 0.0671875
0 0.66796875 0.10546875 0.0296875 0.0296875
0 0.79296875 0.16015625 0.0265625 0.0265625
0 0.803125 0.28359375 0.034375 0.0328125
0 0.8421875 0.24609375 0.0984375 0.0984375
0 0.68046875 0.7828125 0.0265625 0.0265625
0 0.7328125 0.21484375 0.0765625 0.0765625
0 0.41015625 0.55546875 0.61875 0.61875