0 0.165625 0.88359375 0.0390625 0.034375
0 0.025 0.8765625 0.0390625 0.0359375
0 0.08046875 0.865625 0.0625 0.0578125
0 0.265625 0.9171875 0.075 0.0703125
0 0.33515625 0.96640625 0.0609375 0.05625
0 0.00234375 0.00234375 0.0015625 0.0015625
0 0.65390625 0.89453125 0.115625 0.10625
0 0.5515625 0.9546875 0.034375 0.03125
0 0.4421875 0.9 0.1109375 0.1015625
0 0.30390625 0.76953125 0.0859375 0.0796875
0 0.16484375 0.8078125 0.13125 0.1203125
0 0.1203125 0.76171875 0.0359375 0.034375
0 0.1359375 0.73046875 0.0796875 0.071875
0 0.24609375 0.725 0.15 0.1375
0 0.2171875 0.64296875 0.084375 0.0765625
0 0.17421875 0.603125 0.0671875 0.059375
0 0.0890625 0.56875 0.096875 0.0890625
0 0.3640625 0.63671875 0.03125 0.0296875
0 0.41328125 0.6453125 0.0828125 0.075
0 0.4828125 0.7359375 0.059375 0.05625
0 0.7921875 0.6921875 0.0703125 0.0625
0 0.94921875 0.39453125 0.040625 0.0359375
0 0.8953125 0.5453125 0.03125 0.028125
0 0.62890625 0.55625 0.034375 0.03125
0 0.59375 0.58984375 0.0296875 0.0265625
0 0.65390625 0.41953125 0.03125 0.0296875
0 0.55625 0.3765625 0.0453125 0.04375
0 0.74375 0.46640625 0.121875 0.1140625
0 0.759375 0.53828125 0.034375 0.03125
0 0.5984375 0.23671875 0.028125 0.0265625
0 0.80390625 0.2046875 0.090625 0.084375
0 0.46015625 0.51796875 0.284375 0.259375
0 0.3765625 0.42578125 0.0359375 0.03125
0 0.38203125 0.4 0.034375 0.0296875
0 0.296875 0.4859375 0.0390625 0.0359375
0 0.2140625 0.5734375 0.0359375 0.034375
0 0.525 0.4734375 0.0265625 0.025
0 0.43046875 0.321875 0.040625 0.0390625
0 0.25 0.19140625 0.10625 0.096875
0 0.1890625 0.25234375 0.0890625 0.0828125
0 0.234375 0.3171875 0.10625 0.096875
0 0.0671875 0.2515625 0.134375 0.134375
0 0.07578125 0.43359375 0.04375 0.0390625
0 0.24296875 0.44609375 0.0890625 0.0828125
0 0.709375 0.3578125 0.3390625 0.3109375
0 0.87265625 0.50859375 0.1828125 0.16875
0 0.43984375 0.1046875 0.3890625 0.209375
0 0.51171875 0.053125 0.03125 0.0296875
0 0.58046875 0.025 0.034375 0.0296875
0 0.98671875 0.05859375 0.0265625 0.025