0 0.4859375 0.29453125 0.678125 0.5890625
0 0.8546875 0.9046875 0.075 0.0671875
0 0.87734375 0.79453125 0.0359375 0.034375
0 0.8640625 0.52890625 0.09375 0.084375
0 0.96015625 0.36875 0.03125 0.0296875
0 0.51796875 0.7296875 0.096875 0.084375
0 0.709375 0.88125 0.0390625 0.034375
0 0.384375 0.7515625 0.040625 0.0390625
0 0.3953125 0.7296875 0.0515625 0.0453125
0 0.16484375 0.665625 0.040625 0.0359375
0 0.04453125 0.375 0.03125 0.0296875
0 0.040625 0.1734375 0.0390625 0.0328125
0 0.08203125 0.68046875 0.0296875 0.0265625
0 0.115625 0.81484375 0.071875 0.065625
0 0.01171875 0.65546875 0.0234375 0.0234375
0 0.7296875 0.63671875 0.0390625 0.034375
0 0.80078125 0.7078125 0.04375 0.0390625
0 0.6671875 0.7359375 0.034375 0.028125
0 0.25390625 0.65 0.0265625 0.025
0 0.10546875 0.11796875 0.0453125 0.040625
0 0.04453125 0.271875 0.0359375 0.03125
0 0.17890625 0.05390625 0.0296875 0.0265625