0 0.94921875 0.23671875 0.0359375 0.034375
0 0.634375 0.10703125 0.0265625 0.025
0 0.61640625 0.1453125 0.034375 0.03125
0 0.459375 0.1984375 0.03125 0.0296875
0 0.16484375 0.2453125 0.03125 0.0296875
0 0.0921875 0.196875 0.0265625 0.0265625
0 0.06484375 0.3265625 0.0359375 0.0328125
0 0.1203125 0.3453125 0.0265625 0.0265625
0 0.228125 0.67421875 0.0625 0.0578125
0 0.24140625 0.5828125 0.0265625 0.0234375
0 0.28828125 0.74609375 0.034375 0.03125
0 0.28984375 0.94375 0.034375 0.03125
0 0.5453125 0.56484375 0.028125 0.0265625
0 0.44609375 0.36328125 0.040625 0.0390625
0 0.3890625 0.3578125 0.0515625 0.0484375
0 0.77890625 0.57578125 0.028125 0.0265625
0 0.81640625 0.68984375 0.040625 0.0390625
0 0.80078125 0.64765625 0.034375 0.03125
0 0.8375 0.7453125 0.0296875 0.0265625
0 0.85703125 0.81875 0.0359375 0.034375
0 0.915625 0.84140625 0.03125 0.0296875
0 0.9546875 0.94453125 0.0390625 0.0359375
0 0.225 0.9421875 0.03125 0.0296875
0 0.41953125 0.96015625 0.03125 0.0296875
0 0.6203125 0.59765625 0.040625 0.0390625
0 0.9734375 0.90859375 0.053125 0.05625