0 0.0015625 0.00234375 0.003125 0.003125
0 0.67890625 0.053125 0.0546875 0.0515625
0 0.0359375 0.21875 0.065625 0.0578125
0 0.18046875 0.27421875 0.1859375 0.16875
0 0.3609375 0.42578125 0.03125 0.0296875
0 0.6453125 0.21640625 0.040625 0.0359375
0 0.759375 0.2390625 0.0453125 0.040625
0 0.75625 0.265625 0.1109375 0.0984375
0 0.83515625 0.31875 0.0859375 0.0796875
0 0.571875 0.25703125 0.0265625 0.0234375
0 0.4828125 0.3640625 0.0296875 0.0265625
0 0.47734375 0.4203125 0.0296875 0.0265625
0 0.428125 0.42578125 0.0578125 0.053125
0 0.5640625 0.3375 0.1375 0.1234375
0 0.61328125 0.3953125 0.0265625 0.0234375
0 0.6921875 0.50234375 0.1390625 0.125
0 0.71171875 0.65 0.053125 0.0484375
0 0.87265625 0.634375 0.103125 0.09375
0 0.4109375 0.4640625 0.0265625 0.025
0 0.27421875 0.4984375 0.0875 0.0765625
0 0.8921875 0.45703125 0.0265625 0.025
0 0.7859375 0.5015625 0.0703125 0.0625
0 0.93046875 0.33984375 0.0578125 0.0515625
0 0.984375 0.4328125 0.03125 0.034375
0 0.9578125 0.40859375 0.0265625 0.025
0 0.703125 0.1609375 0.0453125 0.04375
0 0.79453125 0.01328125 0.03125 0.0265625
0 0.8609375 0.02890625 0.053125 0.0484375
0 0.88125 0.1390625 0.0390625 0.034375
0 0.78984375 0.85546875 0.0265625 0.025
0 0.7328125 0.8859375 0.034375 0.0296875
0 0.65 0.84765625 0.040625 0.0359375
0 0.6296875 0.821875 0.034375 0.03125
0 0.634375 0.95703125 0.09375 0.084375
0 0.75234375 0.725 0.03125 0.028125
0 0.4375 0.5296875 0.053125 0.0484375