0 0.5515625 0.0109375 0.0390625 0.021875
0 0.60234375 0.27890625 0.0359375 0.0265625
0 0.25 0.23046875 0.05625 0.040625
0 0.384375 0.4484375 0.1015625 0.075
0 0.6078125 0.0578125 0.125 0.09375
0 0.5640625 0.16328125 0.1921875 0.1453125
0 0.52421875 0.2484375 0.1484375 0.1109375
0 0.34375 0.0765625 0.0453125 0.034375
0 0.9625 0.1 0.040625 0.03125
0 0.0640625 0.09140625 0.128125 0.1078125
0 0.1109375 0.04921875 0.0484375 0.0359375
0 0.1234375 0.08203125 0.0515625 0.0390625
0 0.1765625 0.9265625 0.0375 0.0296875
0 0.15390625 0.62265625 0.040625 0.028125
0 0.16015625 0.55625 0.0453125 0.034375
0 0.27734375 0.5359375 0.040625 0.03125
0 0.4 0.80078125 0.0328125 0.0265625
0 0.35 0.80859375 0.2140625 0.159375
0 0.5625 0.83515625 0.0390625 0.0296875
0 0.0484375 0.428125 0.096875 0.134375
0 0.3546875 0.20703125 0.2265625 0.16875