0 0.6296875 0.015625 0.0453125 0.03125
0 0.58671875 0.01953125 0.03125 0.0296875
0 0.92578125 0.61640625 0.0703125 0.0671875
0 0.87265625 0.62109375 0.0453125 0.04375
0 0.77734375 0.75703125 0.05625 0.053125
0 0.83046875 0.47578125 0.03125 0.0296875
0 0.00234375 0.00078125 0.0015625 0.0015625
0 0.52734375 0.22578125 0.0296875 0.0296875
0 0.55390625 0.6234375 0.0515625 0.0484375
0 0.3140625 0.46015625 0.0359375 0.034375
0 0.3234375 0.8125 0.0515625 0.0484375
0 0.06484375 0.6984375 0.0265625 0.0234375
0 0.0953125 0.25234375 0.0296875 0.0265625
0 0.1078125 0.2640625 0.028125 0.0265625
0 0.02890625 0.0625 0.0453125 0.04375
0 0.1390625 0.20703125 0.034375 0.03125
0 0.23046875 0.10546875 0.03125 0.0296875
0 0.196875 0.1453125 0.0265625 0.0265625
0 0.209375 0.1265625 0.0296875 0.0265625
0 0.28359375 0.08515625 0.0265625 0.025
0 0.6984375 0.9578125 0.03125 0.0296875
0 0.3109375 0.98671875 0.03125 0.0265625
0 0.078125 0.9125 0.0390625 0.0359375
0 0.8703125 0.9625 0.0359375 0.034375
0 0.87890625 0.9328125 0.0390625 0.0359375
0 0.734375 0.9796875 0.03125 0.03125