0 0.03515625 0.359375 0.040625 0.0390625
0 0.0484375 0.3921875 0.0296875 0.0296875
0 0.0515625 0.41953125 0.025 0.025
0 0.1046875 0.49765625 0.0359375 0.0359375
0 0.19453125 0.75859375 0.0390625 0.0390625
0 0.134375 0.82421875 0.1140625 0.1140625
0 0.16015625 0.88125 0.025 0.025
0 0.2703125 0.5 0.0625 0.0609375
0 0.16484375 0.5015625 0.04375 0.04375
0 0.2484375 0.353125 0.0265625 0.0265625
0 0.42890625 0.40859375 0.040625 0.040625
0 0.39453125 0.40859375 0.040625 0.040625
0 0.40234375 0.81015625 0.0265625 0.0265625
0 0.35078125 0.73046875 0.0234375 0.025
0 0.3640625 0.803125 0.0265625 0.025
0 0.46015625 0.41796875 0.0296875 0.0296875
0 0.3171875 0.23671875 0.075 0.075
0 0.2953125 0.1765625 0.0453125 0.0453125
0 0.0171875 0.05078125 0.034375 0.04375
0 0.53984375 0.25390625 0.040625 0.040625
0 0.50859375 0.3125 0.0265625 0.0265625
0 0.45546875 0.303125 0.0484375 0.0484375
0 0.359375 0.03515625 0.0484375 0.0484375
0 0.68515625 0.15 0.034375 0.0328125
0 0.7171875 0.19375 0.0578125 0.0578125
0 0.828125 0.2796875 0.04375 0.04375
0 0.91796875 0.165625 0.0265625 0.0265625
0 0.6875 0.01171875 0.040625 0.0234375
0 0.67421875 0.0609375 0.0578125 0.0578125
0 0.634375 0.03125 0.025 0.025
0 0.11640625 0.07578125 0.0265625 0.0265625
0 0.84609375 0.74375 0.034375 0.034375
0 0.65859375 0.9 0.03125 0.03125
0 0.52421875 0.88671875 0.0234375 0.025
0 0.45546875 0.890625 0.084375 0.084375
0 0.37109375 0.6734375 0.0265625 0.0265625
0 0.25390625 0.46875 0.10625 0.10625
0 0.19609375 0.62265625 0.04375 0.04375
0 0.97265625 0.72265625 0.040625 0.040625
0 0.64296875 0.4734375 0.034375 0.034375
0 0.94453125 0.28359375 0.0359375 0.0359375
0 0.7875 0.66796875 0.04375 0.04375
0 0.8234375 0.70546875 0.0484375 0.0484375
0 0.81875 0.11796875 0.10625 0.10625
0 0.7296875 0.12265625 0.0703125 0.0671875