0 0.09375 0.29921875 0.1875 0.221875
0 0.9375 0.1265625 0.03125 0.0296875
0 0.8640625 0.1359375 0.04375 0.0359375
0 0.8390625 0.06875 0.1203125 0.103125
0 0.45546875 0.46015625 0.0296875 0.025
0 0.58515625 0.428125 0.21875 0.190625
0 0.2515625 0.14453125 0.03125 0.0296875
0 0.1140625 0.5375 0.228125 0.2984375
0 0.03984375 0.2953125 0.065625 0.0546875
0 0.08984375 0.8078125 0.0515625 0.04375
0 0.984375 0.9890625 0.03125 0.021875
0 0.79921875 0.56953125 0.16875 0.146875
0 0.28984375 0.10703125 0.0296875 0.0265625
0 0.18359375 0.06640625 0.04375 0.0359375
0 0.53359375 0.5203125 0.3765625 0.3296875