0 0.26796875 0.01953125 0.0265625 0.0265625
0 0.053125 0.01328125 0.0390625 0.0265625
0 0.915625 0.04296875 0.03125 0.03125
0 0.4625 0.3265625 0.034375 0.0328125
0 0.4234375 0.34609375 0.04375 0.04375
0 0.6234375 0.140625 0.0265625 0.0265625
0 0.11328125 0.1609375 0.034375 0.0328125
0 0.0265625 0.16015625 0.03125 0.03125
0 0.4421875 0.57421875 0.0265625 0.025
0 0.4171875 0.72109375 0.03125 0.03125
0 0.34375 0.87890625 0.0359375 0.0359375
0 0.3546875 0.94921875 0.1015625 0.0984375
0 0.1734375 0.88203125 0.0921875 0.0890625
0 0.74765625 0.9359375 0.071875 0.071875
0 0.87890625 0.6609375 0.18125 0.178125
0 0.9578125 0.7703125 0.084375 0.084375
0 0.91953125 0.81953125 0.0359375 0.0359375
0 0.865625 0.79296875 0.1375 0.134375
0 0.0015625 0.0015625 0.003125 0.003125