0 0.3140625 0.37265625 0.2984375 0.2640625
0 0.2046875 0.0875 0.33125 0.175
0 0.3546875 0.8765625 0.065625 0.0578125
0 0.5015625 0.88671875 0.10625 0.09375
0 0.5 0.771875 0.0484375 0.04375
0 0.3703125 0.6875 0.075 0.065625
0 0.30625 0.66328125 0.0578125 0.0515625
0 0.1109375 0.85546875 0.221875 0.221875
0 0.709375 0.975 0.034375 0.03125
0 0.77890625 0.86328125 0.040625 0.0359375
0 0.6234375 0.94375 0.03125 0.0296875
0 0.98671875 0.7703125 0.0265625 0.0234375
0 0.96015625 0.728125 0.0625 0.05625
0 0.75703125 0.75390625 0.1875 0.165625
0 0.79453125 0.67421875 0.028125 0.0265625
0 0.92578125 0.67421875 0.034375 0.03125
0 0.553125 0.75625 0.065625 0.0578125
0 0.49296875 0.71640625 0.11875 0.103125
0 0.5828125 0.70546875 0.0625 0.05625
0 0.9046875 0.82421875 0.1453125 0.128125
0 0.85546875 0.93359375 0.03125 0.0296875
0 0.7296875 0.90859375 0.103125 0.0921875
0 0.85546875 0.6625 0.0828125 0.071875
0 0.7765625 0.61640625 0.0859375 0.0765625
0 0.74375 0.5796875 0.03125 0.0265625
0 0.703125 0.5875 0.03125 0.028125
0 0.91484375 0.540625 0.0828125 0.071875
0 0.8109375 0.40625 0.1546875 0.134375
0 0.90234375 0.41328125 0.04375 0.0390625
0 0.96171875 0.37890625 0.0765625 0.0703125
0 0.96875 0.1359375 0.0625 0.0625
0 0.00234375 0.00078125 0.0015625 0.0015625
0 0.7359375 0.21875 0.0765625 0.0671875
0 0.68046875 0.30078125 0.121875 0.1078125
0 0.62890625 0.2390625 0.16875 0.146875
0 0.5375 0.3171875 0.0875 0.0765625
0 0.584375 0.3921875 0.15 0.1328125
0 0.5421875 0.52421875 0.1484375 0.1328125
0 0.47734375 0.4375 0.0296875 0.025
0 0.2828125 0.54296875 0.0390625 0.0359375
0 0.7796875 0.11796875 0.028125 0.0265625
0 0.796875 0.15234375 0.05625 0.0484375
0 0.80625 0.03515625 0.034375 0.0296875
0 0.0265625 0.11328125 0.053125 0.0765625
0 0.06015625 0.05078125 0.1203125 0.1015625
0 0.60546875 0.0171875 0.04375 0.034375
0 0.646875 0.05625 0.053125 0.0484375
0 0.87265625 0.1421875 0.0609375 0.053125
0 0.8734375 0.09375 0.0359375 0.03125