0 0.0015625 0.00234375 0.003125 0.003125
0 0.88671875 0.9328125 0.025 0.025
0 0.01328125 0.4890625 0.0265625 0.0265625
0 0.08515625 0.33671875 0.0296875 0.0296875
0 0.1109375 0.5046875 0.0265625 0.0234375
0 0.4078125 0.45546875 0.0265625 0.025
0 0.4046875 0.62265625 0.0453125 0.0453125
0 0.4109375 0.665625 0.034375 0.03125
0 0.3546875 0.64765625 0.0234375 0.0234375
0 0.3859375 0.7328125 0.04375 0.04375
0 0.31640625 0.759375 0.025 0.025
0 0.334375 0.96015625 0.0484375 0.0453125
0 0.23828125 0.74140625 0.034375 0.034375
0 0.18359375 0.7328125 0.0265625 0.025
0 0.1890625 0.6046875 0.0265625 0.0234375
0 0.1578125 0.8265625 0.0265625 0.0265625
0 0.48046875 0.821875 0.0453125 0.0453125
0 0.5875 0.884375 0.05625 0.05625
0 0.47265625 0.921875 0.0671875 0.065625
0 0.74296875 0.759375 0.0265625 0.025
0 0.81015625 0.984375 0.03125 0.0296875
0 0.69453125 0.7234375 0.071875 0.0703125
0 0.6 0.546875 0.0359375 0.0359375
0 0.41953125 0.2671875 0.0359375 0.0328125
0 0.171875 0.334375 0.0875 0.084375
0 0.01953125 0.228125 0.03125 0.03125
0 0.94140625 0.32109375 0.071875 0.0703125
0 0.98515625 0.29765625 0.0296875 0.0328125
0 0.76171875 0.303125 0.04375 0.040625
0 0.90390625 0.44921875 0.040625 0.0390625
0 0.96171875 0.21015625 0.0296875 0.0265625
0 0.84375 0.16484375 0.0359375 0.0359375
0 0.81015625 0.1765625 0.0390625 0.0359375
0 0.63671875 0.07421875 0.0359375 0.034375
0 0.05546875 0.08203125 0.0265625 0.0265625
0 0.05078125 0.109375 0.034375 0.034375
0 0.6921875 0.7984375 0.10625 0.1015625