0 0.5625 0.1 0.24375 0.2
0 0.83046875 0.01796875 0.0578125 0.0359375
0 0.82109375 0.1703125 0.0296875 0.0296875
0 0.9796875 0.0921875 0.040625 0.04375
0 0.890625 0.2015625 0.025 0.025
0 0.790625 0.178125 0.028125 0.0296875
0 0.7046875 0.196875 0.0703125 0.0703125
0 0.27421875 0.12265625 0.0265625 0.0265625
0 0.1 0.0734375 0.053125 0.053125
0 0.1359375 0.13203125 0.0484375 0.0484375
0 0.03828125 0.13828125 0.0765625 0.0890625
0 0.2671875 0.16484375 0.0296875 0.0296875
0 0.2859375 0.27890625 0.0765625 0.075
0 0.3015625 0.390625 0.053125 0.053125
0 0.05546875 0.540625 0.034375 0.034375
0 0.02265625 0.64921875 0.0453125 0.0578125
0 0.0734375 0.7640625 0.03125 0.03125
0 0.06953125 0.79453125 0.0390625 0.0359375
0 0.025 0.8421875 0.05 0.0625
0 0.1140625 0.984375 0.0265625 0.0265625
0 0.17890625 0.85234375 0.053125 0.053125
0 0.20078125 0.82578125 0.034375 0.034375
0 0.22265625 0.796875 0.04375 0.04375
0 0.2234375 0.7640625 0.03125 0.03125
0 0.23828125 0.7015625 0.0453125 0.0453125
0 0.1734375 0.6859375 0.03125 0.03125
0 0.1890625 0.7703125 0.0359375 0.0359375
0 0.15390625 0.90390625 0.0296875 0.0265625
0 0.2296875 0.86328125 0.0296875 0.0296875
0 0.25 0.78359375 0.0265625 0.0265625
0 0.3125 0.79296875 0.0390625 0.0390625
0 0.33984375 0.81484375 0.03125 0.03125
0 0.35078125 0.7859375 0.034375 0.034375
0 0.478125 0.678125 0.0265625 0.0265625
0 0.44921875 0.7015625 0.0796875 0.0796875
0 0.16015625 0.51953125 0.1703125 0.1703125
0 0.43515625 0.58515625 0.0265625 0.0265625
0 0.5109375 0.5375 0.040625 0.040625
0 0.61328125 0.728125 0.0390625 0.0390625
0 0.58984375 0.76796875 0.0296875 0.028125
0 0.74765625 0.6890625 0.1609375 0.1609375
0 0.74140625 0.81484375 0.2578125 0.2546875
0 0.00234375 0.00234375 0.0015625 0.0015625
0 0.94140625 0.928125 0.040625 0.040625
0 0.73828125 0.98203125 0.03125 0.03125
0 0.55625 0.99140625 0.0265625 0.0171875
0 0.5109375 0.96640625 0.0359375 0.0359375
0 0.56015625 0.85703125 0.034375 0.034375
0 0.5515625 0.81875 0.0265625 0.0265625
0 0.40625 0.8140625 0.0359375 0.0359375
0 0.37109375 0.82421875 0.03125 0.03125
0 0.9109375 0.55546875 0.040625 0.0390625
0 0.96171875 0.640625 0.025 0.025
0 0.9890625 0.5296875 0.021875 0.025
0 0.96875 0.396875 0.0625 0.065625
0 0.959375 0.3640625 0.03125 0.03125
0 0.96015625 0.321875 0.025 0.0234375
0 0.49375 0.90625 0.1421875 0.1421875
0 0.115625 0.01328125 0.0484375 0.0265625
0 0.14453125 0.053125 0.0296875 0.0296875
0 0.25234375 0.75 0.0296875 0.0296875
0 0.165625 0.32734375 0.33125 0.3734375
0 0.021875 0.9203125 0.04375 0.04375