0 0.53359375 0.053125 0.0484375 0.0390625
0 0.42421875 0.0140625 0.0359375 0.0265625
0 0.5203125 0.0875 0.040625 0.03125
0 0.4078125 0.2203125 0.03125 0.025
0 0.56875 0.1546875 0.0484375 0.0390625
0 0.24140625 0.08203125 0.053125 0.04375
0 0.0296875 0.09765625 0.0453125 0.0359375
0 0.2515625 0.68359375 0.0453125 0.034375
0 0.04921875 0.5328125 0.040625 0.03125
0 0.1296875 0.4859375 0.0375 0.03125
0 0.1609375 0.5875 0.0578125 0.0453125
0 0.146875 0.62734375 0.0359375 0.028125
0 0.03359375 0.3265625 0.0671875 0.053125
0 0.18125 0.3578125 0.1515625 0.11875
0 0.3140625 0.3265625 0.03125 0.0234375
0 0.396875 0.1734375 0.03125 0.025
0 0.5875 0.81875 0.04375 0.034375
0 0.54296875 0.865625 0.0578125 0.04375
0 0.6765625 0.84375 0.059375 0.0484375
0 0.75625 0.84765625 0.053125 0.040625
0 0.7828125 0.49765625 0.04375 0.034375
0 0.89921875 0.40390625 0.0390625 0.0296875
0 0.490625 0.2171875 0.040625 0.03125
0 0.49375 0.25703125 0.0515625 0.040625