0 0.0015625 0.00234375 0.003125 0.0046875
0 0.053125 0.54453125 0.0296875 0.025
0 0.28125 0.834375 0.053125 0.0484375
0 0.48671875 0.99296875 0.0265625 0.0140625
0 0.12109375 0.95546875 0.0796875 0.0703125
0 0.23203125 0.8796875 0.09375 0.0828125
0 0.28125 0.4640625 0.034375 0.03125
0 0.290625 0.68984375 0.115625 0.1015625
0 0.34375 0.3453125 0.0296875 0.0234375
0 0.3140625 0.25234375 0.03125 0.0265625
0 0.90625 0.69921875 0.1453125 0.128125
0 0.52734375 0.4625 0.0296875 0.0265625
0 0.3546875 0.41015625 0.0359375 0.03125
0 0.63125 0.6453125 0.034375 0.028125