0 0.38125 0.99140625 0.0296875 0.0171875
0 0.6453125 0.9390625 0.040625 0.0359375
0 0.896875 0.85 0.0359375 0.034375
0 0.92890625 0.946875 0.04375 0.0390625
0 0.88203125 0.98046875 0.03125 0.0265625
0 0.875 0.95703125 0.03125 0.0296875
0 0.71640625 0.94609375 0.0265625 0.025
0 0.00078125 0.00234375 0.0015625 0.0015625
0 0.41015625 0.8109375 0.04375 0.040625
0 0.4328125 0.74296875 0.03125 0.028125
0 0.40234375 0.6890625 0.03125 0.028125
0 0.2546875 0.61796875 0.0765625 0.0703125
0 0.35703125 0.571875 0.0328125 0.03125
0 0.31640625 0.4734375 0.0671875 0.0609375
0 0.509375 0.5890625 0.040625 0.0390625
0 0.6703125 0.67421875 0.04375 0.0390625
0 0.67421875 0.703125 0.03125 0.0296875
0 0.6203125 0.66328125 0.0453125 0.040625
0 0.578125 0.75703125 0.0390625 0.0359375
0 0.525 0.6890625 0.0671875 0.0625
0 0.22109375 0.73671875 0.04375 0.0390625
0 0.19375 0.75 0.0265625 0.025
0 0.1390625 0.759375 0.0796875 0.071875
0 0.109375 0.8171875 0.04375 0.0390625
0 0.109375 0.69140625 0.0359375 0.034375
0 0.13671875 0.53828125 0.0765625 0.0703125
0 0.2703125 0.678125 0.04375 0.0390625
0 0.021875 0.61328125 0.04375 0.0703125
0 0.18359375 0.46171875 0.0296875 0.0265625
0 0.13359375 0.4421875 0.034375 0.03125
0 0.178125 0.3734375 0.03125 0.0265625
0 0.46875 0.40234375 0.2390625 0.2171875
0 0.48671875 0.2859375 0.028125 0.0265625
0 0.70078125 0.33984375 0.0796875 0.071875
0 0.6609375 0.3390625 0.190625 0.1703125
0 0.64765625 0.5921875 0.0671875 0.059375
0 0.82421875 0.80546875 0.0515625 0.0453125
0 0.89921875 0.69375 0.0359375 0.03125
0 0.7484375 0.5578125 0.0453125 0.040625
0 0.3375 0.6234375 0.0625 0.0578125
0 0.98203125 0.84375 0.034375 0.0296875
0 0.83203125 0.7703125 0.040625 0.0390625
0 0.8375 0.7234375 0.0578125 0.0515625
0 0.9640625 0.73828125 0.0515625 0.0453125
0 0.87109375 0.51953125 0.0296875 0.0265625
0 0.86796875 0.3953125 0.0578125 0.053125
0 0.9828125 0.334375 0.034375 0.0328125
0 0.92890625 0.328125 0.1421875 0.134375
0 0.828125 0.25703125 0.1375 0.1234375
0 0.73203125 0.20078125 0.090625 0.0828125
0 0.8609375 0.0578125 0.0359375 0.03125
0 0.87265625 0.015625 0.0296875 0.0265625
0 0.74296875 0.10546875 0.034375 0.03125
0 0.2140625 0.03359375 0.0390625 0.0359375
0 0.18984375 0.05078125 0.040625 0.0359375
0 0.2296875 0.15234375 0.040625 0.0359375
0 0.2671875 0.103125 0.0296875 0.025
0 0.30625 0.0515625 0.0296875 0.0265625
0 0.2828125 0.0796875 0.03125 0.028125
0 0.10234375 0.21484375 0.0359375 0.03125
0 0.07421875 0.24609375 0.034375 0.03125
0 0.12109375 0.15 0.03125 0.0296875
0 0.32421875 0.6828125 0.1703125 0.15625
0 0.7515625 0.43359375 0.2859375 0.259375