0 0.25703125 0.06484375 0.159375 0.1296875
0 0.16484375 0.06875 0.03125 0.028125
0 0.9421875 0.9375 0.03125 0.03125
0 0.821875 0.48203125 0.0484375 0.0484375
0 0.8078125 0.5515625 0.0578125 0.0546875
0 0.73828125 0.984375 0.034375 0.03125
0 0.728125 0.23046875 0.0265625 0.0265625
0 0.49375 0.7390625 0.3140625 0.3109375
0 0.44375 0.40390625 0.034375 0.0328125
0 0.33671875 0.4109375 0.03125 0.03125
0 0.25390625 0.4484375 0.03125 0.03125
0 0.29453125 0.3109375 0.0328125 0.03125
0 0.1828125 0.24765625 0.0359375 0.034375
0 0.19453125 0.821875 0.0453125 0.0453125
0 0.05390625 0.7015625 0.0765625 0.075
0 0.16015625 0.97578125 0.0390625 0.0390625
0 0.3734375 0.3265625 0.0328125 0.03125
0 0.015625 0.4734375 0.03125 0.0515625