0 0.1390625 0.4515625 0.0265625 0.0265625
0 0.6703125 0.65 0.034375 0.034375
0 0.58046875 0.2640625 0.075 0.071875
0 0.26796875 0.05859375 0.0359375 0.034375
0 0.22734375 0.1296875 0.0484375 0.0484375
0 0.18359375 0.01953125 0.04375 0.0390625
0 0.36484375 0.009375 0.0265625 0.01875
0 0.3375 0.0984375 0.0328125 0.03125
0 0.45546875 0.08203125 0.0359375 0.034375
0 0.41484375 0.084375 0.03125 0.03125
0 0.9390625 0.984375 0.0265625 0.0265625
0 0.90390625 0.98203125 0.040625 0.0359375
0 0.4703125 0.928125 0.0265625 0.0265625
0 0.93359375 0.66484375 0.03125 0.03125
0 0.14296875 0.87734375 0.025 0.025
0 0.0171875 0.8734375 0.0265625 0.0265625
0 0.0609375 0.9015625 0.025 0.025
0 0.10546875 0.84765625 0.034375 0.034375