0 0.84375 0.790625 0.03125 0.028125
0 0.9796875 0.7171875 0.03125 0.0265625
0 0.96171875 0.7125 0.034375 0.028125
0 0.1578125 0.5828125 0.04375 0.0390625
0 0.97578125 0.23203125 0.0296875 0.0265625
0 0.9234375 0.11796875 0.0359375 0.03125
0 0.884375 0.15390625 0.0296875 0.0265625
0 0.44453125 0.49140625 0.0515625 0.04375
0 0.38359375 0.5734375 0.125 0.1078125
0 0.9109375 0.609375 0.0296875 0.025
0 0.984375 0.8015625 0.0296875 0.0265625
0 0.9265625 0.3734375 0.0484375 0.04375
0 0.9234375 0.4125 0.03125 0.0296875
0 0.884375 0.42421875 0.03125 0.0265625
0 0.2015625 0.39296875 0.040625 0.0359375
0 0.0578125 0.41328125 0.04375 0.0390625