0 0.4484375 0.96640625 0.0359375 0.0265625
0 0.59140625 0.9015625 0.034375 0.025
0 0.68125 0.94453125 0.034375 0.0265625
0 0.8296875 0.959375 0.0453125 0.0359375
0 0.81875 0.9328125 0.0765625 0.0609375
0 0.290625 0.890625 0.196875 0.1515625
0 0.11875 0.95546875 0.103125 0.0796875
0 0.22578125 0.8703125 0.0546875 0.04375
0 0.21484375 0.91484375 0.1140625 0.0875
0 0.8796875 0.91953125 0.0515625 0.0390625
0 0.85234375 0.80625 0.103125 0.0796875
0 0.828125 0.7484375 0.0515625 0.0390625
0 0.88671875 0.6109375 0.0703125 0.053125
0 0.75625 0.453125 0.04375 0.034375
0 0.8703125 0.353125 0.0484375 0.0390625
0 0.86171875 0.31875 0.040625 0.03125
0 0.86171875 0.2859375 0.034375 0.0234375
0 0.78828125 0.2234375 0.0828125 0.0625
0 0.91328125 0.2140625 0.04375 0.034375
0 0.6234375 0.303125 0.0875 0.0640625
0 0.5109375 0.3578125 0.075 0.0578125
0 0.546875 0.4953125 0.084375 0.0625
0 0.603125 0.70546875 0.03125 0.025
0 0.76953125 0.0203125 0.065625 0.040625
0 0.88671875 0.025 0.04375 0.034375
0 0.7703125 0.140625 0.1140625 0.084375
0 0.65390625 0.1421875 0.0828125 0.0625
0 0.6703125 0.0890625 0.0796875 0.0609375
0 0.6984375 0.0515625 0.0484375 0.0359375
0 0.72265625 0.015625 0.0515625 0.03125
0 0.90859375 0.17578125 0.084375 0.0625
0 0.00234375 0.00078125 0.0015625 0.0015625
0 0.61328125 0.3796875 0.1453125 0.1109375
0 0.50703125 0.63359375 0.2046875 0.15625
0 0.38359375 0.41328125 0.04375 0.03125
0 0.43984375 0.396875 0.1734375 0.1328125
0 0.39453125 0.28359375 0.040625 0.03125
0 0.27421875 0.31015625 0.0984375 0.075
0 0.2328125 0.3578125 0.0578125 0.04375
0 0.2390625 0.4125 0.053125 0.040625
0 0.32578125 0.5609375 0.071875 0.05625
0 0.35 0.72578125 0.03125 0.0234375
0 0.12734375 0.49765625 0.0578125 0.04375
0 0.3390625 0.475 0.0796875 0.059375
0 0.209375 0.078125 0.0484375 0.0359375
0 0.21484375 0.04453125 0.04375 0.034375
0 0.1953125 0.025 0.084375 0.05
0 0.1578125 0.021875 0.0609375 0.04375
0 0.12109375 0.02890625 0.0390625 0.0296875
0 0.41484375 0.06015625 0.0390625 0.0296875
0 0.41484375 0.1359375 0.0390625 0.0296875
0 0.609375 0.5625 0.2953125 0.2265625
0 0.7390625 0.821875 0.396875 0.30625
0 0.31015625 0.71484375 0.0546875 0.04375
0 0.1109375 0.56875 0.1875 0.1453125
0 0.3921875 0.64296875 0.0765625 0.0578125
0 0.415625 0.8171875 0.1203125 0.0921875
0 0.5015625 0.7921875 0.0609375 0.0453125
0 0.49375 0.7515625 0.1203125 0.09375