0 0.19453125 0.09609375 0.0703125 0.0703125
0 0.0828125 0.2046875 0.0671875 0.0671875
0 0.02890625 0.334375 0.0453125 0.0453125
0 0.2203125 0.20703125 0.2171875 0.2171875
0 0.17578125 0.40390625 0.0625 0.0625
0 0.15234375 0.4828125 0.09375 0.09375
0 0.15859375 0.540625 0.0890625 0.0890625
0 0.1140625 0.58984375 0.034375 0.034375
0 0.11171875 0.56875 0.034375 0.034375
0 0.02421875 0.44140625 0.0296875 0.0296875
0 0.0640625 0.4984375 0.0265625 0.0265625
0 0.02265625 0.60234375 0.034375 0.034375
0 0.03515625 0.62109375 0.0265625 0.0265625
0 0.4125 0.6890625 0.0515625 0.0515625
0 0.3921875 0.6625 0.0359375 0.0359375
0 0.28828125 0.6453125 0.0234375 0.0234375
0 0.3109375 0.75390625 0.0328125 0.034375
0 0.2171875 0.7828125 0.025 0.025
0 0.09140625 0.78515625 0.0296875 0.0296875
0 0.01171875 0.73203125 0.0234375 0.0265625
0 0.51328125 0.53984375 0.040625 0.040625
0 0.4578125 0.52265625 0.0390625 0.0390625
0 0.459375 0.48046875 0.0359375 0.0359375
0 0.515625 0.4578125 0.0265625 0.0265625
0 0.2953125 0.30625 0.0359375 0.0359375
0 0.43046875 0.38359375 0.03125 0.03125
0 0.63203125 0.4890625 0.0390625 0.0390625
0 0.490625 0.6046875 0.0359375 0.0359375
0 0.54296875 0.7203125 0.040625 0.040625
0 0.865625 0.78359375 0.03125 0.03125
0 0.7140625 0.68359375 0.040625 0.040625
0 0.771875 0.66796875 0.0765625 0.0765625
0 0.96015625 0.56875 0.0390625 0.0390625
0 0.93359375 0.61640625 0.115625 0.115625
0 0.7453125 0.50234375 0.034375 0.034375
0 0.60703125 0.38671875 0.1109375 0.1109375
0 0.4515625 0.265625 0.0625 0.0625
0 0.365625 0.265625 0.1234375 0.1234375
0 0.33515625 0.41796875 0.0296875 0.0296875
0 0.38203125 0.06875 0.053125 0.053125
0 0.4203125 0.1921875 0.0390625 0.0375
0 0.4421875 0.0625 0.0390625 0.0390625
0 0.6875 0.02421875 0.0453125 0.0453125
0 0.678125 0.08515625 0.034375 0.034375
0 0.77265625 0.18359375 0.03125 0.03125
0 0.88203125 0.38203125 0.040625 0.040625
0 0.4046875 0.56015625 0.05625 0.05625
0 0.4890625 0.353125 0.0265625 0.0265625
0 0.3734375 0.4984375 0.4953125 0.4953125
0 0.82109375 0.0890625 0.2265625 0.178125
0 0.81015625 0.19375 0.0390625 0.0390625
0 0.64765625 0.67421875 0.04375 0.04375
0 0.8859375 0.2515625 0.0515625 0.0515625
0 0.7859375 0.2765625 0.0390625 0.0390625
0 0.834375 0.33203125 0.0390625 0.0390625
0 0.9 0.33515625 0.040625 0.040625
0 0.96171875 0.22578125 0.0359375 0.0359375
0 0.94375 0.275 0.03125 0.03125
0 0.93515625 0.3140625 0.034375 0.0328125
0 0.94921875 0.12890625 0.040625 0.040625
0 0.9234375 0.91953125 0.03125 0.03125
0 0.7359375 0.9234375 0.028125 0.0296875
0 0.41484375 0.9390625 0.0484375 0.0484375
0 0.1671875 0.94140625 0.040625 0.040625
0 0.1875 0.98203125 0.040625 0.0359375
0 0.56484375 0.98984375 0.0265625 0.0203125
0 0.38125 0.77265625 0.0578125 0.0578125
0 0.78828125 0.90234375 0.0453125 0.0453125
0 0.0953125 0.9328125 0.03125 0.03125
0 0.415625 0.96484375 0.0703125 0.0703125
0 0.3140625 0.06015625 0.1734375 0.1203125
0 0.2140625 0.02265625 0.0484375 0.0453125
0 0.084375 0.83984375 0.0375 0.0390625
0 0.0328125 0.8578125 0.065625 0.128125
0 0.7046875 0.3609375 0.0671875 0.0671875
0 0.95546875 0.2484375 0.0296875 0.0296875
0 0.89453125 0.72734375 0.025 0.0234375
0 0.915625 0.46484375 0.0484375 0.0484375
0 0.90390625 0.50390625 0.0578125 0.0578125
0 0.90859375 0.66796875 0.0390625 0.0390625
0 0.7546875 0.459375 0.0890625 0.0890625
0 0.36796875 0.85234375 0.0234375 0.025