0 0.1921875 0.384375 0.0375 0.03125
0 0.18359375 0.41484375 0.034375 0.0265625
0 0.3484375 0.546875 0.0359375 0.0296875
0 0.5359375 0.52421875 0.0578125 0.0484375
0 0.3734375 0.6625 0.0625 0.0515625
0 0.3375 0.6984375 0.03125 0.0234375
0 0.67421875 0.87265625 0.125 0.1015625
0 0.7828125 0.8265625 0.1078125 0.0890625
0 0.9828125 0.671875 0.034375 0.034375
0 0.8796875 0.6546875 0.0515625 0.040625
0 0.84609375 0.5921875 0.034375 0.0265625
0 0.4796875 0.4046875 0.146875 0.1203125
0 0.46640625 0.4828125 0.115625 0.096875
0 0.24765625 0.040625 0.034375 0.0265625
0 0.30546875 0.1609375 0.03125 0.0265625
0 0.26953125 0.23203125 0.034375 0.0296875
0 0.7078125 0.31953125 0.03125 0.0265625
0 0.696875 0.33984375 0.04375 0.0359375
0 0.8421875 0.415625 0.11875 0.0953125
0 0.740625 0.4421875 0.0453125 0.0390625
0 0.69375 0.3390625 0.15 0.1234375
0 0.58515625 0.29921875 0.0765625 0.0625
0 0.8484375 0.23671875 0.040625 0.034375
0 0.1359375 0.25859375 0.0359375 0.03125