0 0.7078125 0.3921875 0.3109375 0.2796875
0 0.328125 0.1265625 0.365625 0.2515625
0 0.25625 0.859375 0.0359375 0.034375
0 0.134375 0.98046875 0.0453125 0.0390625
0 0.23046875 0.80078125 0.040625 0.0390625
0 0.25 0.7546875 0.03125 0.028125
0 0.04453125 0.6109375 0.0484375 0.04375
0 0.35078125 0.7359375 0.0921875 0.084375
0 0.4046875 0.6875 0.0671875 0.0609375
0 0.28984375 0.65625 0.034375 0.0296875
0 0.18359375 0.571875 0.0296875 0.0265625
0 0.21484375 0.48828125 0.034375 0.03125
0 0.35078125 0.4359375 0.0390625 0.0359375
0 0.3296875 0.45546875 0.0484375 0.04375
0 0.42890625 0.73203125 0.0484375 0.04375
0 0.5296875 0.9203125 0.084375 0.0765625
0 0.55078125 0.8765625 0.034375 0.03125
0 0.475 0.890625 0.040625 0.0390625
0 0.56484375 0.790625 0.040625 0.0390625
0 0.5375 0.81484375 0.0359375 0.034375
0 0.49296875 0.85 0.0828125 0.075
0 0.10703125 0.740625 0.2140625 0.259375
0 0.16328125 0.6609375 0.053125 0.0484375
0 0.3796875 0.33671875 0.165625 0.15
0 0.43125 0.334375 0.0609375 0.0546875
0 0.56484375 0.459375 0.0359375 0.03125
0 0.5890625 0.55390625 0.028125 0.0265625
0 0.2875 0.62109375 0.03125 0.0296875
0 0.3109375 0.9859375 0.0265625 0.025
0 0.4984375 0.7828125 0.03125 0.028125
0 0.63359375 0.6859375 0.028125 0.0265625
0 0.86875 0.8703125 0.084375 0.0765625
0 0.9359375 0.9234375 0.115625 0.10625
0 0.63203125 0.97109375 0.0453125 0.040625
0 0.9796875 0.790625 0.040625 0.0453125
0 0.790625 0.8796875 0.053125 0.0484375
0 0.5921875 0.86328125 0.034375 0.03125
0 0.56953125 0.83671875 0.0453125 0.040625
0 0.6859375 0.6203125 0.034375 0.028125
0 0.5921875 0.6234375 0.034375 0.028125
0 0.978125 0.61875 0.04375 0.040625
0 0.9234375 0.59609375 0.0828125 0.075
0 0.93125 0.5421875 0.0296875 0.0265625
0 0.72109375 0.67890625 0.059375 0.053125
0 0.81640625 0.81484375 0.034375 0.03125
0 0.58203125 0.69375 0.03125 0.028125
0 0.86875 0.69453125 0.16875 0.1515625
0 0.90390625 0.5328125 0.1921875 0.1765625
0 0.00234375 0.00078125 0.0015625 0.0015625
0 0.84375 0.25 0.0703125 0.0625
0 0.703125 0.2359375 0.0453125 0.04375
0 0.58515625 0.31875 0.03125 0.0265625
0 0.4984375 0.33515625 0.11875 0.10625
0 0.4578125 0.709375 0.0296875 0.0265625
0 0.4015625 0.775 0.0453125 0.040625
0 0.58515625 0.7296875 0.059375 0.0546875
0 0.91015625 0.19140625 0.0296875 0.0265625
0 0.6984375 0.06875 0.03125 0.028125
0 0.65 0.04296875 0.028125 0.0265625
0 0.5265625 0.06640625 0.04375 0.040625
0 0.54296875 0.11640625 0.0609375 0.0546875
0 0.484375 0.19453125 0.065625 0.0578125
0 0.39921875 0.10078125 0.040625 0.0390625
0 0.19375 0.2234375 0.090625 0.0828125
0 0.47265625 0.08671875 0.0984375 0.0890625
0 0.10078125 0.11875 0.0546875 0.0515625
0 0.02421875 0.25625 0.0453125 0.040625
0 0.0734375 0.02734375 0.034375 0.0296875
0 0.04453125 0.03515625 0.0390625 0.034375
0 0.05390625 0.0671875 0.040625 0.0359375
0 0.07421875 0.0984375 0.0296875 0.0265625