0 0.65234375 0.4390625 0.075 0.05625
0 0.49765625 0.38359375 0.0390625 0.0296875
0 0.44609375 0.37109375 0.0484375 0.0359375
0 0.4484375 0.4484375 0.04375 0.03125
0 0.35546875 0.303125 0.0390625 0.0296875
0 0.29453125 0.2484375 0.053125 0.0390625
0 0.24609375 0.22578125 0.053125 0.0390625
0 0.1296875 0.240625 0.0375 0.0296875
0 0.08515625 0.2328125 0.0484375 0.0359375
0 0.02421875 0.23203125 0.04375 0.034375
0 0.15 0.103125 0.0875 0.065625
0 0.06640625 0.0734375 0.040625 0.03125
0 0.0625 0.1296875 0.040625 0.03125
0 0.08515625 0.02265625 0.040625 0.03125
0 0.2203125 0.08671875 0.0609375 0.0453125
0 0.2640625 0.1265625 0.04375 0.0328125
0 0.21640625 0.1578125 0.0359375 0.0265625
0 0.11796875 0.3234375 0.065625 0.0484375
0 0.1765625 0.34375 0.075 0.0578125
0 0.1875 0.38359375 0.04375 0.034375
0 0.15 0.40234375 0.0390625 0.0296875
0 0.02265625 0.38203125 0.040625 0.0296875
0 0.23046875 0.5109375 0.0390625 0.0296875
0 0.3078125 0.5765625 0.0578125 0.04375
0 0.3765625 0.509375 0.04375 0.034375
0 0.14921875 0.53984375 0.0515625 0.0390625
0 0.1109375 0.57109375 0.053125 0.0390625
0 0.08203125 0.53359375 0.05625 0.040625
0 0.12734375 0.50703125 0.0484375 0.0359375
0 0.0421875 0.615625 0.0453125 0.034375
0 0.23046875 0.64765625 0.084375 0.0625
0 0.3703125 0.37265625 0.0515625 0.0359375
0 0.396875 0.209375 0.04375 0.0328125
0 0.303125 0.19375 0.053125 0.040625
0 0.453125 0.08984375 0.040625 0.03125
0 0.3734375 0.0609375 0.0453125 0.034375
0 0.4859375 0.13203125 0.0359375 0.0265625
0 0.60546875 0.140625 0.04375 0.034375
0 0.5 0.27890625 0.040625 0.03125
0 0.5296875 0.26953125 0.0515625 0.0359375
0 0.57421875 0.2484375 0.034375 0.0265625
0 0.92421875 0.52890625 0.1015625 0.075
0 0.9703125 0.5375 0.04375 0.03125
0 0.8265625 0.5359375 0.0515625 0.0359375
0 0.790625 0.5328125 0.034375 0.0265625
0 0.77890625 0.509375 0.0359375 0.0265625
0 0.68515625 0.53984375 0.05625 0.040625
0 0.6890625 0.6203125 0.03125 0.0234375
0 0.67421875 0.5828125 0.0875 0.065625
0 0.63671875 0.65390625 0.065625 0.0484375
0 0.984375 0.6984375 0.03125 0.028125
0 0.61640625 0.7078125 0.040625 0.028125
0 0.70546875 0.3125 0.034375 0.025
0 0.9640625 0.24296875 0.0578125 0.04375
0 0.89921875 0.19140625 0.053125 0.0390625
0 0.83203125 0.19921875 0.040625 0.03125
0 0.7296875 0.21484375 0.0484375 0.0359375
0 0.8390625 0.259375 0.034375 0.025
0 0.865625 0.109375 0.04375 0.03125
0 0.890625 0.13125 0.0390625 0.0296875
0 0.81484375 0.1265625 0.0390625 0.0296875
0 0.74375 0.08671875 0.034375 0.0265625
0 0.91328125 0.084375 0.0359375 0.0265625
0 0.96640625 0.103125 0.04375 0.03125
0 0.94921875 0.8765625 0.040625 0.0296875
0 0.89765625 0.87265625 0.0515625 0.0359375
0 0.83203125 0.7953125 0.040625 0.0296875
0 0.74296875 0.8578125 0.0515625 0.0390625
0 0.68515625 0.8109375 0.134375 0.1015625
0 0.51328125 0.7609375 0.0796875 0.059375
0 0.571875 0.7390625 0.0359375 0.0265625
0 0.384375 0.84140625 0.04375 0.03125
0 0.33671875 0.80625 0.0359375 0.0265625
0 0.421875 0.88671875 0.0765625 0.0578125
0 0.4390625 0.94140625 0.05625 0.040625
0 0.47578125 0.92421875 0.0359375 0.0265625
0 0.50859375 0.9109375 0.0484375 0.0359375
0 0.53515625 0.90390625 0.0625 0.0453125
0 0.6734375 0.959375 0.084375 0.0625
0 0.5578125 0.953125 0.0859375 0.065625
0 0.4625 0.9890625 0.034375 0.021875
0 0.24140625 0.97734375 0.0578125 0.04375
0 0.1296875 0.8328125 0.053125 0.0390625
0 0.05390625 0.80859375 0.1078125 0.0828125
0 0.1390625 0.74375 0.0671875 0.0484375
0 0.2515625 0.7765625 0.0328125 0.0234375
0 0.2125 0.82109375 0.0359375 0.0265625
0 0.228125 0.8015625 0.0390625 0.0296875
0 0.0578125 0.38125 0.115625 0.09375
0 0.209375 0.0375 0.053125 0.0390625
0 0.55546875 0.0671875 0.04375 0.034375
0 0.71875 0.3453125 0.0515625 0.0390625
0 0.59609375 0.29296875 0.0453125 0.034375
0 0.70546875 0.20546875 0.040625 0.03125
0 0.58671875 0.55546875 0.0484375 0.0359375
0 0.2015625 0.76328125 0.0625 0.0453125
0 0.2203125 0.1921875 0.0828125 0.0625
0 0.1578125 0.43359375 0.0625 0.0453125