0 0.9359375 0.9703125 0.0359375 0.034375
0 0.9734375 0.8078125 0.053125 0.059375
0 0.68515625 0.615625 0.0453125 0.0453125
0 0.70546875 0.696875 0.0265625 0.025
0 0.875 0.7796875 0.03125 0.028125
0 0.90859375 0.80546875 0.0703125 0.0671875
0 0.6875 0.68046875 0.11875 0.115625
0 0.85234375 0.553125 0.053125 0.0515625
0 0.884375 0.53359375 0.0265625 0.025
0 0.91328125 0.5984375 0.0390625 0.0390625
0 0.88828125 0.56875 0.0265625 0.0265625
0 0.9125 0.51796875 0.03125 0.028125
0 0.96484375 0.5 0.0265625 0.025
0 0.97734375 0.46484375 0.0453125 0.0453125
0 0.8375 0.484375 0.0265625 0.0265625
0 0.62109375 0.540625 0.0296875 0.0265625
0 0.5015625 0.553125 0.0359375 0.034375
0 0.50234375 0.48671875 0.034375 0.03125
0 0.68515625 0.553125 0.053125 0.0515625
0 0.734375 0.415625 0.0359375 0.0328125
0 0.77734375 0.49609375 0.134375 0.1296875
0 0.90625 0.37109375 0.040625 0.040625
0 0.9875 0.384375 0.025 0.03125
0 0.8578125 0.3796875 0.03125 0.03125
0 0.71484375 0.35 0.0578125 0.0546875
0 0.6765625 0.3390625 0.028125 0.0265625
0 0.609375 0.36328125 0.040625 0.0390625
0 0.21640625 0.98984375 0.0265625 0.0203125
0 0.1078125 0.96640625 0.04375 0.04375
0 0.13828125 0.91484375 0.04375 0.04375
0 0.2765625 0.865625 0.0296875 0.0265625
0 0.290625 0.83203125 0.0265625 0.025
0 0.1578125 0.634375 0.0296875 0.028125
0 0.0671875 0.6234375 0.0828125 0.0796875
0 0.3265625 0.6265625 0.0578125 0.05625
0 0.24140625 0.69375 0.0390625 0.0359375
0 0.0375 0.73828125 0.04375 0.04375
0 0.08203125 0.71484375 0.03125 0.0296875
0 0.2359375 0.5 0.0296875 0.0296875
0 0.28359375 0.3640625 0.0359375 0.034375
0 0.16796875 0.34765625 0.034375 0.03125
0 0.2328125 0.3171875 0.0265625 0.0234375
0 0.02265625 0.22734375 0.0453125 0.0828125
0 0.1578125 0.234375 0.03125 0.0296875
0 0.2921875 0.2765625 0.0296875 0.0296875
0 0.55390625 0.30390625 0.028125 0.0265625
0 0.865625 0.071875 0.10625 0.1015625
0 0.7546875 0.19453125 0.071875 0.0703125
0 0.7765625 0.0359375 0.103125 0.071875