0 0.88828125 0.04296875 0.053125 0.040625
0 0.65859375 0.296875 0.240625 0.1828125
0 0.7203125 0.4859375 0.075 0.05625
0 0.64765625 0.5203125 0.0625 0.0484375
0 0.64765625 0.55390625 0.0796875 0.059375
0 0.6 0.703125 0.0453125 0.034375
0 0.8421875 0.453125 0.03125 0.025
0 0.40390625 0.321875 0.0515625 0.0390625
0 0.25390625 0.4046875 0.071875 0.05625
0 0.04921875 0.6078125 0.0515625 0.0390625
0 0.22109375 0.67421875 0.0515625 0.0390625
0 0.18984375 0.91328125 0.0453125 0.034375
0 0.64296875 0.85 0.0359375 0.0265625
0 0.490625 0.48671875 0.034375 0.025
0 0.578125 0.58671875 0.0359375 0.0265625