0 0.28125 0.02890625 0.09375 0.0578125
0 0.26328125 0.05546875 0.0234375 0.025
0 0.29453125 0.17421875 0.084375 0.0828125
0 0.2125 0.14453125 0.03125 0.03125
0 0.56328125 0.01171875 0.0421875 0.0234375
0 0.54921875 0.10234375 0.0265625 0.0265625
0 0.94921875 0.24765625 0.0265625 0.0265625
0 0.6984375 0.1265625 0.03125 0.03125
0 0.64453125 0.046875 0.0390625 0.0390625
0 0.61328125 0.21484375 0.034375 0.034375
0 0.55546875 0.2703125 0.034375 0.034375
0 0.55078125 0.33046875 0.0453125 0.0453125
0 0.6546875 0.33984375 0.0484375 0.0453125
0 0.83984375 0.515625 0.0578125 0.0578125
0 0.87890625 0.71640625 0.0484375 0.0484375
0 0.8265625 0.71171875 0.034375 0.034375
0 0.93125 0.79453125 0.0296875 0.028125
0 0.58046875 0.6828125 0.0484375 0.0453125
0 0.6234375 0.70546875 0.028125 0.028125
0 0.603125 0.6515625 0.0265625 0.0265625
0 0.625 0.634375 0.03125 0.028125
0 0.59765625 0.53359375 0.025 0.025
0 0.7328125 0.60234375 0.0515625 0.0515625
0 0.51953125 0.24375 0.0390625 0.0390625
0 0.484375 0.421875 0.034375 0.034375
0 0.39921875 0.37109375 0.0265625 0.0265625
0 0.33046875 0.25234375 0.0296875 0.0296875
0 0.3015625 0.28515625 0.0296875 0.0265625
0 0.22109375 0.27421875 0.0484375 0.0453125
0 0.2234375 0.33984375 0.05625 0.05625
0 0.3921875 0.5421875 0.03125 0.03125
0 0.240625 0.55625 0.04375 0.040625
0 0.1609375 0.6390625 0.1375 0.1328125
0 0.084375 0.5640625 0.028125 0.0265625
0 0.009375 0.6 0.01875 0.0375
0 0.34609375 0.82421875 0.0359375 0.034375
0 0.31015625 0.8453125 0.0328125 0.03125
0 0.3015625 0.9125 0.0546875 0.05625
0 0.2515625 0.9375 0.040625 0.0390625
0 0.24765625 0.7859375 0.03125 0.03125
0 0.33515625 0.78515625 0.0296875 0.0265625
0 0.134375 0.85078125 0.0265625 0.0265625
0 0.0359375 0.9078125 0.071875 0.0703125
0 0.38125 0.70546875 0.03125 0.03125
0 0.3578125 0.6765625 0.0296875 0.028125
0 0.35 0.63359375 0.0296875 0.028125
0 0.171875 0.4796875 0.0265625 0.0265625
0 0.0515625 0.26328125 0.0390625 0.0390625
0 0.05546875 0.490625 0.10625 0.103125
0 0.3453125 0.5015625 0.0265625 0.025
0 0.2515625 0.9890625 0.0265625 0.021875
0 0.88359375 0.953125 0.0359375 0.034375
0 0.72734375 0.928125 0.075 0.071875
0 0.64296875 0.8265625 0.034375 0.034375
0 0.4828125 0.8859375 0.0296875 0.0265625
0 0.7546875 0.83671875 0.028125 0.0296875
0 0.7453125 0.865625 0.03125 0.03125
0 0.8859375 0.60234375 0.2109375 0.209375
0 0.83203125 0.4109375 0.053125 0.053125
0 0.8890625 0.3765625 0.0390625 0.0390625
0 0.88671875 0.43046875 0.09375 0.0921875
0 0.6671875 0.79296875 0.0359375 0.0359375
0 0.303125 0.60703125 0.03125 0.028125
0 0.31875 0.6390625 0.0453125 0.0453125
0 0.35703125 0.5375 0.0265625 0.0265625
0 0.43515625 0.6546875 0.0921875 0.0890625
0 0.26796875 0.68515625 0.0890625 0.0875
0 0.84765625 0.1625 0.0296875 0.0265625
0 0.67578125 0.225 0.096875 0.096875
0 0.74765625 0.16953125 0.0875 0.084375
0 0.74765625 0.2296875 0.0265625 0.0265625
0 0.75859375 0.27265625 0.034375 0.03125
0 0.1734375 0.2296875 0.0609375 0.0578125
0 0.3796875 0.8375 0.0265625 0.0265625
0 0.4328125 0.91015625 0.0390625 0.0390625