0 0.6109375 0.06015625 0.0984375 0.0796875
0 0.68046875 0.15625 0.0453125 0.0359375
0 0.7984375 0.26328125 0.0359375 0.0296875
0 0.92421875 0.2609375 0.0796875 0.0625
0 0.80078125 0.31875 0.0625 0.0484375
0 0.759375 0.27890625 0.0578125 0.0453125
0 0.7015625 0.33046875 0.0359375 0.0296875
0 0.640625 0.4328125 0.115625 0.0921875
0 0.57578125 0.2515625 0.10625 0.084375
0 0.64296875 0.23046875 0.04375 0.034375
0 0.4390625 0.36875 0.053125 0.04375
0 0.38671875 0.13203125 0.0390625 0.03125
0 0.2859375 0.06640625 0.0453125 0.0359375
0 0.30546875 0.03984375 0.0359375 0.0296875
0 0.49375 0.09375 0.03125 0.025
0 0.4421875 0.13203125 0.040625 0.03125
0 0.25 0.08984375 0.05625 0.04375
0 0.18046875 0.275 0.0359375 0.0296875
0 0.0359375 0.30859375 0.0578125 0.0453125
0 0.2921875 0.321875 0.04375 0.0328125
0 0.25390625 0.3609375 0.0484375 0.0390625
0 0.2171875 0.3484375 0.05625 0.04375
0 0.29921875 0.43125 0.0390625 0.0296875
0 0.015625 0.9828125 0.03125 0.0265625
0 0.0265625 0.9546875 0.0390625 0.0296875
0 0.1140625 0.86171875 0.05625 0.04375
0 0.02734375 0.8390625 0.040625 0.03125
0 0.25859375 0.7328125 0.0609375 0.0484375
0 0.22734375 0.759375 0.05625 0.04375
0 0.3234375 0.65 0.0390625 0.03125
0 0.3921875 0.74375 0.0484375 0.0390625
0 0.3796875 0.71484375 0.0453125 0.0359375
0 0.140625 0.490625 0.0984375 0.0765625
0 0.3375 0.328125 0.0359375 0.0296875
0 0.5453125 0.740625 0.0484375 0.0390625
0 0.59765625 0.859375 0.0390625 0.0296875
0 0.71015625 0.80390625 0.034375 0.0265625
0 0.8640625 0.69609375 0.034375 0.0265625
0 0.8546875 0.73046875 0.0625 0.0484375
0 0.74765625 0.63359375 0.034375 0.0265625
0 0.68046875 0.69375 0.0625 0.0484375
0 0.6234375 0.51328125 0.0984375 0.0765625
0 0.49765625 0.65390625 0.034375 0.0265625
0 0.5359375 0.571875 0.0484375 0.0390625
0 0.63671875 0.3546875 0.0921875 0.071875
0 0.7484375 0.54453125 0.04375 0.034375
0 0.66328125 0.6359375 0.090625 0.071875
0 0.81484375 0.81953125 0.065625 0.0515625