0 0.16171875 0.12109375 0.3234375 0.2421875
0 0.00234375 0.00234375 0.0046875 0.0046875
0 0.35234375 0.7609375 0.0390625 0.028125
0 0.49140625 0.69453125 0.0625 0.0484375
0 0.1109375 0.58515625 0.178125 0.1390625
0 0.453125 0.57421875 0.04375 0.034375
0 0.58515625 0.60703125 0.0546875 0.04375
0 0.603125 0.63671875 0.0359375 0.0296875
0 0.5609375 0.64296875 0.0390625 0.03125
0 0.33515625 0.5828125 0.1015625 0.0796875
0 0.334375 0.89765625 0.0640625 0.0515625
0 0.3265625 0.8328125 0.03125 0.025
0 0.42890625 0.94140625 0.05625 0.04375
0 0.2015625 0.96875 0.03125 0.025
0 0.30625 0.96875 0.040625 0.03125
0 0.39921875 0.7953125 0.034375 0.0265625
0 0.83046875 0.9 0.0796875 0.0625
0 0.90390625 0.65390625 0.096875 0.0765625
0 0.8921875 0.0953125 0.04375 0.034375
0 0.7390625 0.39921875 0.0625 0.0484375
0 0.72578125 0.103125 0.040625 0.03125
0 0.63125 0.109375 0.0359375 0.0296875
0 0.56484375 0.02421875 0.059375 0.0453125
0 0.39921875 0.0421875 0.0453125 0.0359375
0 0.2140625 0.02265625 0.0796875 0.0453125
0 0.47734375 0.2765625 0.096875 0.075
0 0.42890625 0.4796875 0.040625 0.034375
0 0.39921875 0.44140625 0.040625 0.034375
0 0.16796875 0.35234375 0.096875 0.075
0 0.0828125 0.4 0.0609375 0.0484375
0 0.45703125 0.0953125 0.0390625 0.0296875
0 0.2078125 0.4984375 0.0375 0.03125