0 0.53828125 0.01953125 0.028125 0.0265625
0 0.609375 0.05078125 0.03125 0.0296875
0 0.95078125 0.4203125 0.0359375 0.03125
0 0.971875 0.453125 0.05625 0.053125
0 0.9890625 0.52265625 0.021875 0.0265625
0 0.765625 0.6703125 0.05625 0.0515625
0 0.7546875 0.56953125 0.034375 0.028125
0 0.5875 0.60078125 0.028125 0.0265625
0 0.56484375 0.6609375 0.0359375 0.034375
0 0.7359375 0.803125 0.05625 0.0484375
0 0.65859375 0.8421875 0.0265625 0.025
0 0.81953125 0.33671875 0.034375 0.0296875
0 0.8890625 0.29453125 0.03125 0.0265625
0 0.7796875 0.33984375 0.040625 0.0359375
0 0.8640625 0.4578125 0.04375 0.0390625
0 0.41328125 0.203125 0.0296875 0.025
0 0.37734375 0.1984375 0.0296875 0.0265625
0 0.3421875 0.2796875 0.0296875 0.0265625
0 0.5609375 0.80859375 0.028125 0.0265625
0 0.5640625 0.84609375 0.028125 0.0265625
0 0.4546875 0.8390625 0.040625 0.0359375
0 0.4046875 0.75859375 0.0515625 0.04375
0 0.35078125 0.7390625 0.0546875 0.0484375
0 0.31640625 0.72265625 0.040625 0.0359375
0 0.37109375 0.7015625 0.0390625 0.034375
0 0.23671875 0.603125 0.0296875 0.025