0 0.4109375 0.1921875 0.7859375 0.384375
0 0.19140625 0.0375 0.034375 0.0265625
0 0.0953125 0.1546875 0.0359375 0.0265625
0 0.7984375 0.03984375 0.0359375 0.0296875
0 0.74140625 0.10078125 0.053125 0.040625
0 0.7359375 0.48671875 0.0984375 0.0765625
0 0.66796875 0.4890625 0.0765625 0.0609375
0 0.56015625 0.4578125 0.040625 0.034375
0 0.6078125 0.36875 0.0578125 0.0453125
0 0.6828125 0.33984375 0.0796875 0.0609375
0 0.78828125 0.35546875 0.0671875 0.0515625
0 0.5765625 0.5671875 0.065625 0.0515625
0 0.67578125 0.6203125 0.0359375 0.028125
0 0.775 0.81875 0.0453125 0.0359375
0 0.9 0.771875 0.040625 0.03125
0 0.91484375 0.6734375 0.05625 0.04375
0 0.96015625 0.696875 0.0796875 0.0625
0 0.67890625 0.728125 0.03125 0.025
0 0.47734375 0.68984375 0.165625 0.1296875
0 0.5984375 0.76171875 0.159375 0.1234375
0 0.72578125 0.80078125 0.146875 0.1140625
0 0.7140625 0.68984375 0.065625 0.0515625
0 0.69453125 0.915625 0.128125 0.0984375
0 0.41953125 0.8546875 0.0390625 0.03125
0 0.84140625 0.5984375 0.075 0.0578125
0 0.95078125 0.2640625 0.0390625 0.03125
0 0.459375 0.43984375 0.0484375 0.0359375
0 0.421875 0.42421875 0.040625 0.03125
0 0.3890625 0.41796875 0.04375 0.034375
0 0.34609375 0.41796875 0.03125 0.025
0 0.35 0.44453125 0.0546875 0.04375
0 0.37734375 0.5921875 0.1015625 0.0796875
0 0.50859375 0.58046875 0.1734375 0.134375
0 0.2125 0.7546875 0.0453125 0.034375
0 0.17890625 0.76171875 0.040625 0.03125
0 0.1359375 0.76953125 0.04375 0.034375
0 0.05625 0.81640625 0.0796875 0.0625
0 0.1359375 0.7234375 0.05625 0.040625
0 0.20078125 0.68046875 0.0390625 0.03125
0 0.23203125 0.6 0.1375 0.1078125
0 0.46171875 0.36171875 0.0875 0.0671875
0 0.27421875 0.3703125 0.0359375 0.0265625
0 0.240625 0.35703125 0.0390625 0.03125
0 0.41796875 0.1984375 0.0453125 0.0359375
0 0.515625 0.16484375 0.053125 0.040625
0 0.4484375 0.22265625 0.034375 0.0265625
0 0.56640625 0.203125 0.03125 0.025
0 0.56640625 0.23046875 0.0359375 0.0296875
0 0.5796875 0.16015625 0.040625 0.03125
0 0.66328125 0.21171875 0.0390625 0.03125
0 0.81640625 0.18515625 0.075 0.0578125
0 0.64453125 0.41796875 0.0671875 0.053125
0 0.0140625 0.4375 0.028125 0.040625
0 0.01796875 0.40625 0.0359375 0.0359375
0 0.02734375 0.78203125 0.0546875 0.0703125
0 0.0953125 0.7296875 0.065625 0.0515625
0 0.134375 0.34609375 0.0703125 0.0546875
0 0.31875 0.65625 0.0703125 0.053125
0 0.3125 0.53359375 0.1453125 0.1109375
0 0.1703125 0.4421875 0.0828125 0.0625
0 0.04921875 0.35546875 0.0984375 0.0875
0 0.05625 0.2234375 0.040625 0.034375
0 0.0796875 0.25234375 0.075 0.0578125
0 0.05546875 0.15234375 0.03125 0.025
0 0.375 0.94921875 0.0359375 0.0265625
0 0.38359375 0.8859375 0.0796875 0.0625
0 0.8796875 0.47265625 0.0453125 0.0359375