0 0.97578125 0.984375 0.040625 0.03125
0 0.83203125 0.875 0.04375 0.040625
0 0.1140625 0.35234375 0.0265625 0.0265625
0 0.0640625 0.40234375 0.0375 0.0359375
0 0.17421875 0.41953125 0.1140625 0.1109375
0 0.2078125 0.303125 0.0640625 0.0625
0 0.36328125 0.34765625 0.0296875 0.0265625
0 0.34375 0.32421875 0.053125 0.053125
0 0.47265625 0.32578125 0.0390625 0.0359375
0 0.4578125 0.384375 0.0609375 0.0609375
0 0.32421875 0.39921875 0.034375 0.034375
0 0.2796875 0.603125 0.040625 0.0390625
0 0.0296875 0.5359375 0.0515625 0.0515625
0 0.165625 0.53828125 0.0703125 0.0671875
0 0.0875 0.665625 0.1078125 0.103125
0 0.13671875 0.61796875 0.115625 0.1140625
0 0.19453125 0.5921875 0.0828125 0.0796875
0 0.25 0.66796875 0.0390625 0.0359375
0 0.37265625 0.69921875 0.0703125 0.0671875
0 0.10546875 0.12734375 0.2109375 0.2546875
0 0.22578125 0.08984375 0.034375 0.034375
0 0.22734375 0.14921875 0.03125 0.03125
0 0.22578125 0.21171875 0.0765625 0.075
0 0.10234375 0.77265625 0.040625 0.040625
0 0.1921875 0.8734375 0.03125 0.0296875
0 0.334375 0.83671875 0.0515625 0.0515625
0 0.30546875 0.78828125 0.0359375 0.0359375
0 0.19921875 0.79453125 0.03125 0.028125
0 0.27265625 0.73828125 0.0265625 0.025
0 0.39453125 0.8234375 0.03125 0.0296875
0 0.3765625 0.8953125 0.1640625 0.159375
0 0.35 0.984375 0.0265625 0.0265625
0 0.0515625 0.76171875 0.025 0.025
0 0.10078125 0.7328125 0.0359375 0.0359375
0 0.8140625 0.64765625 0.0484375 0.0453125
0 0.86171875 0.75625 0.1703125 0.165625
0 0.98203125 0.75625 0.0359375 0.0359375
0 0.7015625 0.6046875 0.03125 0.03125
0 0.55078125 0.671875 0.034375 0.03125
0 0.7453125 0.44375 0.053125 0.0515625
0 0.69375 0.58671875 0.303125 0.29375
0 0.5921875 0.45546875 0.040625 0.0390625
0 0.65 0.52421875 0.034375 0.034375
0 0.509375 0.62265625 0.03125 0.03125
0 0.5359375 0.21484375 0.1640625 0.15625
0 0.45078125 0.16484375 0.0296875 0.0296875
0 0.6078125 0.375 0.028125 0.0296875
0 0.90625 0.49375 0.0484375 0.0484375
0 0.890625 0.5484375 0.0359375 0.034375
0 0.4890625 0.33515625 0.68125 0.659375
0 0.6671875 0.11875 0.04375 0.04375
0 0.57578125 0.12734375 0.0265625 0.0265625
0 0.58515625 0.1 0.03125 0.03125
0 0.4421875 0.1203125 0.0296875 0.0296875
0 0.36328125 0.09609375 0.04375 0.04375
0 0.4546875 0.040625 0.0515625 0.0484375
0 0.50390625 0.0875 0.0265625 0.025
0 0.81875 0.203125 0.03125 0.03125
0 0.81875 0.15859375 0.0265625 0.0265625
0 0.8921875 0.20546875 0.040625 0.0390625
0 0.9734375 0.26328125 0.03125 0.03125
0 0.96640625 0.4203125 0.034375 0.034375
0 0.9109375 0.03828125 0.0484375 0.0453125
0 0.7875 0.0921875 0.0359375 0.034375
0 0.759375 0.0875 0.025 0.025
0 0.725 0.07578125 0.028125 0.0265625