0 0.9734375 0.9640625 0.0265625 0.0265625
0 0.9671875 0.8796875 0.0390625 0.0390625
0 0.54296875 0.8578125 0.0296875 0.0296875
0 0.071875 0.546875 0.040625 0.040625
0 0.115625 0.32421875 0.071875 0.071875
0 0.03359375 0.078125 0.025 0.025
0 0.0765625 0.084375 0.0265625 0.0265625
0 0.0953125 0.0359375 0.025 0.0234375
0 0.0265625 0.24296875 0.03125 0.03125
0 0.0671875 0.26953125 0.0265625 0.0265625
0 0.5375 0.13359375 0.0578125 0.0578125
0 0.5359375 0.39921875 0.034375 0.034375
0 0.4953125 0.478125 0.0265625 0.0265625
0 0.66953125 0.6265625 0.0703125 0.0703125
0 0.51171875 0.70078125 0.03125 0.03125
0 0.3890625 0.7015625 0.03125 0.03125
0 0.92421875 0.271875 0.0265625 0.0265625
0 0.8953125 0.290625 0.04375 0.04375
0 0.975 0.0203125 0.025 0.025
0 0.34375 0.265625 0.03125 0.03125