0 0.2015625 0.21484375 0.403125 0.4296875
0 0.046875 0.4703125 0.0265625 0.0265625
0 0.1609375 0.86328125 0.040625 0.0390625
0 0.2703125 0.9421875 0.034375 0.03125
0 0.50390625 0.47578125 0.034375 0.03125
0 0.5625 0.58203125 0.1234375 0.115625
0 0.43125 0.55859375 0.03125 0.0296875
0 0.80078125 0.50390625 0.0265625 0.025
0 0.6765625 0.85078125 0.03125 0.0296875
0 0.90390625 0.98046875 0.0265625 0.0265625
0 0.9015625 0.7859375 0.0296875 0.0296875
0 0.88828125 0.82421875 0.0296875 0.0265625
0 0.8921875 0.80078125 0.0265625 0.0265625
0 0.7484375 0.365625 0.028125 0.0265625
0 0.9 0.18125 0.0296875 0.0296875
0 0.96484375 0.19140625 0.034375 0.03125
0 0.79453125 0.08203125 0.05625 0.053125
0 0.7703125 0.03359375 0.096875 0.0671875
0 0.759375 0.2046875 0.028125 0.0265625
0 0.7765625 0.18046875 0.0265625 0.025
0 0.6296875 0.2453125 0.0265625 0.0265625
0 0.5109375 0.20546875 0.0390625 0.0359375
0 0.4796875 0.1828125 0.0390625 0.0359375
0 0.39921875 0.3453125 0.0265625 0.0234375
0 0.65625 0.0671875 0.0484375 0.0453125
0 0.69140625 0.3703125 0.053125 0.0515625
0 0.6671875 0.53359375 0.128125 0.1203125
0 0.03359375 0.15859375 0.0296875 0.0265625
0 0.43046875 0.8859375 0.0359375 0.034375
0 0.84765625 0.61796875 0.0359375 0.034375
0 0.8609375 0.134375 0.0390625 0.0359375