0 0.77734375 0.96875 0.0625 0.0609375
0 0.8296875 0.8765625 0.0703125 0.0703125
0 0.67578125 0.8140625 0.0625 0.0625
0 0.5109375 0.90234375 0.071875 0.0703125
0 0.51953125 0.94140625 0.0453125 0.0453125
0 0.890625 0.3921875 0.2171875 0.2140625
0 0.696875 0.603125 0.121875 0.121875
0 0.65390625 0.5109375 0.059375 0.0609375
0 0.5578125 0.4015625 0.03125 0.0296875
0 0.50625 0.3953125 0.065625 0.065625
0 0.69921875 0.359375 0.0765625 0.0765625
0 0.73203125 0.31484375 0.0265625 0.0265625
0 0.6265625 0.27734375 0.125 0.125
0 0.709375 0.22734375 0.025 0.025
0 0.68046875 0.2203125 0.0265625 0.0265625
0 0.87890625 0.609375 0.040625 0.040625
0 0.42578125 0.9515625 0.034375 0.03125
0 0.4015625 0.9046875 0.053125 0.0515625
0 0.46875 0.95703125 0.0453125 0.0453125
0 0.12734375 0.98671875 0.0265625 0.0265625
0 0.21875 0.9359375 0.03125 0.03125
0 0.353125 0.94609375 0.0796875 0.0796875
0 0.31015625 0.81484375 0.0296875 0.0296875
0 0.26953125 0.7046875 0.0265625 0.0265625
0 0.359375 0.678125 0.0265625 0.0265625
0 0.49609375 0.77265625 0.1234375 0.121875
0 0.35234375 0.73046875 0.034375 0.034375
0 0.15390625 0.72734375 0.0703125 0.0703125
0 0.16796875 0.66484375 0.0359375 0.0359375
0 0.37734375 0.63828125 0.0484375 0.0484375
0 0.36171875 0.60234375 0.0265625 0.0265625
0 0.1234375 0.6 0.025 0.025
0 0.01796875 0.55390625 0.0296875 0.028125
0 0.2171875 0.640625 0.0359375 0.0359375
0 0.078125 0.6671875 0.04375 0.04375
0 0.0328125 0.62890625 0.0296875 0.0296875
0 0.459375 0.6765625 0.0890625 0.0890625
0 0.50234375 0.58046875 0.05625 0.053125
0 0.1078125 0.2671875 0.0453125 0.0453125
0 0.23203125 0.31015625 0.0828125 0.0796875
0 0.38671875 0.25625 0.0625 0.0625
0 0.540625 0.4953125 0.1453125 0.1421875
0 0.7015625 0.43515625 0.0875 0.0859375
0 0.2546875 0.11328125 0.0390625 0.0390625
0 0.3859375 0.03984375 0.034375 0.03125
0 0.3734375 0.13671875 0.0265625 0.0265625
0 0.3484375 0.16328125 0.0265625 0.0265625
0 0.3703125 0.20703125 0.0265625 0.0265625
0 0.18046875 0.071875 0.0453125 0.0453125
0 0.71171875 0.0484375 0.028125 0.0296875
0 0.88203125 0.14765625 0.075 0.075
0 0.821875 0.1265625 0.03125 0.03125