0 0.0015625 0.0015625 0.0015625 0.0015625
0 0.02421875 0.08046875 0.0484375 0.0484375
0 0.8859375 0.74140625 0.0609375 0.0546875
0 0.9078125 0.8296875 0.0578125 0.053125
0 0.625 0.678125 0.0359375 0.034375
0 0.58046875 0.7140625 0.0359375 0.034375
0 0.803125 0.72578125 0.040625 0.0390625
0 0.8171875 0.80859375 0.034375 0.03125
0 0.63671875 0.75859375 0.103125 0.09375
0 0.740625 0.3734375 0.1015625 0.0921875
0 0.7640625 0.96875 0.0703125 0.0625
0 0.97109375 0.0109375 0.0296875 0.021875
0 0.88203125 0.04921875 0.115625 0.0984375
0 0.6140625 0.18984375 0.0265625 0.025
0 0.64921875 0.290625 0.090625 0.084375
0 0.66328125 0.2453125 0.0359375 0.034375
0 0.57578125 0.31484375 0.0703125 0.0640625
0 0.5453125 0.3296875 0.0265625 0.0234375
0 0.49765625 0.35546875 0.0265625 0.025
0 0.578125 0.23203125 0.0484375 0.04375
0 0.53828125 0.03515625 0.034375 0.03125
0 0.91328125 0.2671875 0.053125 0.0484375
0 0.07421875 0.16875 0.1484375 0.14375
0 0.3578125 0.25859375 0.0515625 0.0453125
0 0.3578125 0.38671875 0.0359375 0.034375
0 0.43984375 0.540625 0.0265625 0.025
0 0.16484375 0.51953125 0.04375 0.0390625
0 0.13203125 0.38125 0.0265625 0.0234375
0 0.1265625 0.27265625 0.0390625 0.0359375
0 0.24375 0.68515625 0.196875 0.178125
0 0.240625 0.7828125 0.040625 0.0390625
0 0.12109375 0.71484375 0.0359375 0.03125
0 0.08984375 0.7125 0.0671875 0.059375
0 0.1234375 0.7828125 0.0484375 0.04375
0 0.09140625 0.9546875 0.0390625 0.034375
0 0.12265625 0.86796875 0.115625 0.103125
0 0.5296875 0.921875 0.090625 0.0828125
0 0.24609375 0.9109375 0.125 0.1140625
0 0.38203125 0.859375 0.0625 0.0578125
0 0.31640625 0.86171875 0.053125 0.0484375
0 0.41328125 0.765625 0.034375 0.03125
0 0.39921875 0.71015625 0.0828125 0.075
0 0.3390625 0.9421875 0.134375 0.115625
0 0.4703125 0.88671875 0.0296875 0.0265625