0 0.32109375 0.28125 0.6421875 0.5625
0 0.85546875 0.9109375 0.053125 0.0484375
0 0.7296875 0.953125 0.0796875 0.0703125
0 0.72734375 0.8375 0.028125 0.0265625
0 0.69375 0.85703125 0.040625 0.0359375
0 0.67421875 0.771875 0.03125 0.0265625
0 0.91953125 0.9515625 0.0703125 0.0625
0 0.8375 0.9421875 0.075 0.0671875
0 0.74609375 0.88671875 0.0484375 0.04375
0 0.8375 0.7984375 0.2015625 0.18125
0 0.8421875 0.65390625 0.0296875 0.0265625
0 0.15625 0.9046875 0.0390625 0.034375
0 0.0890625 0.9046875 0.034375 0.0296875
0 0.0953125 0.86640625 0.0296875 0.025
0 0.01171875 0.83203125 0.0234375 0.0359375
0 0.365625 0.77890625 0.040625 0.0390625
0 0.51953125 0.94609375 0.04375 0.0390625
0 0.02890625 0.790625 0.0359375 0.034375
0 0.1515625 0.6109375 0.303125 0.346875
0 0.0609375 0.5796875 0.0359375 0.034375
0 0.41015625 0.66953125 0.0703125 0.0625
0 0.5375 0.6875 0.03125 0.0296875
0 0.421875 0.74140625 0.0671875 0.059375
0 0.27421875 0.865625 0.0484375 0.04375
0 0.56484375 0.60078125 0.0515625 0.0453125
0 0.50703125 0.740625 0.034375 0.03125
0 0.46640625 0.75703125 0.040625 0.0390625
0 0.26328125 0.90390625 0.0328125 0.0296875
0 0.328125 0.74296875 0.053125 0.0484375
0 0.63125 0.5765625 0.084375 0.075
0 0.7515625 0.49609375 0.075 0.065625
0 0.6359375 0.509375 0.0484375 0.04375
0 0.65390625 0.3921875 0.0484375 0.04375
0 0.5515625 0.41328125 0.065625 0.0609375
0 0.3703125 0.53984375 0.0390625 0.034375
0 0.9375 0.66328125 0.0515625 0.0453125
0 0.27890625 0.5203125 0.0515625 0.0453125
0 0.21875 0.52421875 0.0484375 0.04375
0 0.3859375 0.3453125 0.0765625 0.0671875
0 0.35 0.28359375 0.1109375 0.0984375
0 0.4859375 0.2203125 0.065625 0.0578125
0 0.7859375 0.24765625 0.1953125 0.1734375
0 0.72109375 0.16484375 0.0453125 0.040625
0 0.66015625 0.44140625 0.0359375 0.03125
0 0.5875 0.71015625 0.04375 0.0390625
0 0.02421875 0.35546875 0.0484375 0.065625
0 0.08671875 0.13828125 0.0515625 0.04375
0 0.09765625 0.18046875 0.0609375 0.053125
0 0.28515625 0.209375 0.1390625 0.121875
0 0.2078125 0.0953125 0.053125 0.0484375
0 0.19140625 0.0328125 0.0515625 0.0453125
0 0.12109375 0.11796875 0.0484375 0.040625
0 0.3421875 0.06484375 0.0328125 0.028125
0 0.3171875 0.12109375 0.040625 0.0359375
0 0.31484375 0.08984375 0.040625 0.0359375
0 0.26953125 0.11171875 0.0578125 0.053125
0 0.15625 0.2765625 0.034375 0.03125
0 0.1546875 0.2359375 0.096875 0.0875
0 0.0765625 0.22578125 0.0703125 0.0625
0 0.10234375 0.31953125 0.1203125 0.1078125
0 0.0171875 0.0421875 0.034375 0.0484375
0 0.05546875 0.025 0.0921875 0.05
0 0.1390625 0.03125 0.0484375 0.040625
0 0.2234375 0.3578125 0.05625 0.0515625
0 0.353125 0.16796875 0.0359375 0.034375
0 0.4859375 0.39921875 0.040625 0.0359375
0 0.40234375 0.77734375 0.0453125 0.040625
0 0.61171875 0.9015625 0.028125 0.0265625
0 0.60234375 0.96875 0.03125 0.0265625
0 0.71875 0.39765625 0.03125 0.0296875