0 0.75390625 0.275 0.3578125 0.3390625
0 0.0015625 0.0015625 0.003125 0.003125
0 0.5953125 0.98203125 0.040625 0.0359375
0 0.7546875 0.9234375 0.03125 0.0296875
0 0.67890625 0.7796875 0.0359375 0.034375
0 0.98671875 0.91796875 0.0265625 0.025
0 0.98515625 0.73203125 0.0296875 0.0359375
0 0.86171875 0.70546875 0.040625 0.0390625
0 0.83984375 0.03125 0.0296875 0.0265625
0 0.6546875 0.30078125 0.03125 0.03125
0 0.76953125 0.22734375 0.0359375 0.034375
0 0.765625 0.25 0.0390625 0.0359375
0 0.8140625 0.44453125 0.03125 0.0296875
0 0.8765625 0.5171875 0.0484375 0.0453125
0 0.9 0.55546875 0.034375 0.03125
0 0.81640625 0.5140625 0.0265625 0.0265625
0 0.775 0.6875 0.0265625 0.0265625
0 0.6140625 0.71171875 0.0359375 0.0359375
0 0.54296875 0.709375 0.03125 0.028125
0 0.41328125 0.7390625 0.0265625 0.0265625
0 0.42890625 0.6609375 0.03125 0.028125
0 0.56015625 0.51796875 0.028125 0.028125
0 0.76953125 0.5171875 0.0265625 0.0265625
0 0.2796875 0.58046875 0.040625 0.0390625
0 0.546875 0.4 0.0390625 0.0359375
0 0.4984375 0.27734375 0.028125 0.0296875
0 0.515625 0.18046875 0.0265625 0.025
0 0.271875 0.71171875 0.0328125 0.03125
0 0.26796875 0.73671875 0.0359375 0.034375
0 0.36796875 0.18125 0.0296875 0.0265625
0 0.04921875 0.33046875 0.034375 0.03125
0 0.1734375 0.0921875 0.0296875 0.028125
0 0.26328125 0.01328125 0.0296875 0.0265625
0 0.35546875 0.10234375 0.1203125 0.1140625
0 0.38828125 0.02890625 0.0390625 0.0359375
0 0.51953125 0.0515625 0.0515625 0.0453125
0 0.6296875 0.1265625 0.0390625 0.0359375
0 0.19296875 0.01171875 0.0328125 0.0234375
0 0.70625 0.971875 0.0625 0.05625
0 0.74375 0.65390625 0.028125 0.0265625
0 0.4953125 0.88359375 0.0390625 0.0359375
0 0.365625 0.7546875 0.0296875 0.028125
0 0.25703125 0.66484375 0.0296875 0.028125
0 0.1703125 0.75234375 0.0390625 0.0359375
0 0.1546875 0.85703125 0.03125 0.03125
0 0.3078125 0.60078125 0.0984375 0.09375
0 0.49375 0.44609375 0.040625 0.0390625
0 0.615625 0.5828125 0.0359375 0.034375
0 0.4484375 0.59609375 0.0359375 0.034375
0 0.48046875 0.578125 0.0390625 0.0390625
0 0.3015625 0.678125 0.0296875 0.0265625
0 0.109375 0.521875 0.03125 0.028125
0 0.60703125 0.50625 0.0359375 0.0359375
0 0.56015625 0.47734375 0.0265625 0.0265625
0 0.51796875 0.5015625 0.034375 0.034375
0 0.365625 0.36171875 0.03125 0.0296875
0 0.34765625 0.41484375 0.0265625 0.025
0 0.43046875 0.28828125 0.0390625 0.0359375
0 0.3921875 0.21171875 0.0359375 0.0328125
0 0.68515625 0.546875 0.0265625 0.025
0 0.625 0.56015625 0.0265625 0.025
0 0.8890625 0.84765625 0.1640625 0.1546875
0 0.2453125 0.46875 0.0265625 0.0265625
0 0.3375 0.4515625 0.0296875 0.0265625
0 0.5765625 0.71171875 0.0265625 0.0265625
0 0.2515625 0.1546875 0.0296875 0.0265625
0 0.20703125 0.0265625 0.0296875 0.0265625
0 0.48046875 0.078125 0.0265625 0.025