0 0.9640625 0.70703125 0.03125 0.03125
0 0.3765625 0.65 0.0359375 0.0359375
0 0.2125 0.75390625 0.0265625 0.0265625
0 0.74375 0.49296875 0.025 0.025
0 0.540625 0.4703125 0.0578125 0.0578125
0 0.5109375 0.52421875 0.0296875 0.028125
0 0.2015625 0.365625 0.0796875 0.0796875
0 0.34140625 0.3796875 0.0828125 0.0828125
0 0.390625 0.18359375 0.034375 0.034375
0 0.52734375 0.18359375 0.0921875 0.0921875
0 0.3234375 0.82421875 0.040625 0.040625
0 0.4546875 0.49140625 0.10625 0.10625
0 0.18359375 0.27734375 0.065625 0.065625
0 0.23046875 0.26796875 0.04375 0.040625
0 0.3015625 0.28828125 0.0796875 0.0796875
0 0.390625 0.21484375 0.03125 0.03125
0 0.3484375 0.21171875 0.053125 0.053125
0 0.00078125 0.00234375 0.0015625 0.0015625
0 0.21640625 0.884375 0.0265625 0.0265625