0 0.853125 0.31015625 0.1109375 0.1078125
0 0.9046875 0.390625 0.071875 0.0703125
0 0.98046875 0.16015625 0.0390625 0.04375
0 0.9140625 0.025 0.05625 0.05
0 0.88671875 0.10703125 0.040625 0.0390625
0 0.790625 0.10546875 0.0625 0.0609375
0 0.77734375 0.21875 0.0484375 0.0484375
0 0.76953125 0.2453125 0.0515625 0.0515625
0 0.88125 0.52421875 0.03125 0.028125
0 0.91796875 0.5671875 0.040625 0.040625
0 0.93125 0.478125 0.1109375 0.1078125
0 0.78125 0.5109375 0.034375 0.03125
0 0.703125 0.47109375 0.025 0.025
0 0.71484375 0.3421875 0.0265625 0.0234375
0 0.7515625 0.28359375 0.0390625 0.0390625
0 0.56875 0.46015625 0.15 0.1453125
0 0.571875 0.19453125 0.0890625 0.0875
0 0.640625 0.14921875 0.0265625 0.0265625
0 0.71171875 0.1046875 0.0453125 0.0453125
0 0.4671875 0.0328125 0.0390625 0.0359375
0 0.5625 0.134375 0.0265625 0.025
0 0.28125 0.05078125 0.025 0.025
0 0.22578125 0.1625 0.034375 0.0328125
0 0.40859375 0.18984375 0.03125 0.03125
0 0.35703125 0.08984375 0.0328125 0.034375
0 0.30546875 0.13671875 0.03125 0.0296875
0 0.30546875 0.171875 0.034375 0.034375
0 0.29921875 0.2046875 0.0390625 0.0359375
0 0.4046875 0.08515625 0.0265625 0.025
0 0.06640625 0.00859375 0.0296875 0.0171875
0 0.0421875 0.4265625 0.0390625 0.0390625
0 0.11640625 0.6296875 0.0671875 0.065625
0 0.06875 0.634375 0.034375 0.03125
0 0.30859375 0.74375 0.0578125 0.0578125
0 0.0953125 0.9234375 0.03125 0.03125
0 0.728125 0.74609375 0.0390625 0.0359375
0 0.81484375 0.62265625 0.0390625 0.0359375
0 0.8234375 0.79453125 0.03125 0.028125
0 0.796875 0.8421875 0.0390625 0.0359375
0 0.77265625 0.89921875 0.0359375 0.034375
0 0.8921875 0.7703125 0.05625 0.053125
0 0.921875 0.7328125 0.034375 0.034375
0 0.9234375 0.66796875 0.0359375 0.0359375
0 0.96640625 0.671875 0.0515625 0.0484375
0 0.94453125 0.646875 0.0296875 0.028125
0 0.92578125 0.6109375 0.0296875 0.028125
0 0.890625 0.60234375 0.04375 0.040625
0 0.8640625 0.6078125 0.0265625 0.0265625
0 0.8765625 0.65859375 0.071875 0.0703125
0 0.96875 0.5828125 0.0265625 0.0265625
0 0.9796875 0.60234375 0.0296875 0.0265625
0 0.96171875 0.9640625 0.0265625 0.0265625
0 0.70703125 0.30859375 0.0265625 0.0265625
0 0.703125 0.36875 0.034375 0.03125
0 0.38203125 0.4234375 0.0578125 0.0578125
0 0.2125 0.103125 0.071875 0.0703125
0 0.16796875 0.18984375 0.0265625 0.0265625
0 0.25390625 0.5359375 0.0296875 0.0265625
0 0.34765625 0.49765625 0.0390625 0.0359375
0 0.5625 0.5796875 0.0515625 0.0484375
0 0.16484375 0.8484375 0.03125 0.03125
0 0.05078125 0.89296875 0.0453125 0.0453125
0 0.15390625 0.8140625 0.0265625 0.0265625
0 0.77734375 0.68515625 0.0390625 0.0359375
0 0.76953125 0.71875 0.0484375 0.0453125