0 0.08515625 0.2453125 0.1703125 0.315625
0 0.33515625 0.228125 0.240625 0.23125
0 0.35703125 0.01796875 0.0359375 0.0328125
0 0.25859375 0.02265625 0.0296875 0.0296875
0 0.6203125 0.03828125 0.0828125 0.0765625
0 0.4046875 0.0671875 0.04375 0.040625
0 0.3453125 0.08984375 0.0296875 0.0265625
0 0.86171875 0.03359375 0.0390625 0.0359375
0 0.7046875 0.015625 0.0390625 0.03125
0 0.91796875 0.25703125 0.096875 0.0921875
0 0.6453125 0.1875 0.040625 0.0390625
0 0.98203125 0.8578125 0.0359375 0.0359375
0 0.9796875 0.93515625 0.040625 0.0453125
0 0.91015625 0.6765625 0.0796875 0.075
0 0.8375 0.75234375 0.0453125 0.04375
0 0.928125 0.540625 0.0671875 0.065625
0 0.98671875 0.4234375 0.0265625 0.0265625
0 0.94609375 0.4640625 0.04375 0.040625
0 0.87265625 0.475 0.0265625 0.025
0 0.96640625 0.4015625 0.034375 0.03125
0 0.98515625 0.2734375 0.0296875 0.034375
0 0.765625 0.49140625 0.034375 0.034375
0 0.73046875 0.4953125 0.03125 0.0296875
0 0.67578125 0.57109375 0.053125 0.0515625
0 0.5796875 0.6609375 0.053125 0.0515625
0 0.83203125 0.71171875 0.0609375 0.0578125
0 0.80390625 0.796875 0.0515625 0.0484375
0 0.490625 0.6703125 0.0984375 0.09375
0 0.5015625 0.7234375 0.04375 0.040625
0 0.4703125 0.74765625 0.03125 0.03125
0 0.51796875 0.5515625 0.09375 0.0890625
0 0.5328125 0.46875 0.084375 0.0828125
0 0.69140625 0.35078125 0.0265625 0.0265625
0 0.67890625 0.32578125 0.0390625 0.0359375
0 0.68984375 0.1859375 0.0359375 0.0359375
0 0.7140625 0.53359375 0.0359375 0.0359375
0 0.45078125 0.359375 0.053125 0.0515625
0 0.47109375 0.3125 0.084375 0.0828125
0 0.521875 0.3640625 0.0359375 0.034375
0 0.490625 0.3953125 0.03125 0.0296875
0 0.4578125 0.45546875 0.065625 0.0609375
0 0.4015625 0.36875 0.0921875 0.0859375
0 0.30859375 0.11875 0.05625 0.053125
0 0.334375 0.21875 0.0359375 0.034375
0 0.3328125 0.42890625 0.0515625 0.0484375
0 0.33203125 0.3890625 0.04375 0.040625
0 0.33984375 0.4984375 0.04375 0.04375
0 0.3328125 0.52734375 0.034375 0.03125
0 0.25 0.540625 0.040625 0.040625
0 0.2078125 0.61875 0.0640625 0.0625
0 0.51953125 0.75703125 0.0671875 0.065625
0 0.50703125 0.80859375 0.0609375 0.0578125
0 0.08515625 0.5640625 0.040625 0.0390625
0 0.196875 0.5296875 0.0390625 0.0359375
0 0.275 0.50390625 0.0265625 0.025
0 0.29296875 0.47109375 0.053125 0.0515625
0 0.18046875 0.44921875 0.0296875 0.0265625
0 0.1546875 0.33203125 0.053125 0.0515625
0 0.2390625 0.31875 0.0296875 0.0265625
0 0.240625 0.3734375 0.0296875 0.0296875
0 0.209375 0.4375 0.0296875 0.0296875
0 0.228125 0.1109375 0.03125 0.03125
0 0.2140625 0.08671875 0.0359375 0.0359375
0 0.13359375 0.02265625 0.0296875 0.0265625
0 0.04296875 0.06484375 0.0265625 0.025
0 0.6359375 0.3234375 0.0359375 0.0359375