0 0.1234375 0.8921875 0.1859375 0.1640625
0 0.1140625 0.97109375 0.0453125 0.040625
0 0.0203125 0.90859375 0.040625 0.0703125
0 0.0296875 0.78671875 0.059375 0.0953125
0 0.05546875 0.67421875 0.1109375 0.0984375
0 0.16484375 0.75 0.0765625 0.0671875
0 0.134375 0.80390625 0.084375 0.075
0 0.20703125 0.8234375 0.0359375 0.03125
0 0.321875 0.88828125 0.2125 0.1875
0 0.19609375 0.678125 0.05625 0.0484375
0 0.27734375 0.66953125 0.0625 0.05625
0 0.2171875 0.62109375 0.0875 0.0765625
0 0.39296875 0.66328125 0.0703125 0.059375
0 0.40390625 0.62890625 0.0328125 0.0296875
0 0.53828125 0.834375 0.0265625 0.025
0 0.62109375 0.775 0.0515625 0.0453125
0 0.62890625 0.93125 0.0703125 0.0625
0 0.62734375 0.84609375 0.1421875 0.125
0 0.74609375 0.85546875 0.0765625 0.0703125
0 0.9625 0.73828125 0.0671875 0.0609375
0 0.9390625 0.65859375 0.0578125 0.0515625
0 0.84375 0.61796875 0.0296875 0.0265625
0 0.66953125 0.61328125 0.040625 0.0359375
0 0.54296875 0.6734375 0.0484375 0.04375
0 0.9703125 0.5484375 0.0296875 0.0265625
0 0.3125 0.19375 0.0390625 0.0328125
0 0.5296875 0.08515625 0.0765625 0.0671875
0 0.61171875 0.17421875 0.034375 0.03125
0 0.459375 0.3015625 0.4328125 0.3828125
0 0.4578125 0.65 0.065625 0.0578125
0 0.3640625 0.71484375 0.1015625 0.0890625
0 0.19609375 0.2078125 0.0328125 0.0296875
0 0.06015625 0.22578125 0.0625 0.0546875
0 0.209375 0.0515625 0.04375 0.0390625
0 0.47109375 0.01796875 0.0796875 0.0359375
0 0.08984375 0.2640625 0.0578125 0.0515625