0 0.5765625 0.01796875 0.053125 0.0359375
0 0.4828125 0.05859375 0.0453125 0.04375
0 0.4625 0.0296875 0.0390625 0.0359375
0 0.6609375 0.3640625 0.03125 0.0296875
0 0.61171875 0.3015625 0.0390625 0.034375
0 0.29921875 0.20078125 0.0484375 0.04375
0 0.18125 0.0453125 0.0296875 0.0265625
0 0.53828125 0.4359375 0.059375 0.05625
0 0.984375 0.4171875 0.03125 0.03125
0 0.90234375 0.41484375 0.0609375 0.0546875
0 0.7859375 0.4109375 0.0359375 0.034375
0 0.7546875 0.11640625 0.040625 0.0390625
0 0.01171875 0.021875 0.0234375 0.0375
0 0.05859375 0.3125 0.03125 0.0265625
0 0.03125 0.7859375 0.0359375 0.034375
0 0.296875 0.69375 0.071875 0.065625
0 0.4046875 0.83203125 0.05625 0.0515625
0 0.259375 0.796875 0.0359375 0.034375
0 0.38203125 0.58671875 0.0359375 0.03125
0 0.103125 0.5640625 0.03125 0.0265625
0 0.41796875 0.52734375 0.03125 0.0296875
0 0.415625 0.60078125 0.0328125 0.03125
0 0.4125 0.57578125 0.0296875 0.025
0 0.40625 0.6265625 0.034375 0.028125
0 0.2015625 0.6765625 0.0609375 0.0546875
0 0.11796875 0.70546875 0.03125 0.028125
0 0.959375 0.90234375 0.040625 0.0359375
0 0.41796875 0.2765625 0.040625 0.0359375
0 0.046875 0.46875 0.0515625 0.0453125
0 0.2171875 0.790625 0.040625 0.0359375
0 0.91015625 0.83046875 0.0296875 0.0265625