0 0.615625 0.81015625 0.45 0.325
0 0.00078125 0.00234375 0.0015625 0.0015625
0 0.81953125 0.74140625 0.0890625 0.0625
0 0.87109375 0.85078125 0.1078125 0.0796875
0 0.8421875 0.9375 0.134375 0.0984375
0 0.771875 0.9421875 0.1109375 0.0796875
0 0.9734375 0.94375 0.053125 0.040625
0 0.603125 0.86640625 0.1921875 0.1390625
0 0.30078125 0.73828125 0.0625 0.0453125
0 0.259375 0.7203125 0.0984375 0.0703125
0 0.165625 0.69609375 0.1296875 0.09375
0 0.03125 0.66484375 0.0625 0.0671875
0 0.17890625 0.8453125 0.0484375 0.034375
0 0.2640625 0.8109375 0.10625 0.0765625
0 0.328125 0.7953125 0.0609375 0.04375
0 0.47578125 0.96171875 0.0359375 0.0265625
0 0.42578125 0.728125 0.040625 0.028125
0 0.540625 0.6765625 0.0359375 0.0265625
0 0.8609375 0.69140625 0.040625 0.0296875
0 0.6875 0.671875 0.0703125 0.0515625
0 0.71015625 0.58671875 0.04375 0.03125
0 0.58046875 0.58984375 0.1078125 0.0765625
0 0.2640625 0.53515625 0.0921875 0.065625
0 0.12734375 0.59140625 0.1234375 0.0875
0 0.03828125 0.58984375 0.040625 0.0296875
0 0.69921875 0.82109375 0.0578125 0.040625
0 0.6890625 0.75 0.0453125 0.034375
0 0.83203125 0.671875 0.0625 0.0453125
0 0.5375 0.5625 0.0671875 0.0484375
0 0.6890625 0.525 0.115625 0.0828125
0 0.8375 0.50390625 0.1140625 0.0828125
0 0.9015625 0.50859375 0.040625 0.0296875
0 0.19140625 0.27890625 0.1734375 0.1234375
0 0.30625 0.40625 0.0578125 0.040625
0 0.2328125 0.38203125 0.11875 0.084375
0 0.321875 0.34375 0.0671875 0.0484375
0 0.36171875 0.2953125 0.04375 0.03125
0 0.36640625 0.26796875 0.0546875 0.0390625
0 0.37734375 0.2328125 0.0453125 0.03125
0 0.41796875 0.19921875 0.0625 0.04375
0 0.31640625 0.23046875 0.1015625 0.071875
0 0.25234375 0.1859375 0.0671875 0.0484375
0 0.1140625 0.43125 0.0453125 0.03125
0 0.2359375 0.46875 0.0578125 0.040625
0 0.1453125 0.48671875 0.04375 0.03125
0 0.0796875 0.509375 0.084375 0.0609375
0 0.46640625 0.54453125 0.4203125 0.303125
0 0.3453125 0.4671875 0.053125 0.0390625
0 0.453125 0.42578125 0.040625 0.0296875
0 0.5921875 0.3640625 0.096875 0.0671875
0 0.56953125 0.415625 0.10625 0.0765625
0 0.4703125 0.271875 0.0703125 0.0515625
0 0.47265625 0.2953125 0.040625 0.0296875
0 0.4796875 0.38125 0.084375 0.0609375
0 0.4890625 0.34765625 0.034375 0.025
0 0.07421875 0.02890625 0.0515625 0.0359375
0 0.38671875 0.0203125 0.0671875 0.040625
0 0.4515625 0.14765625 0.2328125 0.165625
0 0.38125 0.14765625 0.0484375 0.0328125
0 0.73671875 0.28125 0.1375 0.096875
0 0.45078125 0.02265625 0.0484375 0.034375
0 0.821875 0.15234375 0.1421875 0.1015625
0 0.83671875 0.209375 0.1375 0.096875
0 0.9015625 0.0453125 0.0453125 0.03125
0 0.8796875 0.084375 0.096875 0.0671875
0 0.98203125 0.1828125 0.0359375 0.0265625
0 0.928125 0.14453125 0.084375 0.0609375
0 0.95546875 0.22578125 0.0359375 0.0265625
0 0.9046875 0.27265625 0.1109375 0.0796875
0 0.821875 0.2828125 0.0390625 0.0265625
0 0.9109375 0.33984375 0.084375 0.0609375
0 0.93125 0.3765625 0.1375 0.0984375
0 0.959375 0.4953125 0.075 0.053125
0 0.80078125 0.428125 0.0625 0.0453125
0 0.75859375 0.46171875 0.034375 0.025
0 0.6671875 0.2140625 0.2359375 0.16875
0 0.6984375 0.06953125 0.2671875 0.1390625