0 0.75703125 0.41484375 0.2453125 0.2125
0 0.634375 0.78125 0.284375 0.2453125
0 0.08203125 0.88203125 0.034375 0.0296875
0 0.53828125 0.93046875 0.0796875 0.0671875
0 0.103125 0.95546875 0.0484375 0.04375
0 0.0515625 0.91953125 0.03125 0.0265625
0 0.15390625 0.5734375 0.0296875 0.0265625
0 0.23828125 0.4890625 0.0359375 0.03125
0 0.428125 0.57578125 0.0296875 0.0265625
0 0.53828125 0.6 0.0359375 0.03125
0 0.59609375 0.65625 0.04375 0.0359375
0 0.82578125 0.8953125 0.040625 0.0359375
0 0.0421875 0.56015625 0.084375 0.115625
0 0.5578125 0.41484375 0.0484375 0.040625
0 0.75234375 0.93046875 0.1015625 0.0890625
0 0.90625 0.76796875 0.05625 0.0484375
0 0.9328125 0.81015625 0.0359375 0.03125
0 0.8328125 0.0296875 0.0390625 0.0328125
0 0.87890625 0.24765625 0.0296875 0.025
0 0.5375 0.26796875 0.03125 0.0265625
0 0.6921875 0.28828125 0.034375 0.0296875
0 0.63671875 0.02421875 0.0359375 0.0296875
0 0.61796875 0.11875 0.034375 0.0296875
0 0.53828125 0.165625 0.0390625 0.0328125
0 0.4359375 0.16796875 0.040625 0.034375
0 0.25234375 0.103125 0.03125 0.0265625
0 0.14296875 0.259375 0.040625 0.0328125
0 0.23828125 0.29296875 0.0578125 0.0484375
0 0.45703125 0.34140625 0.040625 0.0359375
0 0.234375 0.38203125 0.1546875 0.1328125
0 0.55078125 0.54296875 0.0453125 0.0390625
0 0.7234375 0.57421875 0.084375 0.071875
0 0.89296875 0.86640625 0.0296875 0.025
0 0.80859375 0.0609375 0.03125 0.0265625