0 0.23203125 0.25390625 0.221875 0.1921875
0 0.1140625 0.38125 0.1859375 0.1609375
0 0.22578125 0.046875 0.0453125 0.040625
0 0.42421875 0.015625 0.053125 0.03125
0 0.97109375 0.625 0.0453125 0.0390625
0 0.96015625 0.65859375 0.0484375 0.040625
0 0.91953125 0.540625 0.11875 0.1015625
0 0.884375 0.61640625 0.1375 0.1171875
0 0.8484375 0.36640625 0.0390625 0.034375
0 0.94453125 0.36796875 0.0484375 0.040625
0 0.74609375 0.228125 0.034375 0.03125
0 0.49765625 0.24765625 0.0359375 0.03125
0 0.3859375 0.2703125 0.034375 0.0296875
0 0.6 0.49765625 0.0453125 0.0390625
0 0.609375 0.53984375 0.0359375 0.03125
0 0.571875 0.46640625 0.0359375 0.03125
0 0.64453125 0.540625 0.040625 0.0359375
0 0.2234375 0.69140625 0.0359375 0.03125
0 0.20546875 0.75703125 0.0296875 0.0265625
0 0.30078125 0.93046875 0.0390625 0.034375
0 0.4421875 0.8921875 0.053125 0.0453125
0 0.49375 0.94375 0.04375 0.0390625
0 0.43046875 0.6765625 0.0453125 0.0390625
0 0.3546875 0.6828125 0.0296875 0.0234375
0 0.2453125 0.75234375 0.03125 0.0265625
0 0.44140625 0.76328125 0.0296875 0.025
0 0.6046875 0.88359375 0.0546875 0.0484375
0 0.54921875 0.8421875 0.028125 0.0265625
0 0.509375 0.8234375 0.03125 0.0265625
0 0.74140625 0.9015625 0.034375 0.0296875
0 0.7703125 0.78828125 0.034375 0.028125
0 0.66484375 0.8421875 0.1140625 0.0984375
0 0.540625 0.63828125 0.0625 0.05625
0 0.928125 0.865625 0.0484375 0.040625
0 0.9015625 0.39921875 0.05625 0.0484375
0 0.828125 0.290625 0.04375 0.0390625
0 0.4234375 0.39921875 0.2625 0.228125
0 0.3796875 0.60546875 0.0296875 0.025
0 0.47578125 0.84765625 0.034375 0.0296875