0 0.35546875 0.265625 0.3125 0.228125
0 0.16484375 0.23046875 0.3296875 0.4453125
0 0.58203125 0.12109375 0.0484375 0.034375
0 0.740625 0.2234375 0.053125 0.0390625
0 0.8546875 0.7765625 0.115625 0.084375
0 0.6703125 0.34140625 0.0359375 0.0265625
0 0.3375 0.43125 0.04375 0.03125
0 0.27265625 0.415625 0.040625 0.0296875
0 0.475 0.5765625 0.053125 0.0390625
0 0.30546875 0.8703125 0.034375 0.025
0 0.96875 0.4109375 0.05625 0.040625
0 0.9390625 0.6109375 0.034375 0.025
0 0.18046875 0.5640625 0.1109375 0.0796875