0 0.0296875 0.27890625 0.059375 0.0640625
0 0.04921875 0.3484375 0.0359375 0.03125
0 0.103125 0.3796875 0.090625 0.0828125
0 0.0328125 0.5765625 0.053125 0.0453125
0 0.0515625 0.6140625 0.103125 0.09375
0 0.021875 0.5453125 0.04375 0.0390625
0 0.1359375 0.50390625 0.0296875 0.0265625
0 0.17578125 0.5609375 0.0890625 0.0765625
0 0.2078125 0.53125 0.03125 0.0265625
0 0.21171875 0.63203125 0.0625 0.0546875
0 0.24375 0.5890625 0.0703125 0.059375
0 0.14765625 0.6734375 0.09375 0.0828125
0 0.1390625 0.6109375 0.071875 0.0625
0 0.26953125 0.7546875 0.03125 0.028125
0 0.296875 0.79296875 0.0390625 0.03125
0 0.353125 0.8328125 0.04375 0.0390625
0 0.19921875 0.8453125 0.0671875 0.0578125
0 0.2640625 0.88125 0.1375 0.11875
0 0.25 0.7296875 0.2390625 0.2078125
0 0.0765625 0.84140625 0.153125 0.1703125
0 0.11640625 0.93515625 0.0359375 0.03125
0 0.27421875 0.96171875 0.0453125 0.040625
0 0.43046875 0.03515625 0.0890625 0.0703125
0 0.5640625 0.14765625 0.190625 0.165625
0 0.48671875 0.1984375 0.03125 0.0265625
0 0.49609375 0.25859375 0.115625 0.1015625
0 0.415625 0.44921875 0.1234375 0.1078125
0 0.359375 0.521875 0.103125 0.090625
0 0.31875 0.6046875 0.0609375 0.053125
0 0.31875 0.34765625 0.0296875 0.025
0 0.2390625 0.196875 0.0453125 0.040625
0 0.32578125 0.109375 0.0453125 0.040625
0 0.33515625 0.06875 0.04375 0.0375
0 0.35234375 0.0328125 0.0546875 0.0484375
0 0.64921875 0.27265625 0.178125 0.15625
0 0.8140625 0.3953125 0.0453125 0.0390625
0 0.8859375 0.27734375 0.096875 0.0828125
0 0.87109375 0.334375 0.040625 0.0328125
0 0.83046875 0.3015625 0.0890625 0.0796875
0 0.9421875 0.084375 0.103125 0.090625
0 0.95546875 0.5765625 0.05625 0.0484375
0 0.89765625 0.5890625 0.03125 0.0265625
0 0.91796875 0.49375 0.0296875 0.0265625
0 0.51953125 0.40625 0.0359375 0.03125
0 0.52265625 0.45703125 0.028125 0.025
0 0.58984375 0.71484375 0.0359375 0.03125
0 0.57109375 0.84609375 0.0453125 0.0390625
0 0.7359375 0.7796875 0.0515625 0.04375
0 0.7359375 0.72265625 0.1765625 0.1515625
0 0.58515625 0.61328125 0.0859375 0.075
0 0.515625 0.53515625 0.0359375 0.03125
0 0.90234375 0.634375 0.1640625 0.1421875
0 0.82109375 0.87734375 0.0296875 0.025
0 0.7078125 0.94609375 0.034375 0.0296875
0 0.75234375 0.12265625 0.3078125 0.2453125
0 0.7609375 0.5640625 0.0796875 0.0703125
0 0.9078125 0.8015625 0.03125 0.0265625
0 0.64453125 0.9125 0.1078125 0.09375
0 0.209375 0.9515625 0.1109375 0.096875
0 0.56484375 0.7640625 0.03125 0.028125
0 0.43515625 0.6765625 0.1546875 0.134375
0 0.40390625 0.2828125 0.0953125 0.084375
0 0.37734375 0.34375 0.103125 0.0890625
0 0.4515625 0.2234375 0.084375 0.071875
0 0.30078125 0.05390625 0.2125 0.1078125
0 0.16328125 0.11640625 0.0453125 0.0390625