0 0.67109375 0.103125 0.3390625 0.20625
0 0.578125 0.87265625 0.075 0.071875
0 0.96875 0.6921875 0.0265625 0.0265625
0 0.93984375 0.7234375 0.0359375 0.0359375
0 0.86796875 0.5625 0.09375 0.0921875
0 0.50234375 0.84140625 0.10625 0.103125
0 0.2921875 0.89296875 0.190625 0.1859375
0 0.38828125 0.74765625 0.0640625 0.0625
0 0.3890625 0.66015625 0.0921875 0.0890625
0 0.16484375 0.8015625 0.0375 0.0390625
0 0.18515625 0.83046875 0.03125 0.0296875
0 0.15 0.81640625 0.03125 0.03125
0 0.10234375 0.80390625 0.034375 0.034375
0 0.0828125 0.8296875 0.03125 0.0296875
0 0.01328125 0.8484375 0.0265625 0.0265625
0 0.22265625 0.77890625 0.084375 0.0828125
0 0.23671875 0.72265625 0.040625 0.040625
0 0.32109375 0.5296875 0.0296875 0.028125
0 0.43046875 0.5953125 0.0625 0.059375
0 0.33046875 0.634375 0.0921875 0.0890625
0 0.14296875 0.4734375 0.1703125 0.16875
0 0.04296875 0.4125 0.0859375 0.090625
0 0.021875 0.36640625 0.04375 0.0671875
0 0.06015625 0.21171875 0.1203125 0.19375
0 0.44140625 0.021875 0.040625 0.040625
0 0.70078125 0.32109375 0.040625 0.0390625
0 0.76953125 0.48203125 0.0671875 0.065625
0 0.8953125 0.34375 0.125 0.1234375
0 0.97734375 0.05390625 0.0359375 0.034375
0 0.64921875 0.4 0.0984375 0.0953125
0 0.90234375 0.171875 0.1765625 0.1703125
0 0.884375 0.06953125 0.084375 0.0828125
0 0.6234375 0.578125 0.0796875 0.0796875