0 0.68125 0.33671875 0.3921875 0.290625
0 0.9484375 0.946875 0.103125 0.084375
0 0.66328125 0.946875 0.0390625 0.0296875
0 0.63671875 0.9359375 0.0609375 0.0453125
0 0.4265625 0.90234375 0.040625 0.03125
0 0.071875 0.53515625 0.1015625 0.0765625
0 0.15390625 0.8171875 0.1234375 0.09375
0 0.03359375 0.7984375 0.04375 0.034375
0 0.1390625 0.9640625 0.0515625 0.0390625
0 0.2015625 0.90625 0.0625 0.0453125
0 0.24609375 0.90234375 0.0484375 0.0359375
0 0.2515625 0.7953125 0.040625 0.03125
0 0.290625 0.8375 0.0390625 0.0296875
0 0.390625 0.8140625 0.040625 0.03125
0 0.69453125 0.8390625 0.0515625 0.0390625
0 0.73828125 0.81640625 0.0390625 0.0296875
0 0.4390625 0.78828125 0.034375 0.0234375
0 0.265625 0.45078125 0.1421875 0.10625
0 0.4375 0.3921875 0.0453125 0.0328125
0 0.49609375 0.4359375 0.034375 0.025
0 0.9171875 0.6078125 0.0515625 0.0390625
0 0.86875 0.5953125 0.1875 0.1390625
0 0.7859375 0.75859375 0.034375 0.0265625
0 0.896875 0.80546875 0.0453125 0.034375
0 0.85234375 0.41484375 0.16875 0.128125
0 0.7640625 0.16796875 0.05625 0.040625
0 0.5140625 0.1828125 0.034375 0.0265625
0 0.53828125 0.23046875 0.1078125 0.0828125
0 0.53125 0.13359375 0.034375 0.0265625
0 0.56484375 0.1421875 0.10625 0.0765625
0 0.43359375 0.134375 0.0390625 0.0296875
0 0.35703125 0.1234375 0.04375 0.034375
0 0.8171875 0.0578125 0.10625 0.0796875
0 0.978125 0.1203125 0.04375 0.03125
0 0.928125 0.196875 0.0359375 0.0265625
0 0.83671875 0.21640625 0.034375 0.025
0 0.92421875 0.24375 0.040625 0.03125
0 0.8578125 0.275 0.0359375 0.0265625
0 0.984375 0.2859375 0.03125 0.0265625
0 0.9546875 0.3609375 0.0453125 0.0328125
0 0.0015625 0.0015625 0.0015625 0.0015625
0 0.365625 0.35703125 0.04375 0.03125
0 0.41953125 0.34765625 0.034375 0.025
0 0.3234375 0.2140625 0.0390625 0.0296875
0 0.08203125 0.115625 0.0453125 0.034375
0 0.0453125 0.2484375 0.0515625 0.0390625
0 0.12109375 0.16328125 0.0484375 0.0359375
0 0.015625 0.0359375 0.03125 0.0265625
0 0.37890625 0.0484375 0.1546875 0.096875
0 0.2609375 0.0203125 0.0859375 0.040625
0 0.2203125 0.1 0.0765625 0.0578125
0 0.13125 0.35703125 0.03125 0.0234375
0 0.1890625 0.44609375 0.0796875 0.0578125
0 0.36328125 0.89296875 0.0359375 0.0265625
0 0.39921875 0.96640625 0.03125 0.025
0 0.3421875 0.421875 0.0359375 0.0265625
0 0.11328125 0.2953125 0.034375 0.0234375