0 0.978125 0.5671875 0.034375 0.0234375
0 0.66796875 0.67421875 0.0359375 0.0265625
0 0.5265625 0.63671875 0.0359375 0.0265625
0 0.53359375 0.775 0.034375 0.025
0 0.6265625 0.76796875 0.0984375 0.071875
0 0.484375 0.83515625 0.0390625 0.0296875
0 0.4421875 0.93359375 0.0359375 0.0265625
0 0.39453125 0.9109375 0.034375 0.025
0 0.296875 0.921875 0.0515625 0.0390625
0 0.2984375 0.85234375 0.040625 0.0296875
0 0.246875 0.98984375 0.0375 0.0203125
0 0.35 0.81015625 0.0390625 0.028125
0 0.32421875 0.7703125 0.0484375 0.0359375
0 0.2640625 0.76328125 0.04375 0.03125
0 0.2171875 0.66484375 0.0390625 0.028125
0 0.196875 0.62109375 0.0453125 0.034375
0 0.2171875 0.634375 0.040625 0.028125
0 0.17890625 0.55390625 0.0484375 0.0359375
0 0.165625 0.58671875 0.0359375 0.0265625
0 0.18359375 0.44140625 0.0796875 0.0578125
0 0.18984375 0.19375 0.04375 0.03125
0 0.5109375 0.025 0.0359375 0.0265625
0 0.73671875 0.321875 0.0390625 0.0296875
0 0.74375 0.34609375 0.0359375 0.0265625
0 0.7953125 0.39453125 0.034375 0.025
0 0.7984375 0.43515625 0.0390625 0.0296875
0 0.571875 0.3890625 0.0390625 0.0296875
0 0.92421875 0.0875 0.034375 0.025
0 0.978125 0.1078125 0.0359375 0.0265625