0 0.10234375 0.8640625 0.025 0.025
0 0.08515625 0.790625 0.0484375 0.0484375
0 0.03359375 0.83203125 0.03125 0.0296875
0 0.3078125 0.8578125 0.0265625 0.0265625
0 0.41328125 0.84140625 0.0265625 0.0265625
0 0.7859375 0.9515625 0.0234375 0.025
0 0.78984375 0.975 0.03125 0.03125
0 0.78125 0.35 0.040625 0.040625
0 0.36875 0.6265625 0.0296875 0.028125
0 0.3390625 0.66484375 0.040625 0.040625
0 0.1671875 0.55546875 0.0296875 0.028125
0 0.046875 0.59609375 0.034375 0.03125
0 0.36171875 0.54921875 0.0265625 0.0265625
0 0.4 0.52421875 0.0328125 0.034375
0 0.3140625 0.390625 0.03125 0.03125
0 0.33515625 0.39921875 0.0265625 0.0265625
0 0.34140625 0.41484375 0.03125 0.03125
0 0.26171875 0.4109375 0.0703125 0.0671875
0 0.0828125 0.40859375 0.0265625 0.0265625
0 0.053125 0.21015625 0.05625 0.05625
0 0.36171875 0.07421875 0.03125 0.03125
0 0.353125 0.1703125 0.0265625 0.0265625
0 0.2828125 0.165625 0.0296875 0.0296875
0 0.43125 0.134375 0.03125 0.03125
0 0.60234375 0.08515625 0.0265625 0.0265625
0 0.77890625 0.04296875 0.028125 0.0296875
0 0.9265625 0.0109375 0.0296875 0.021875
0 0.19140625 0.946875 0.04375 0.04375
0 0.15390625 0.96484375 0.0484375 0.0484375
0 0.37109375 0.12734375 0.0390625 0.0390625
0 0.59140625 0.1390625 0.0265625 0.0265625