0 0.1859375 0.0109375 0.0265625 0.021875
0 0.1625 0.040625 0.0625 0.0609375
0 0.28828125 0.078125 0.040625 0.0390625
0 0.44921875 0.1609375 0.03125 0.03125
0 0.6625 0.42890625 0.1015625 0.096875
0 0.66328125 0.4828125 0.040625 0.0390625
0 0.64453125 0.6140625 0.040625 0.0390625
0 0.6921875 0.2828125 0.090625 0.0875
0 0.63359375 0.3421875 0.0453125 0.04375
0 0.63359375 0.2546875 0.0890625 0.0875
0 0.56484375 0.2875 0.0828125 0.0796875
0 0.709375 0.18984375 0.121875 0.115625
0 0.72109375 0.11171875 0.059375 0.0578125
0 0.6546875 0.09765625 0.053125 0.0515625
0 0.78828125 0.0609375 0.0265625 0.025
0 0.8375 0.05859375 0.0359375 0.034375
0 0.91484375 0.0484375 0.03125 0.0296875
0 0.93125 0.146875 0.1375 0.1296875
0 0.928125 0.3546875 0.0265625 0.0265625
0 0.6109375 0.5375 0.1328125 0.125
0 0.3328125 0.53984375 0.0453125 0.04375
0 0.4171875 0.2609375 0.071875 0.0671875
0 0.76796875 0.56875 0.0984375 0.09375
0 0.6609375 0.64921875 0.1609375 0.153125
0 0.43125 0.68046875 0.3390625 0.321875
0 0.39921875 0.62734375 0.0390625 0.0359375
0 0.259375 0.69453125 0.0453125 0.04375
0 0.2546875 0.8546875 0.0390625 0.0359375
0 0.0453125 0.94140625 0.040625 0.0390625
0 0.01796875 0.9234375 0.0359375 0.0390625
0 0.48671875 0.94453125 0.03125 0.0296875
0 0.353125 0.88203125 0.040625 0.0390625
0 0.6609375 0.7859375 0.0359375 0.034375
0 0.571875 0.93359375 0.03125 0.0296875
0 0.6625 0.9828125 0.0265625 0.0265625
0 0.85 0.75390625 0.034375 0.03125
0 0.8328125 0.834375 0.0578125 0.05625
0 0.65390625 0.834375 0.04375 0.040625
0 0.65234375 0.8609375 0.0296875 0.0296875
0 0.64453125 0.88359375 0.0296875 0.0265625
0 0.3703125 0.37265625 0.0453125 0.04375
0 0.1875 0.2359375 0.05625 0.0515625
0 0.77421875 0.33203125 0.040625 0.0390625
0 0.9375 0.69453125 0.0265625 0.0234375
0 0.89765625 0.71171875 0.0265625 0.0234375
0 0.93046875 0.9890625 0.03125 0.021875