0 0.1109375 0.30859375 0.221875 0.240625
0 0.0015625 0.0015625 0.003125 0.003125
0 0.97265625 0.88671875 0.0265625 0.0265625
0 0.49765625 0.8578125 0.065625 0.065625
0 0.48671875 0.81640625 0.0578125 0.0578125
0 0.4015625 0.90859375 0.040625 0.040625
0 0.38359375 0.88671875 0.0359375 0.0359375
0 0.3890625 0.946875 0.0359375 0.0359375
0 0.42421875 0.97734375 0.053125 0.0453125
0 0.36796875 0.93515625 0.0265625 0.0265625
0 0.3484375 0.98671875 0.0234375 0.025
0 0.26171875 0.95546875 0.0359375 0.0359375
0 0.96484375 0.540625 0.040625 0.0390625
0 0.88359375 0.525 0.03125 0.03125
0 0.9265625 0.65234375 0.146875 0.15625
0 0.80859375 0.82578125 0.0265625 0.0265625
0 0.44609375 0.6625 0.0515625 0.0515625
0 0.40234375 0.7359375 0.0359375 0.0359375
0 0.3765625 0.69609375 0.0265625 0.0265625
0 0.46015625 0.5109375 0.0296875 0.0296875
0 0.37890625 0.584375 0.0265625 0.0265625
0 0.75703125 0.6390625 0.0234375 0.025
0 0.87890625 0.2140625 0.0359375 0.0359375
0 0.7703125 0.23828125 0.0265625 0.0265625
0 0.74765625 0.21015625 0.0265625 0.0265625
0 0.6390625 0.3578125 0.03125 0.03125
0 0.60703125 0.32578125 0.034375 0.0328125
0 0.5609375 0.321875 0.0265625 0.0265625
0 0.5828125 0.2078125 0.0484375 0.0484375
0 0.4015625 0.24140625 0.034375 0.034375
0 0.34609375 0.19375 0.0296875 0.0296875
0 0.9359375 0.38125 0.0296875 0.0296875
0 0.9890625 0.49296875 0.021875 0.03125
0 0.953125 0.4578125 0.040625 0.040625
0 0.72265625 0.2640625 0.025 0.0234375
0 0.59375 0.35703125 0.0265625 0.0265625
0 0.3609375 0.446875 0.1296875 0.1296875
0 0.2796875 0.41015625 0.1234375 0.1234375
0 0.08984375 0.45703125 0.0359375 0.0359375
0 0.16796875 0.875 0.04375 0.04375
0 0.18984375 0.9671875 0.065625 0.065625
0 0.05078125 0.81953125 0.0515625 0.0515625
0 0.09140625 0.8703125 0.0609375 0.0609375
0 0.2453125 0.75 0.0265625 0.0265625
0 0.203125 0.69140625 0.159375 0.159375
0 0.08984375 0.6625 0.1296875 0.1296875
0 0.046875 0.578125 0.053125 0.053125
0 0.0140625 0.55859375 0.028125 0.0578125
0 0.19609375 0.18515625 0.0359375 0.0359375
0 0.4171875 0.07421875 0.0296875 0.0296875
0 0.11875 0.10546875 0.121875 0.1234375
0 0.1421875 0.03515625 0.0796875 0.0703125
0 0.59140625 0.0671875 0.0484375 0.0484375
0 0.546875 0.03515625 0.0390625 0.0390625
0 0.56953125 0.021875 0.0390625 0.0390625
0 0.609375 0.12734375 0.0265625 0.0265625
0 0.61796875 0.1578125 0.028125 0.0265625
0 0.65234375 0.1265625 0.040625 0.0390625
0 0.7828125 0.03125 0.0625 0.0625
0 0.79921875 0.0609375 0.0453125 0.0453125
0 0.7640625 0.0890625 0.0703125 0.0703125
0 0.7328125 0.0953125 0.059375 0.0609375
0 0.91953125 0.11796875 0.05625 0.05625
0 0.8796875 0.10234375 0.040625 0.040625
0 0.93046875 0.0875 0.071875 0.071875