0 0.7671875 0.26796875 0.0390625 0.0296875
0 0.92578125 0.8453125 0.0515625 0.040625
0 0.93515625 0.93359375 0.0390625 0.0296875
0 0.72109375 0.3578125 0.034375 0.0265625
0 0.7671875 0.5046875 0.0453125 0.0359375
0 0.47109375 0.83984375 0.0578125 0.0453125
0 0.22578125 0.6421875 0.040625 0.03125
0 0.16796875 0.6546875 0.0390625 0.03125
0 0.015625 0.725 0.03125 0.03125
0 0.0203125 0.75859375 0.040625 0.034375
0 0.459375 0.9 0.05625 0.04375
0 0.36171875 0.984375 0.0453125 0.03125
0 0.0578125 0.55078125 0.0453125 0.0359375
0 0.02265625 0.43359375 0.0453125 0.0484375
0 0.05546875 0.3296875 0.0609375 0.0484375
0 0.07421875 0.7171875 0.0921875 0.071875
0 0.0921875 0.66484375 0.0359375 0.028125
0 0.6671875 0.63359375 0.04375 0.034375
0 0.76171875 0.771875 0.040625 0.03125
0 0.615625 0.8078125 0.034375 0.0265625
0 0.83203125 0.703125 0.0875 0.0703125
0 0.7046875 0.4671875 0.0515625 0.040625
0 0.5875 0.5171875 0.103125 0.0828125
0 0.2453125 0.43125 0.0484375 0.0390625
0 0.35 0.83671875 0.053125 0.04375
0 0.25625 0.7453125 0.05625 0.04375