0 0.83046875 0.62265625 0.0265625 0.0265625
0 0.75625 0.646875 0.040625 0.040625
0 0.7125 0.56640625 0.0265625 0.0265625
0 0.6984375 0.478125 0.0359375 0.0359375
0 0.81953125 0.4828125 0.0296875 0.0296875
0 0.984375 0.13203125 0.0296875 0.0296875
0 0.9578125 0.19375 0.025 0.025
0 0.9421875 0.2921875 0.0359375 0.0359375
0 0.89921875 0.3078125 0.0390625 0.0390625
0 0.9109375 0.2453125 0.0296875 0.0296875
0 0.82421875 0.01328125 0.040625 0.0265625
0 0.790625 0.1875 0.028125 0.0265625
0 0.62109375 0.1859375 0.03125 0.03125
0 0.34765625 0.28515625 0.03125 0.03125
0 0.32578125 0.29296875 0.0265625 0.0265625
0 0.234375 0.49140625 0.0265625 0.025
0 0.37890625 0.51171875 0.0265625 0.0265625
0 0.6578125 0.54453125 0.0453125 0.0453125
0 0.65859375 0.5203125 0.0265625 0.0265625
0 0.69375 0.52265625 0.028125 0.028125
0 0.8609375 0.3546875 0.05625 0.0546875
0 0.43515625 0.4484375 0.034375 0.034375
0 0.1859375 0.50390625 0.04375 0.04375
0 0.22578125 0.59609375 0.034375 0.034375
0 0.31953125 0.5828125 0.04375 0.04375
0 0.28515625 0.60234375 0.04375 0.040625
0 0.0640625 0.4046875 0.03125 0.03125
0 0.084375 0.3265625 0.034375 0.0328125
0 0.0875 0.47109375 0.134375 0.134375
0 0.1140625 0.17578125 0.0390625 0.0390625
0 0.140625 0.60546875 0.0515625 0.0484375
0 0.1859375 0.6609375 0.040625 0.040625
0 0.203125 0.55546875 0.025 0.0234375
0 0.00859375 0.803125 0.0171875 0.025
0 0.04921875 0.86875 0.0359375 0.0359375
0 0.3015625 0.88828125 0.0359375 0.0359375
0 0.4859375 0.78984375 0.0265625 0.0265625
0 0.4015625 0.94453125 0.034375 0.034375
0 0.44609375 0.98046875 0.0484375 0.0390625
0 0.3640625 0.86171875 0.0265625 0.0265625
0 0.71640625 0.75859375 0.0265625 0.0265625
0 0.79296875 0.73046875 0.04375 0.04375
0 0.75625 0.91015625 0.0359375 0.0359375
0 0.81484375 0.7859375 0.0359375 0.0359375
0 0.69921875 0.36875 0.1453125 0.1421875
0 0.81953125 0.40625 0.0703125 0.0703125
0 0.79921875 0.5140625 0.0265625 0.0265625
0 0.77734375 0.5265625 0.0265625 0.0265625
0 0.771875 0.5609375 0.0265625 0.0265625
0 0.55859375 0.19609375 0.03125 0.03125
0 0.5015625 0.7953125 0.415625 0.409375