0 0.0015625 0.0015625 0.003125 0.003125
0 0.0625 0.584375 0.0359375 0.0265625
0 0.0734375 0.4171875 0.0484375 0.0359375
0 0.5265625 0.6359375 0.125 0.09375
0 0.23203125 0.74296875 0.034375 0.0234375
0 0.8765625 0.8890625 0.05625 0.040625
0 0.8890625 0.77734375 0.21875 0.1609375
0 0.9 0.70078125 0.034375 0.025
0 0.7078125 0.51953125 0.034375 0.025
0 0.92421875 0.50625 0.053125 0.0390625
0 0.2765625 0.509375 0.0390625 0.0296875
0 0.84765625 0.9515625 0.040625 0.03125
0 0.97421875 0.6890625 0.0515625 0.040625
0 0.896875 0.2640625 0.2 0.1453125
0 0.69140625 0.2046875 0.2328125 0.1703125
0 0.8421875 0.03359375 0.0765625 0.05625
0 0.7484375 0.07578125 0.1953125 0.1390625
0 0.625 0.0453125 0.09375 0.0671875
0 0.40859375 0.04921875 0.2125 0.0984375
0 0.2671875 0.05078125 0.1734375 0.1015625
0 0.91484375 0.1140625 0.0359375 0.0265625