0 0.328125 0.25390625 0.65625 0.5078125
0 0.00078125 0.00234375 0.0015625 0.0015625
0 0.0796875 0.84375 0.0765625 0.0765625
0 0.06640625 0.7875 0.0703125 0.0703125
0 0.5109375 0.984375 0.0390625 0.03125
0 0.6140625 0.97578125 0.0484375 0.0484375
0 0.72109375 0.8953125 0.0796875 0.0765625
0 0.52421875 0.8296875 0.0703125 0.0703125
0 0.50390625 0.8734375 0.0703125 0.0703125
0 0.44453125 0.82109375 0.065625 0.0625
0 0.5765625 0.89765625 0.0796875 0.0796875
0 0.33046875 0.78125 0.0640625 0.065625
0 0.25 0.79453125 0.0359375 0.034375
0 0.29453125 0.5765625 0.0609375 0.0578125
0 0.26796875 0.6453125 0.1015625 0.0984375
0 0.3609375 0.64765625 0.115625 0.1140625
0 0.375 0.69921875 0.1296875 0.1296875
0 0.03828125 0.69375 0.0765625 0.0984375
0 0.021875 0.43984375 0.04375 0.071875
0 0.1421875 0.6046875 0.21875 0.2171875
0 0.26171875 0.37734375 0.0390625 0.0359375
0 0.4234375 0.45703125 0.0296875 0.0265625
0 0.5046875 0.59609375 0.0296875 0.028125
0 0.47109375 0.69609375 0.025 0.0234375
0 0.6078125 0.68359375 0.0453125 0.04375
0 0.634375 0.62734375 0.0390625 0.0390625
0 0.61328125 0.759375 0.0296875 0.028125
0 0.01953125 0.82578125 0.0390625 0.04375
0 0.76171875 0.8125 0.03125 0.03125
0 0.83515625 0.76953125 0.0859375 0.084375
0 0.859375 0.5 0.18125 0.178125
0 0.82578125 0.53515625 0.04375 0.04375
0 0.80625 0.56875 0.03125 0.03125
0 0.63828125 0.48046875 0.2546875 0.253125
0 0.68515625 0.43125 0.0265625 0.0265625
0 0.7390625 0.6359375 0.04375 0.04375
0 0.709375 0.6078125 0.034375 0.034375
0 0.671875 0.66484375 0.0296875 0.028125
0 0.6609375 0.509375 0.0234375 0.025
0 0.6203125 0.33515625 0.0265625 0.0265625
0 0.5515625 0.35 0.034375 0.0328125
0 0.57578125 0.25 0.0515625 0.0515625
0 0.5140625 0.2765625 0.075 0.071875
0 0.43515625 0.22578125 0.0453125 0.0453125
0 0.4703125 0.17890625 0.0515625 0.0515625
0 0.46640625 0.4046875 0.0609375 0.0578125
0 0.41015625 0.540625 0.0296875 0.028125
0 0.91484375 0.65 0.071875 0.071875
0 0.91484375 0.13671875 0.025 0.025
0 0.765625 0.1625 0.0359375 0.0359375
0 0.7359375 0.18359375 0.059375 0.0578125
0 0.7015625 0.271875 0.025 0.0234375
0 0.70546875 0.35 0.0265625 0.0265625
0 0.76171875 0.37109375 0.034375 0.034375
0 0.78828125 0.0796875 0.04375 0.040625
0 0.365625 0.0421875 0.03125 0.0296875
0 0.33984375 0.14453125 0.03125 0.03125
0 0.3265625 0.1703125 0.0546875 0.05625
0 0.290625 0.13359375 0.0296875 0.0296875
0 0.271875 0.15 0.0453125 0.0453125
0 0.13203125 0.1421875 0.2171875 0.2140625