0 0.734375 0.55078125 0.5296875 0.41875
0 0.865625 0.0484375 0.0484375 0.0390625
0 0.79921875 0.06953125 0.0453125 0.0359375
0 0.72109375 0.021875 0.09375 0.04375
0 0.79453125 0.17890625 0.1015625 0.0796875
0 0.8453125 0.22734375 0.125 0.0984375
0 0.56015625 0.196875 0.084375 0.0671875
0 0.375 0.24140625 0.0609375 0.0484375
0 0.46015625 0.0421875 0.04375 0.0328125
0 0.41484375 0.0640625 0.0828125 0.065625
0 0.86796875 0.040625 0.1609375 0.08125
0 0.96015625 0.0609375 0.0515625 0.0390625
0 0.67578125 0.08984375 0.0625 0.0515625
0 0.2359375 0.146875 0.0828125 0.065625
0 0.09609375 0.96015625 0.090625 0.0703125
0 0.02109375 0.96953125 0.0421875 0.0609375
0 0.04296875 0.7078125 0.034375 0.0265625
0 0.025 0.70859375 0.05 0.0671875
0 0.03125 0.4078125 0.03125 0.0234375
0 0.046875 0.63828125 0.09375 0.0875
0 0.12265625 0.7453125 0.0484375 0.0390625
0 0.03515625 0.8453125 0.053125 0.040625
0 0.021875 0.7703125 0.04375 0.0359375
0 0.1421875 0.9109375 0.075 0.0578125
0 0.17421875 0.96875 0.0796875 0.0625
0 0.11171875 0.6515625 0.0484375 0.0390625
0 0.21484375 0.67578125 0.034375 0.0265625
0 0.44140625 0.459375 0.0796875 0.0625
0 0.49609375 0.3390625 0.0875 0.0703125
0 0.56640625 0.4 0.09375 0.075
0 0.8375 0.8859375 0.0359375 0.0296875
0 0.58671875 0.865625 0.03125 0.025
0 0.50625 0.89453125 0.0359375 0.0265625
0 0.42578125 0.85 0.03125 0.025
0 0.3546875 0.92578125 0.04375 0.034375
0 0.1765625 0.7875 0.0796875 0.0625
0 0.40625 0.40390625 0.0671875 0.0546875
0 0.1390625 0.58203125 0.1203125 0.096875
0 0.93359375 0.37890625 0.040625 0.034375
0 0.4515625 0.13203125 0.0875 0.06875