0 0.9046875 0.2296875 0.096875 0.0796875
0 0.62109375 0.01953125 0.0515625 0.0390625
0 0.54453125 0.053125 0.053125 0.04375
0 0.5921875 0.0671875 0.0390625 0.03125
0 0.46171875 0.08671875 0.0390625 0.03125
0 0.43046875 0.13203125 0.03125 0.0265625
0 0.9625 0.665625 0.075 0.0671875
0 0.915625 0.640625 0.0625 0.0515625
0 0.859375 0.71484375 0.0390625 0.03125
0 0.93984375 0.71015625 0.0515625 0.040625
0 0.928125 0.75625 0.0484375 0.0390625
0 0.94375 0.83671875 0.065625 0.053125
0 0.6828125 0.58046875 0.0765625 0.0625
0 0.68515625 0.63828125 0.103125 0.084375
0 0.72578125 0.72578125 0.1109375 0.090625
0 0.6140625 0.72109375 0.0765625 0.0625
0 0.7953125 0.70546875 0.0890625 0.075
0 0.62265625 0.43359375 0.0515625 0.040625
0 0.57578125 0.49765625 0.0515625 0.040625
0 0.64453125 0.5171875 0.0890625 0.075
0 0.6875 0.5578125 0.0453125 0.0359375
0 0.7546875 0.35078125 0.04375 0.0359375
0 0.8328125 0.49140625 0.09375 0.0765625
0 0.50625 0.52265625 0.034375 0.028125
0 0.53359375 0.478125 0.03125 0.025
0 0.72265625 0.0296875 0.0296875 0.025
0 0.5296875 0.10703125 0.0390625 0.03125
0 0.69921875 0.25234375 0.2015625 0.165625
0 0.52734375 0.22578125 0.128125 0.10625
0 0.35546875 0.38359375 0.0390625 0.03125
0 0.3390625 0.32578125 0.084375 0.0671875
0 0.2671875 0.64453125 0.0390625 0.03125
0 0.28359375 0.62890625 0.0796875 0.065625
0 0.17421875 0.62265625 0.04375 0.034375
0 0.58984375 0.603125 0.0921875 0.075
0 0.109375 0.5171875 0.0296875 0.025
0 0.0921875 0.3859375 0.0375 0.03125
0 0.2671875 0.09765625 0.0640625 0.05625
0 0.29296875 0.271875 0.034375 0.0265625
0 0.48671875 0.59609375 0.10625 0.0875
0 0.3703125 0.03984375 0.040625 0.034375
0 0.0265625 0.80078125 0.0515625 0.040625
0 0.72265625 0.8234375 0.04375 0.0359375
0 0.72734375 0.84765625 0.04375 0.0359375
0 0.546875 0.78828125 0.034375 0.028125