0 0.60546875 0.82421875 0.034375 0.03125
0 0.7921875 0.6078125 0.028125 0.0265625
0 0.44921875 0.87890625 0.040625 0.0390625
0 0.4515625 0.9015625 0.0296875 0.0265625
0 0.46171875 0.69453125 0.040625 0.0390625
0 0.43125 0.72734375 0.0359375 0.034375
0 0.021875 0.91015625 0.04375 0.0453125
0 0.16953125 0.890625 0.0359375 0.034375
0 0.05078125 0.6515625 0.040625 0.0390625
0 0.26796875 0.5828125 0.1421875 0.1328125
0 0.384375 0.48203125 0.0328125 0.03125
0 0.42578125 0.4421875 0.034375 0.03125
0 0.40390625 0.2953125 0.0328125 0.03125
0 0.04296875 0.30859375 0.03125 0.0296875
0 0.28515625 0.4234375 0.0765625 0.071875
0 0.06875 0.4890625 0.0265625 0.025
0 0.7234375 0.078125 0.0625 0.0578125
0 0.625 0.13125 0.034375 0.03125
0 0.4828125 0.10234375 0.053125 0.0515625
0 0.39296875 0.1859375 0.03125 0.0296875
0 0.5828125 0.171875 0.0359375 0.034375
0 0.78984375 0.13125 0.0609375 0.0578125
0 0.68046875 0.0171875 0.03125 0.0296875
0 0.55859375 0.78984375 0.0265625 0.025
0 0.459375 0.63125 0.0359375 0.034375
0 0.1296875 0.61796875 0.128125 0.1203125
0 0.2546875 0.640625 0.0265625 0.0265625
0 0.009375 0.1671875 0.01875 0.03125
0 0.2984375 0.29921875 0.0515625 0.0484375
0 0.4171875 0.0609375 0.125 0.115625
0 0.35234375 0.015625 0.065625 0.03125