0 0.975 0.54296875 0.0265625 0.0265625
0 0.90234375 0.4421875 0.0265625 0.0265625
0 0.9640625 0.3796875 0.025 0.0234375
0 0.6703125 0.28515625 0.025 0.025
0 0.37890625 0.2140625 0.040625 0.040625
0 0.40234375 0.3328125 0.03125 0.03125
0 0.5375 0.43125 0.0265625 0.0265625
0 0.50859375 0.42578125 0.0296875 0.0296875
0 0.40625 0.609375 0.034375 0.034375
0 0.37734375 0.61875 0.0265625 0.0265625
0 0.4734375 0.79453125 0.03125 0.03125
0 0.37265625 0.790625 0.0328125 0.034375
0 0.20078125 0.74609375 0.0265625 0.0265625
0 0.16796875 0.775 0.0265625 0.0265625
0 0.12265625 0.68359375 0.025 0.025
0 0.03359375 0.23828125 0.0296875 0.0296875
0 0.0765625 0.07109375 0.0265625 0.0265625
0 0.0796875 0.3328125 0.05625 0.0546875
0 0.0296875 0.3578125 0.0359375 0.0359375
0 0.459375 0.196875 0.0265625 0.0265625
0 0.45078125 0.7609375 0.0265625 0.0265625
0 0.56484375 0.3015625 0.025 0.0234375
0 0.1734375 0.66796875 0.025 0.025
0 0.3578125 0.50390625 0.0296875 0.0296875
0 0.040625 0.484375 0.0359375 0.0359375