0 0.17890625 0.11796875 0.3578125 0.2359375
0 0.76953125 0.43984375 0.2953125 0.2453125
0 0.00234375 0.0015625 0.0046875 0.003125
0 0.928125 0.8296875 0.0359375 0.0296875
0 0.9125 0.86640625 0.05625 0.0484375
0 0.8640625 0.740625 0.21875 0.1828125
0 0.7203125 0.7015625 0.18125 0.1515625
0 0.8296875 0.63828125 0.065625 0.053125
0 0.90234375 0.64765625 0.053125 0.04375
0 0.71640625 0.58203125 0.0484375 0.040625
0 0.4953125 0.546875 0.096875 0.0796875
0 0.4625 0.5875 0.03125 0.0265625
0 0.38671875 0.59140625 0.0453125 0.0390625
0 0.515625 0.77265625 0.053125 0.04375
0 0.61328125 0.790625 0.0484375 0.040625
0 0.61171875 0.75859375 0.071875 0.059375
0 0.6359375 0.8609375 0.0359375 0.0296875
0 0.42890625 0.94140625 0.04375 0.0359375
0 0.8578125 0.60703125 0.040625 0.034375
0 0.9421875 0.4203125 0.10625 0.0890625
0 0.140625 0.95078125 0.0390625 0.03125
0 0.1875 0.8421875 0.0359375 0.0296875
0 0.0328125 0.87265625 0.0296875 0.025
0 0.053125 0.91796875 0.0578125 0.0484375
0 0.05390625 0.1296875 0.1078125 0.178125
0 0.0203125 0.30390625 0.040625 0.0515625
0 0.17578125 0.20703125 0.1109375 0.0921875
0 0.28828125 0.25 0.053125 0.04375
0 0.38828125 0.228125 0.1703125 0.1421875
0 0.33046875 0.10703125 0.284375 0.2140625
0 0.490625 0.1703125 0.075 0.0625
0 0.48828125 0.2453125 0.0359375 0.03125
0 0.3640625 0.37109375 0.253125 0.2125
0 0.1421875 0.296875 0.2828125 0.2796875
0 0.15625 0.0484375 0.096875 0.0796875
0 0.740625 0.13203125 0.1234375 0.1
0 0.9359375 0.20546875 0.0484375 0.040625
0 0.9234375 0.22109375 0.0296875 0.025
0 0.82578125 0.2671875 0.071875 0.0609375
0 0.80859375 0.32109375 0.053125 0.04375
0 0.7359375 0.2640625 0.028125 0.0234375
0 0.665625 0.2765625 0.028125 0.0234375
0 0.93046875 0.040625 0.1296875 0.08125
0 0.8328125 0.046875 0.03125 0.0265625
0 0.9640625 0.08671875 0.03125 0.0265625
0 0.89453125 0.25625 0.05625 0.0453125