0 0.68515625 0.8578125 0.04375 0.04375
0 0.71171875 0.8296875 0.0234375 0.025
0 0.7453125 0.8703125 0.040625 0.040625
0 0.75859375 0.84140625 0.0234375 0.025
0 0.78828125 0.8453125 0.059375 0.0578125
0 0.86640625 0.81015625 0.034375 0.034375
0 0.7484375 0.9328125 0.11875 0.115625
0 0.71484375 0.97578125 0.025 0.025
0 0.59375 0.64921875 0.0265625 0.0265625
0 0.609375 0.50625 0.0265625 0.025
0 0.65 0.5046875 0.040625 0.0390625
0 0.69140625 0.50859375 0.03125 0.03125
0 0.71015625 0.52890625 0.0359375 0.0359375
0 0.68984375 0.72109375 0.0453125 0.0453125
0 0.7671875 0.7078125 0.0453125 0.0453125
0 0.81484375 0.6625 0.0484375 0.0453125
0 0.91328125 0.60078125 0.04375 0.04375
0 0.9015625 0.58671875 0.0359375 0.0359375
0 0.9390625 0.7640625 0.0359375 0.034375
0 0.90234375 0.03984375 0.0296875 0.0265625
0 0.86640625 0.1203125 0.04375 0.040625
0 0.834375 0.19453125 0.03125 0.03125
0 0.7484375 0.46484375 0.034375 0.034375
0 0.7015625 0.4703125 0.0265625 0.025
0 0.56875 0.4734375 0.0359375 0.0359375
0 0.65625 0.35234375 0.0265625 0.0234375
0 0.6765625 0.2546875 0.0234375 0.025
0 0.14453125 0.103125 0.0265625 0.0265625
0 0.1703125 0.4046875 0.0296875 0.0296875
0 0.0765625 0.50625 0.03125 0.028125
0 0.61171875 0.89453125 0.040625 0.040625
0 0.6296875 0.1859375 0.0234375 0.025
0 0.7046875 0.3640625 0.0359375 0.034375
0 0.60546875 0.459375 0.0296875 0.0296875
0 0.65625 0.69609375 0.034375 0.03125
0 0.7015625 0.75703125 0.028125 0.028125
0 0.5265625 0.67578125 0.10625 0.103125