0 0.7640625 0.3953125 0.23125 0.2046875
0 0.49296875 0.759375 0.3125 0.275
0 0.9265625 0.0265625 0.0296875 0.0265625
0 0.078125 0.6 0.0296875 0.025
0 0.040625 0.3921875 0.034375 0.0296875
0 0.4203125 0.11640625 0.0359375 0.03125
0 0.43125 0.20078125 0.0296875 0.025
0 0.3765625 0.2078125 0.03125 0.0265625
0 0.46875 0.2828125 0.03125 0.0265625
0 0.6421875 0.4890625 0.03125 0.0265625
0 0.475 0.571875 0.0484375 0.040625
0 0.3640625 0.5640625 0.0484375 0.04375
0 0.72578125 0.68125 0.028125 0.0265625
0 0.8734375 0.69140625 0.0390625 0.034375
0 0.9234375 0.7234375 0.0359375 0.03125
0 0.80625 0.78359375 0.053125 0.0453125
0 0.75625 0.80078125 0.0515625 0.0453125
0 0.81484375 0.82578125 0.0390625 0.034375
0 0.7125 0.8265625 0.028125 0.0265625
0 0.7359375 0.53828125 0.03125 0.028125
0 0.71015625 0.55390625 0.028125 0.0234375
0 0.7671875 0.4859375 0.040625 0.0359375
0 0.88671875 0.24140625 0.05625 0.0484375
0 0.76328125 0.19453125 0.03125 0.0265625
0 0.8796875 0.4109375 0.0390625 0.034375
0 0.28359375 0.58046875 0.0453125 0.040625
0 0.00234375 0.00234375 0.0015625 0.0015625
0 0.8765625 0.1421875 0.0875 0.0765625
0 0.8234375 0.8765625 0.034375 0.0296875
0 0.74609375 0.84140625 0.0296875 0.025