0 0.88203125 0.21171875 0.10625 0.0984375
0 0.7984375 0.1546875 0.0390625 0.0359375
0 0.76796875 0.1265625 0.040625 0.0359375
0 0.7125 0.040625 0.059375 0.05625
0 0.6625 0.0875 0.059375 0.05625
0 0.66953125 0.0375 0.040625 0.0359375
0 0.69140625 0.16015625 0.0453125 0.04375
0 0.703125 0.2515625 0.0578125 0.053125
0 0.87890625 0.36875 0.1640625 0.1515625
0 0.78125 0.42890625 0.065625 0.0609375
0 0.7515625 0.36640625 0.1140625 0.10625
0 0.94609375 0.43515625 0.0453125 0.04375
0 0.88359375 0.4484375 0.0390625 0.0359375
0 0.81484375 0.453125 0.0359375 0.034375
0 0.71015625 0.10234375 0.0359375 0.03125
0 0.5375 0.01953125 0.059375 0.0390625
0 0.47265625 0.0203125 0.075 0.040625
0 0.07578125 0.0515625 0.1515625 0.103125
0 0.05390625 0.16484375 0.0453125 0.04375
0 0.1046875 0.14296875 0.0703125 0.065625
0 0.015625 0.09765625 0.03125 0.05625
0 0.26171875 0.16015625 0.10625 0.0984375
0 0.3015625 0.115625 0.0359375 0.034375
0 0.4046875 0.1625 0.09375 0.0875
0 0.4375 0.4125 0.05625 0.053125
0 0.54453125 0.44453125 0.0625 0.0578125
0 0.25703125 0.36796875 0.0296875 0.0265625
0 0.203125 0.4359375 0.0265625 0.025
0 0.2078125 0.64765625 0.0359375 0.034375
0 0.2703125 0.39765625 0.284375 0.2625
0 0.2203125 0.7359375 0.440625 0.4765625
0 0.48828125 0.5109375 0.21875 0.2015625
0 0.6453125 0.8953125 0.0890625 0.0828125
0 0.74375 0.85703125 0.03125 0.0296875
0 0.5484375 0.2046875 0.096875 0.0890625
0 0.48046875 0.1265625 0.0359375 0.0328125
0 0.6140625 0.12265625 0.0515625 0.0484375
0 0.62890625 0.24140625 0.034375 0.03125
0 0.6859375 0.4359375 0.1203125 0.1109375
0 0.75 0.08203125 0.03125 0.0296875
0 0.92890625 0.103125 0.0296875 0.0265625
0 0.84609375 0.6671875 0.053125 0.0484375
0 0.7328125 0.6625 0.034375 0.03125
0 0.584375 0.71640625 0.2515625 0.2328125
0 0.49609375 0.646875 0.040625 0.0390625
0 0.88828125 0.853125 0.03125 0.0296875
0 0.9625 0.884375 0.034375 0.03125
0 0.97734375 0.7328125 0.0265625 0.0265625
0 0.91015625 0.71875 0.03125 0.0296875
0 0.92421875 0.60703125 0.1515625 0.1453125
0 0.49140625 0.5 0.0296875 0.0265625
0 0.08984375 0.31484375 0.1421875 0.1328125