0 0.015625 0.83046875 0.0265625 0.0265625
0 0.0515625 0.853125 0.0265625 0.025
0 0.08203125 0.9046875 0.03125 0.0296875
0 0.01171875 0.63515625 0.0234375 0.0453125
0 0.6859375 0.80078125 0.1390625 0.134375
0 0.37109375 0.76796875 0.0296875 0.028125
0 0.225 0.74609375 0.03125 0.03125
0 0.540625 0.75 0.2078125 0.196875
0 0.63828125 0.62890625 0.0703125 0.0671875
0 0.8171875 0.77734375 0.0265625 0.0265625
0 0.9515625 0.665625 0.096875 0.096875
0 0.96640625 0.7234375 0.0671875 0.075
0 0.85546875 0.77890625 0.0453125 0.04375
0 0.00234375 0.00234375 0.0015625 0.0015625
0 0.81015625 0.74765625 0.0453125 0.04375
0 0.8296875 0.55546875 0.1203125 0.115625
0 0.7046875 0.2140625 0.065625 0.0625
0 0.671875 0.365625 0.1109375 0.10625
0 0.70703125 0.28359375 0.1015625 0.0984375
0 0.95625 0.3 0.0875 0.084375
0 0.85078125 0.0640625 0.053125 0.0515625
0 0.81484375 0.12734375 0.0671875 0.0625
0 0.47109375 0.21875 0.0484375 0.0453125
0 0.46875 0.3390625 0.35625 0.3390625
0 0.24609375 0.4234375 0.03125 0.03125
0 0.0921875 0.2984375 0.034375 0.03125
0 0.5875 0.5203125 0.071875 0.0703125
0 0.60234375 0.5671875 0.040625 0.040625
0 0.7546875 0.4265625 0.0453125 0.0453125
0 0.38828125 0.2328125 0.0609375 0.0578125