0 0.865625 0.0828125 0.084375 0.0828125
0 0.91796875 0.14453125 0.0296875 0.0296875
0 0.7828125 0.45546875 0.025 0.025
0 0.696875 0.4046875 0.034375 0.034375
0 0.6859375 0.43515625 0.053125 0.053125
0 0.65859375 0.36640625 0.03125 0.03125
0 0.553125 0.38203125 0.03125 0.03125
0 0.578125 0.65390625 0.025 0.025
0 0.5265625 0.5984375 0.040625 0.040625
0 0.4421875 0.55546875 0.034375 0.034375
0 0.428125 0.65859375 0.025 0.025
0 0.42890625 0.46640625 0.0296875 0.0296875
0 0.103125 0.71171875 0.03125 0.03125
0 0.17578125 0.43046875 0.03125 0.03125
0 0.15390625 0.48046875 0.0265625 0.0265625
0 0.20703125 0.665625 0.0265625 0.0265625
0 0.18046875 0.88671875 0.03125 0.03125
0 0.7390625 0.83984375 0.0265625 0.0265625
0 0.8015625 0.9203125 0.053125 0.053125
0 0.76953125 0.9625 0.0359375 0.0359375
0 0.76796875 0.8796875 0.034375 0.034375
0 0.41796875 0.9375 0.0671875 0.065625
0 0.765625 0.6578125 0.165625 0.1640625
0 0.84375 0.865625 0.040625 0.040625