0 0.14453125 0.14921875 0.2890625 0.2984375
0 0.790625 0.77421875 0.03125 0.03125
0 0.80546875 0.8328125 0.165625 0.165625
0 0.8796875 0.7359375 0.04375 0.04375
0 0.85 0.69375 0.0296875 0.028125
0 0.60234375 0.80390625 0.0515625 0.0515625
0 0.5046875 0.88203125 0.034375 0.03125
0 0.5796875 0.8390625 0.1765625 0.1734375
0 0.421875 0.96640625 0.03125 0.0296875
0 0.38828125 0.9875 0.0234375 0.025
0 0.35078125 0.9640625 0.0390625 0.0390625
0 0.3140625 0.946875 0.03125 0.03125
0 0.44375 0.85234375 0.034375 0.034375
0 0.39453125 0.8953125 0.0265625 0.0265625
0 0.35546875 0.86640625 0.0296875 0.0296875
0 0.36171875 0.88671875 0.0390625 0.0390625
0 0.303125 0.88359375 0.040625 0.040625
0 0.33046875 0.78359375 0.0546875 0.05625
0 0.2484375 0.75390625 0.071875 0.071875
0 0.24609375 0.8390625 0.0265625 0.0265625
0 0.19375 0.86640625 0.0359375 0.0359375
0 0.13203125 0.88125 0.03125 0.03125
0 0.19453125 0.74609375 0.0296875 0.0265625
0 0.0609375 0.78359375 0.0390625 0.0359375
0 0.08515625 0.82109375 0.0265625 0.0265625
0 0.19140625 0.7796875 0.0515625 0.0515625
0 0.02890625 0.859375 0.0390625 0.0390625
0 0.13359375 0.328125 0.0578125 0.0578125
0 0.0109375 0.61875 0.021875 0.034375
0 0.12890625 0.578125 0.0671875 0.0671875
0 0.15234375 0.4828125 0.0265625 0.0265625
0 0.06015625 0.44375 0.0265625 0.0265625
0 0.19453125 0.58984375 0.0515625 0.0515625
0 0.29296875 0.43359375 0.025 0.025
0 0.2453125 0.478125 0.0234375 0.025
0 0.2171875 0.46171875 0.040625 0.040625
0 0.228125 0.42421875 0.0484375 0.0453125
0 0.2328125 0.3703125 0.0453125 0.0453125
0 0.1671875 0.43515625 0.0265625 0.0265625
0 0.18125 0.40625 0.0359375 0.0359375
0 0.2875 0.5578125 0.0265625 0.0265625
0 0.29296875 0.47734375 0.025 0.025
0 0.3484375 0.41484375 0.0765625 0.0765625
0 0.47578125 0.7296875 0.03125 0.03125
0 0.27265625 0.31640625 0.071875 0.071875
0 0.2859375 0.22578125 0.1203125 0.1171875
0 0.2953125 0.06953125 0.040625 0.040625
0 0.8234375 0.1609375 0.2765625 0.275
0 0.69453125 0.27734375 0.0265625 0.0265625
0 0.790625 0.36328125 0.190625 0.1875
0 0.72734375 0.40390625 0.1859375 0.1859375
0 0.515625 0.5140625 0.0765625 0.0765625
0 0.5875 0.55859375 0.0359375 0.0359375
0 0.5296875 0.396875 0.028125 0.0296875
0 0.775 0.52890625 0.028125 0.028125
0 0.81640625 0.5640625 0.0296875 0.028125
0 0.83515625 0.49296875 0.065625 0.0625
0 0.92578125 0.43515625 0.025 0.025
0 0.63359375 0.60078125 0.065625 0.065625
0 0.72109375 0.646875 0.028125 0.028125
0 0.93046875 0.31953125 0.09375 0.09375
0 0.95625 0.3875 0.0875 0.0875
0 0.94453125 0.53359375 0.034375 0.034375
0 0.8921875 0.4890625 0.0265625 0.0265625
0 0.9671875 0.51171875 0.025 0.025
0 0.709375 0.015625 0.0625 0.03125
0 0.775 0.021875 0.065625 0.04375