0 0.18515625 0.92890625 0.0390625 0.034375
0 0.04296875 0.953125 0.0859375 0.084375
0 0.084375 0.92578125 0.1234375 0.1140625
0 0.03828125 0.87265625 0.0578125 0.053125
0 0.0578125 0.83046875 0.0359375 0.034375
0 0.0171875 0.8328125 0.034375 0.0359375
0 0.025 0.684375 0.05 0.05
0 0.14453125 0.5671875 0.034375 0.03125
0 0.15 0.68046875 0.0453125 0.040625
0 0.3609375 0.90859375 0.04375 0.0390625
0 0.35 0.8796875 0.053125 0.0484375
0 0.365625 0.85078125 0.0390625 0.0359375
0 0.5015625 0.86875 0.0390625 0.0359375
0 0.5296875 0.88359375 0.028125 0.0265625
0 0.53359375 0.7515625 0.04375 0.0390625
0 0.3234375 0.91484375 0.0296875 0.0265625
0 0.2703125 0.896875 0.0484375 0.04375
0 0.2671875 0.80078125 0.03125 0.0265625
0 0.1546875 0.8015625 0.04375 0.0390625
0 0.01796875 0.7984375 0.0359375 0.03125
0 0.29921875 0.46171875 0.0703125 0.0625
0 0.22265625 0.490625 0.0703125 0.0625
0 0.06875 0.41015625 0.0359375 0.034375
0 0.50625 0.603125 0.034375 0.03125
0 0.4734375 0.61328125 0.03125 0.0296875
0 0.56484375 0.696875 0.0703125 0.0625
0 0.58671875 0.7296875 0.028125 0.0265625
0 0.634375 0.67890625 0.040625 0.0390625
0 0.63203125 0.75 0.034375 0.0296875
0 0.6140625 0.72578125 0.034375 0.03125
0 0.3796875 0.49765625 0.0796875 0.071875
0 0.3703125 0.41796875 0.0765625 0.0703125
0 0.76796875 0.7046875 0.0359375 0.034375
0 0.8328125 0.8015625 0.065625 0.0609375
0 0.81640625 0.7640625 0.0515625 0.0453125
0 0.58515625 0.42890625 0.0265625 0.025
0 0.5578125 0.48046875 0.0359375 0.03125
0 0.54453125 0.4421875 0.053125 0.0484375
0 0.44453125 0.5265625 0.03125 0.028125
0 0.84765625 0.55625 0.065625 0.059375
0 0.76328125 0.5421875 0.0515625 0.0453125
0 0.72265625 0.5578125 0.034375 0.03125
0 0.96015625 0.91796875 0.053125 0.0484375
0 0.90859375 0.4046875 0.040625 0.0390625
0 0.884375 0.34140625 0.0609375 0.0546875
0 0.87109375 0.2921875 0.034375 0.03125
0 0.78125 0.26171875 0.065625 0.0609375
0 0.72109375 0.28515625 0.0765625 0.0703125
0 0.7359375 0.36171875 0.084375 0.0765625
0 0.68046875 0.3375 0.096875 0.0859375
0 0.88359375 0.04296875 0.1734375 0.0859375
0 0.6921875 0.0203125 0.03125 0.0296875
0 0.6515625 0.0359375 0.0546875 0.0515625
0 0.9625 0.16796875 0.034375 0.03125
0 0.75625 0.2015625 0.0390625 0.0359375
0 0.6140625 0.2546875 0.040625 0.0359375
0 0.42890625 0.0578125 0.0296875 0.025
0 0.51171875 0.05390625 0.0453125 0.040625
0 0.5328125 0.0796875 0.0359375 0.03125
0 0.59765625 0.09609375 0.0484375 0.04375
0 0.3015625 0.16953125 0.03125 0.0265625
0 0.27734375 0.3171875 0.0578125 0.053125
0 0.40859375 0.2203125 0.04375 0.040625
0 0.53828125 0.24609375 0.0265625 0.025
0 0.67578125 0.52734375 0.2140625 0.1953125