0 0.396875 0.646875 0.034375 0.03125
0 0.56484375 0.12265625 0.034375 0.03125
0 0.5171875 0.36171875 0.03125 0.0296875
0 0.525 0.84140625 0.028125 0.0265625
0 0.509375 0.98203125 0.0265625 0.025
0 0.553125 0.98046875 0.03125 0.0296875
0 0.12890625 0.85234375 0.0453125 0.040625
0 0.35 0.8796875 0.0296875 0.0265625
0 0.9109375 0.88125 0.034375 0.03125
0 0.5890625 0.87734375 0.03125 0.0296875
0 0.4578125 0.7390625 0.0296875 0.0265625
0 0.11640625 0.82109375 0.0453125 0.040625
0 0.4484375 0.7765625 0.071875 0.065625
0 0.02421875 0.65859375 0.0265625 0.025