0 0.8890625 0.60703125 0.0265625 0.0265625
0 0.88125 0.5140625 0.1375 0.1375
0 0.98203125 0.9234375 0.0359375 0.040625
0 0.74140625 0.8640625 0.0625 0.0625
0 0.790625 0.771875 0.034375 0.034375
0 0.7484375 0.68984375 0.0265625 0.0265625
0 0.69609375 0.9421875 0.1171875 0.115625
0 0.9828125 0.6734375 0.034375 0.040625
0 0.915625 0.74296875 0.0265625 0.0265625
0 0.96875 0.72265625 0.03125 0.03125
0 0.615625 0.8703125 0.040625 0.040625
0 0.55078125 0.9640625 0.0265625 0.0265625
0 0.65234375 0.60703125 0.2 0.196875
0 0.49609375 0.571875 0.2265625 0.2234375
0 0.68046875 0.39453125 0.1828125 0.1828125
0 0.43046875 0.36796875 0.2359375 0.2359375
0 0.709375 0.45546875 0.0578125 0.0578125
0 0.58203125 0.46875 0.0265625 0.0265625
0 0.353125 0.7921875 0.0328125 0.034375
0 0.3921875 0.6578125 0.0296875 0.028125
0 0.42421875 0.4671875 0.04375 0.04375
0 0.52421875 0.390625 0.0265625 0.0265625
0 0.46875 0.3078125 0.065625 0.065625
0 0.19453125 0.3796875 0.1140625 0.1109375
0 0.31640625 0.37890625 0.025 0.025
0 0.2984375 0.30390625 0.0296875 0.0296875
0 0.5453125 0.26171875 0.053125 0.053125
0 0.5484375 0.34375 0.071875 0.0703125
0 0.58046875 0.4390625 0.0265625 0.0265625
0 0.6984375 0.54453125 0.040625 0.040625
0 0.725 0.5 0.0265625 0.0265625
0 0.321875 0.696875 0.03125 0.03125
0 0.1984375 0.75703125 0.1609375 0.159375
0 0.12265625 0.8109375 0.05625 0.05625
0 0.0265625 0.91953125 0.053125 0.05625
0 0.05078125 0.96484375 0.0390625 0.0390625
0 0.48203125 0.83671875 0.0484375 0.0484375
0 0.5046875 0.75703125 0.2734375 0.2734375
0 0.24140625 0.65390625 0.04375 0.04375
0 0.19453125 0.640625 0.025 0.025
0 0.0921875 0.58671875 0.0703125 0.0703125
0 0.03125 0.821875 0.0625 0.071875
0 0.08515625 0.06953125 0.03125 0.03125
0 0.078125 0.09375 0.040625 0.040625
0 0.12109375 0.24765625 0.1390625 0.1375
0 0.0609375 0.17890625 0.10625 0.10625
0 0.04453125 0.25859375 0.0265625 0.0265625
0 0.05078125 0.32578125 0.0296875 0.0296875
0 0.03515625 0.48671875 0.0296875 0.028125
0 0.21484375 0.021875 0.0359375 0.0359375
0 0.4203125 0.115625 0.053125 0.053125
0 0.396875 0.13203125 0.040625 0.040625
0 0.3734375 0.15859375 0.0265625 0.0265625
0 0.62734375 0.17578125 0.028125 0.0296875
0 0.6578125 0.1453125 0.0625 0.0625
0 0.6921875 0.271875 0.028125 0.0296875
0 0.5984375 0.2765625 0.0265625 0.0265625
0 0.5875 0.05859375 0.053125 0.053125
0 0.49609375 0.084375 0.0265625 0.0265625
0 0.7515625 0.21015625 0.0578125 0.0578125
0 0.75703125 0.1765625 0.034375 0.0328125
0 0.8375 0.1765625 0.0359375 0.0359375
0 0.8078125 0.0609375 0.0359375 0.0359375
0 0.853125 0.103125 0.0609375 0.0578125
0 0.89921875 0.1078125 0.0390625 0.0375
0 0.94140625 0.2171875 0.0296875 0.0296875
0 0.88828125 0.23828125 0.0484375 0.0484375
0 0.765625 0.3109375 0.0359375 0.0359375
0 0.85234375 0.32421875 0.0703125 0.0671875
0 0.78125 0.3578125 0.03125 0.03125
0 0.79296875 0.47265625 0.0453125 0.0453125
0 0.821875 0.39765625 0.0765625 0.0765625
0 0.9 0.4359375 0.0609375 0.0609375
0 0.96640625 0.4125 0.03125 0.03125
0 0.9078125 0.3328125 0.0984375 0.0984375
0 0.96875 0.275 0.034375 0.0328125
0 0.875 0.0296875 0.0296875 0.0296875
0 0.9875 0.071875 0.025 0.03125
0 0.4109375 0.23828125 0.0515625 0.0515625
0 0.28828125 0.225 0.16875 0.165625