0 0.52265625 0.8578125 0.0484375 0.0484375
0 0.52265625 0.88671875 0.034375 0.034375
0 0.615625 0.81015625 0.0703125 0.0703125
0 0.0375 0.790625 0.034375 0.034375
0 0.83671875 0.9640625 0.034375 0.034375
0 0.76796875 0.775 0.028125 0.0265625
0 0.6609375 0.84140625 0.059375 0.0609375
0 0.49296875 0.76171875 0.03125 0.03125
0 0.69453125 0.571875 0.040625 0.0390625
0 0.6421875 0.75234375 0.0484375 0.0484375
0 0.540625 0.609375 0.3015625 0.3015625
0 0.415625 0.74296875 0.0578125 0.0578125
0 0.165625 0.709375 0.0328125 0.034375
0 0.18515625 0.728125 0.0265625 0.0265625
0 0.0453125 0.6984375 0.0296875 0.028125
0 0.09375 0.79921875 0.0515625 0.0515625
0 0.17890625 0.64921875 0.0375 0.0390625
0 0.1453125 0.58671875 0.0359375 0.0359375
0 0.084375 0.7765625 0.03125 0.03125
0 0.7296875 0.95078125 0.0265625 0.0265625
0 0.66953125 0.9328125 0.0765625 0.0765625
0 0.94609375 0.76796875 0.025 0.025
0 0.97109375 0.2671875 0.0484375 0.0484375
0 0.8953125 0.6625 0.0484375 0.0484375
0 0.8453125 0.66796875 0.0265625 0.0265625
0 0.8609375 0.69921875 0.0609375 0.0609375
0 0.78984375 0.69609375 0.0765625 0.0765625
0 0.8765625 0.51328125 0.0296875 0.0296875
0 0.85703125 0.47109375 0.03125 0.03125
0 0.90625 0.60078125 0.053125 0.053125
0 0.759375 0.44453125 0.040625 0.040625
0 0.92578125 0.38671875 0.0796875 0.0796875
0 0.82109375 0.32578125 0.0484375 0.0484375
0 0.78359375 0.3421875 0.0453125 0.0453125
0 0.765625 0.296875 0.0296875 0.0296875
0 0.78828125 0.21484375 0.0234375 0.025
0 0.91328125 0.25859375 0.03125 0.03125
0 0.90859375 0.08984375 0.0390625 0.0359375
0 0.9484375 0.06875 0.040625 0.040625
0 0.92578125 0.01953125 0.03125 0.03125
0 0.7984375 0.03984375 0.0484375 0.0484375
0 0.68984375 0.45078125 0.025 0.025
0 0.625 0.24140625 0.228125 0.228125
0 0.56640625 0.1421875 0.04375 0.04375
0 0.44921875 0.34140625 0.025 0.0234375
0 0.31640625 0.47734375 0.0390625 0.0359375
0 0.34765625 0.546875 0.0390625 0.0390625
0 0.24609375 0.55546875 0.0296875 0.028125
0 0.38203125 0.60703125 0.04375 0.040625
0 0.4 0.6453125 0.0328125 0.034375
0 0.359375 0.6578125 0.0265625 0.0265625
0 0.36796875 0.68515625 0.0296875 0.028125
0 0.48828125 0.55859375 0.0296875 0.0296875
0 0.634375 0.5984375 0.03125 0.03125
0 0.4625 0.30390625 0.025 0.0234375
0 0.22734375 0.29453125 0.03125 0.03125
0 0.1734375 0.28359375 0.03125 0.03125
0 0.1578125 0.31953125 0.0328125 0.034375
0 0.1859375 0.43515625 0.0453125 0.0453125
0 0.084375 0.55859375 0.0453125 0.0453125
0 0.10234375 0.5328125 0.0296875 0.028125
0 0.03828125 0.515625 0.034375 0.034375
0 0.03125 0.5796875 0.0625 0.065625
0 0.08203125 0.61171875 0.0296875 0.028125
0 0.0609375 0.31015625 0.04375 0.04375
0 0.08984375 0.290625 0.0296875 0.0296875
0 0.1828125 0.1859375 0.0296875 0.0296875
0 0.22578125 0.15390625 0.025 0.025
0 0.4328125 0.4359375 0.0265625 0.0265625
0 0.396875 0.459375 0.0578125 0.0578125
0 0.3765625 0.5140625 0.0453125 0.0453125
0 0.1 0.234375 0.0265625 0.0265625
0 0.06953125 0.20078125 0.0828125 0.0828125
0 0.0875 0.14921875 0.04375 0.04375
0 0.1 0.10078125 0.03125 0.03125
0 0.12734375 0.12890625 0.0484375 0.0484375
0 0.146875 0.1625 0.025 0.025
0 0.165625 0.05546875 0.0296875 0.0296875
0 0.03359375 0.140625 0.0515625 0.0515625
0 0.09765625 0.4125 0.0390625 0.0390625
0 0.21015625 0.40390625 0.0265625 0.0234375
0 0.19140625 0.025 0.0484375 0.0484375
0 0.62890625 0.00859375 0.03125 0.0171875
0 0.6578125 0.01953125 0.05625 0.0390625
0 0.45546875 0.209375 0.121875 0.121875
0 0.5140625 0.1578125 0.0671875 0.0671875
0 0.046875 0.0296875 0.0296875 0.0296875
0 0.0265625 0.01171875 0.03125 0.0234375
0 0.0171875 0.05390625 0.025 0.025