0 0.3140625 0.0578125 0.03125 0.03125
0 0.1359375 0.2078125 0.0265625 0.0265625
0 0.60546875 0.20546875 0.0265625 0.025
0 0.80390625 0.959375 0.0265625 0.0265625
0 0.9046875 0.7921875 0.0265625 0.0265625
0 0.93046875 0.49296875 0.1078125 0.10625
0 0.84609375 0.36640625 0.053125 0.053125
0 0.8453125 0.2671875 0.040625 0.0390625
0 0.66328125 0.5265625 0.0484375 0.0484375
0 0.78828125 0.67421875 0.040625 0.0390625
0 0.75234375 0.6390625 0.2140625 0.209375
0 0.646875 0.84609375 0.028125 0.0296875
0 0.81484375 0.796875 0.053125 0.053125
0 0.53515625 0.9578125 0.0265625 0.0265625
0 0.4796875 0.90234375 0.0265625 0.0265625
0 0.484375 0.290625 0.0296875 0.0296875
0 0.4421875 0.33046875 0.0265625 0.0265625
0 0.375 0.85078125 0.034375 0.034375
0 0.17421875 0.8578125 0.0359375 0.034375
0 0.16015625 0.8296875 0.04375 0.04375
0 0.1421875 0.92578125 0.025 0.025
0 0.05078125 0.90234375 0.025 0.025
0 0.01171875 0.93671875 0.0234375 0.0234375
0 0.0625 0.86796875 0.0296875 0.0296875
0 0.1578125 0.43359375 0.025 0.025