0 0.0578125 0.19453125 0.03125 0.0296875
0 0.23046875 0.55078125 0.1015625 0.096875
0 0.11171875 0.04921875 0.0375 0.0359375
0 0.14921875 0.1703125 0.0265625 0.025
0 0.44921875 0.165625 0.03125 0.0296875
0 0.4046875 0.48046875 0.03125 0.03125
0 0.35234375 0.48828125 0.0265625 0.0265625
0 0.32109375 0.61328125 0.0390625 0.0359375
0 0.9625 0.2609375 0.0265625 0.0234375
0 0.95703125 0.115625 0.034375 0.03125
0 0.66015625 0.72578125 0.0265625 0.0234375
0 0.54453125 0.6859375 0.0390625 0.0359375
0 0.51171875 0.859375 0.0453125 0.04375
0 0.69921875 0.68046875 0.0265625 0.0234375
0 0.3859375 0.00859375 0.03125 0.0171875
0 0.61171875 0.70078125 0.028125 0.0265625
0 0.19453125 0.7859375 0.0484375 0.0453125
0 0.18515625 0.73671875 0.04375 0.040625
0 0.0421875 0.65 0.0296875 0.0265625
0 0.41015625 0.14765625 0.040625 0.0375
0 0.33984375 0.415625 0.0265625 0.025
0 0.44453125 0.26953125 0.0265625 0.025
0 0.6609375 0.43125 0.028125 0.0265625
0 0.30390625 0.72734375 0.0265625 0.0234375