0 0.29453125 0.34765625 0.5890625 0.6953125
0 0.0015625 0.00234375 0.003125 0.003125
0 0.80546875 0.80078125 0.03125 0.03125
0 0.8453125 0.9265625 0.04375 0.04375
0 0.61171875 0.78828125 0.0265625 0.0265625
0 0.72265625 0.83984375 0.034375 0.03125
0 0.57421875 0.8296875 0.0296875 0.0265625
0 0.5203125 0.8578125 0.0265625 0.0265625
0 0.54296875 0.775 0.0265625 0.025
0 0.540625 0.7453125 0.04375 0.040625
0 0.61796875 0.725 0.0359375 0.0359375
0 0.61328125 0.65390625 0.03125 0.03125
0 0.55625 0.68359375 0.03125 0.03125
0 0.24296875 0.8453125 0.0265625 0.025
0 0.16328125 0.86796875 0.025 0.025
0 0.22109375 0.80078125 0.1703125 0.16875
0 0.21171875 0.9875 0.0296875 0.025
0 0.1828125 0.98984375 0.028125 0.0203125
0 0.11328125 0.84140625 0.0625 0.0625
0 0.084375 0.41953125 0.0484375 0.0484375
0 0.1359375 0.46171875 0.0359375 0.034375
0 0.18359375 0.4125 0.0265625 0.0265625
0 0.0171875 0.171875 0.034375 0.053125
0 0.11171875 0.02734375 0.0375 0.0390625
0 0.1296875 0.08203125 0.0265625 0.0265625
0 0.19140625 0.115625 0.03125 0.0296875
0 0.13359375 0.15390625 0.0359375 0.0359375
0 0.30625 0.05625 0.0296875 0.0265625
0 0.421875 0.06953125 0.03125 0.0296875
0 0.35546875 0.1984375 0.0390625 0.0390625
0 0.3578125 0.24375 0.0484375 0.0484375
0 0.4 0.271875 0.0328125 0.0328125
0 0.31015625 0.22734375 0.0484375 0.0484375
0 0.30390625 0.19921875 0.0265625 0.0265625
0 0.2125 0.1859375 0.0265625 0.0265625
0 0.18984375 0.2359375 0.0265625 0.0265625
0 0.7984375 0.015625 0.03125 0.0296875
0 0.74296875 0.04453125 0.03125 0.03125
0 0.88203125 0.271875 0.03125 0.03125
0 0.53828125 0.5671875 0.034375 0.034375
0 0.33984375 0.3453125 0.025 0.0234375
0 0.396875 0.54453125 0.0578125 0.05625
0 0.64453125 0.46640625 0.0296875 0.0265625
0 0.6609375 0.51171875 0.034375 0.034375
0 0.6078125 0.540625 0.0265625 0.0265625
0 0.62890625 0.57421875 0.03125 0.0296875
0 0.68125 0.61171875 0.0265625 0.0265625
0 0.58984375 0.61640625 0.0296875 0.028125
0 0.58515625 0.36875 0.04375 0.040625
0 0.7875 0.5375 0.0265625 0.0265625
0 0.7296875 0.4796875 0.0265625 0.0265625
0 0.95703125 0.06640625 0.0265625 0.0265625
0 0.7953125 0.4734375 0.0296875 0.0296875