0 0.546875 0.1265625 0.5125 0.2515625
0 0.5296875 0.98046875 0.0625 0.0390625
0 0.365625 0.978125 0.0640625 0.04375
0 0.11796875 0.94140625 0.1453125 0.1109375
0 0.1359375 0.88671875 0.0375 0.0296875
0 0.44609375 0.96640625 0.096875 0.0671875
0 0.73203125 0.94453125 0.0453125 0.034375
0 0.6625 0.95078125 0.0453125 0.034375
0 0.67890625 0.91484375 0.09375 0.071875
0 0.79921875 0.828125 0.2015625 0.1515625
0 0.45546875 0.8265625 0.05625 0.040625
0 0.29296875 0.828125 0.0453125 0.034375
0 0.015625 0.71484375 0.03125 0.0390625
0 0.203125 0.69921875 0.0359375 0.0296875
0 0.15390625 0.59609375 0.1375 0.103125
0 0.4671875 0.40859375 0.190625 0.1421875
0 0.52421875 0.5 0.10625 0.0796875
0 0.4328125 0.53515625 0.0578125 0.04375
0 0.271875 0.4 0.0609375 0.0453125
0 0.78828125 0.60546875 0.0578125 0.04375
0 0.00234375 0.00078125 0.0015625 0.0015625
0 0.9390625 0.3484375 0.04375 0.034375
0 0.79921875 0.259375 0.0765625 0.05625
0 0.16015625 0.3640625 0.0609375 0.0453125
0 0.38359375 0.28125 0.040625 0.03125
0 0.61640625 0.2921875 0.0625 0.0484375
0 0.45703125 0.290625 0.1078125 0.0828125
0 0.56953125 0.353125 0.0453125 0.0328125
0 0.9421875 0.240625 0.0453125 0.034375
0 0.91953125 0.1984375 0.0671875 0.0515625
0 0.11328125 0.27890625 0.040625 0.03125
0 0.07421875 0.321875 0.0390625 0.0296875
0 0.08984375 0.13671875 0.0578125 0.04375
0 0.1203125 0.16796875 0.034375 0.025
0 0.30390625 0.24296875 0.159375 0.11875
0 0.26171875 0.1703125 0.128125 0.09375
0 0.8921875 0.0515625 0.1375 0.1015625
0 0.97578125 0.209375 0.0484375 0.0359375
0 0.86640625 0.68984375 0.0578125 0.04375