0 0.23828125 0.2203125 0.4765625 0.440625
0 0.71171875 0.09609375 0.30625 0.1921875
0 0.50234375 0.4421875 0.2984375 0.2625
0 0.00078125 0.00234375 0.0015625 0.0015625
0 0.26796875 0.453125 0.0359375 0.03125
0 0.1421875 0.53515625 0.053125 0.0484375
0 0.0671875 0.553125 0.034375 0.03125
0 0.18359375 0.56953125 0.0390625 0.034375
0 0.14765625 0.64921875 0.0328125 0.028125
0 0.14453125 0.6671875 0.0390625 0.034375
0 0.05859375 0.71484375 0.0359375 0.03125
0 0.06875 0.75703125 0.0625 0.0546875
0 0.02265625 0.728125 0.0453125 0.0453125
0 0.0609375 0.865625 0.0359375 0.03125
0 0.34765625 0.94453125 0.040625 0.0359375
0 0.3734375 0.83671875 0.0625 0.05625
0 0.31875 0.7875 0.0578125 0.0515625
0 0.39453125 0.77734375 0.0609375 0.053125
0 0.5484375 0.428125 0.04375 0.0390625
0 0.48828125 0.43515625 0.0296875 0.0265625
0 0.5109375 0.51953125 0.040625 0.0359375
0 0.64921875 0.69140625 0.053125 0.0453125
0 0.64765625 0.71484375 0.034375 0.03125
0 0.6671875 0.77421875 0.053125 0.0484375
0 0.56015625 0.709375 0.15625 0.1375
0 0.025 0.10078125 0.05 0.0453125
0 0.13359375 0.30859375 0.0296875 0.025
0 0.63671875 0.8703125 0.1546875 0.1375
0 0.9375 0.859375 0.0359375 0.03125
0 0.9828125 0.9171875 0.0296875 0.025
0 0.9640625 0.66484375 0.065625 0.0578125
0 0.771875 0.5375 0.040625 0.0359375
0 0.89765625 0.6109375 0.040625 0.0359375
0 0.83515625 0.62265625 0.0359375 0.03125
0 0.775 0.63828125 0.0359375 0.03125
0 0.60078125 0.56015625 0.0390625 0.034375
0 0.55078125 0.58984375 0.0359375 0.03125
0 0.81875 0.50234375 0.0796875 0.0703125
0 0.84140625 0.2984375 0.0453125 0.040625
0 0.7015625 0.30625 0.0515625 0.04375
0 0.6265625 0.46875 0.034375 0.0296875
0 0.58203125 0.290625 0.0453125 0.040625
0 0.97734375 0.140625 0.0453125 0.0484375
0 0.9828125 0.09140625 0.0296875 0.0265625
0 0.95546875 0.04453125 0.0296875 0.025
0 0.92890625 0.92890625 0.0296875 0.025
0 0.7125 0.49140625 0.09375 0.0828125
0 0.00234375 0.00078125 0.0015625 0.0015625
0 0.24609375 0.3921875 0.0296875 0.0265625
0 0.45703125 0.3640625 0.04375 0.0390625
0 0.92578125 0.228125 0.034375 0.0296875
0 0.50234375 0.2078125 0.2359375 0.209375