0 0.00234375 0.00078125 0.0015625 0.0015625
0 0.62265625 0.37265625 0.228125 0.196875
0 0.95078125 0.1890625 0.0390625 0.034375
0 0.68515625 0.24140625 0.040625 0.0359375
0 0.61875 0.29296875 0.0390625 0.034375
0 0.546875 0.0671875 0.04375 0.0359375
0 0.53984375 0.00859375 0.03125 0.0171875
0 0.96875 0.165625 0.0296875 0.025
0 0.915625 0.0921875 0.05625 0.0453125
0 0.80859375 0.15234375 0.0296875 0.025
0 0.9625 0.1265625 0.0671875 0.0578125
0 0.8859375 0.56953125 0.040625 0.034375
0 0.8796875 0.6078125 0.04375 0.0390625
0 0.609375 0.59140625 0.04375 0.0359375
0 0.58515625 0.6515625 0.03125 0.0265625
0 0.82578125 0.5453125 0.1078125 0.090625
0 0.54453125 0.52265625 0.0453125 0.0390625
0 0.66328125 0.7203125 0.03125 0.0265625
0 0.678125 0.63671875 0.04375 0.0390625
0 0.69921875 0.678125 0.04375 0.0359375
0 0.87734375 0.65390625 0.065625 0.05625
0 0.49296875 0.23046875 0.0390625 0.034375
0 0.3453125 0.2859375 0.04375 0.0359375
0 0.23671875 0.240625 0.0453125 0.0390625
0 0.19921875 0.31875 0.03125 0.0265625
0 0.4203125 0.33515625 0.0296875 0.0265625
0 0.4546875 0.1515625 0.128125 0.1109375
0 0.23671875 0.1890625 0.034375 0.0296875
0 0.02734375 0.1140625 0.03125 0.0296875
0 0.3734375 0.06640625 0.1296875 0.1140625
0 0.140625 0.0828125 0.11875 0.1015625
0 0.3328125 0.209375 0.065625 0.05625
0 0.2921875 0.196875 0.0828125 0.0703125
0 0.5671875 0.30078125 0.2859375 0.2484375
0 0.8328125 0.11796875 0.0390625 0.034375
0 0.6390625 0.05078125 0.04375 0.0359375
0 0.61328125 0.0203125 0.053125 0.040625
0 0.59609375 0.06875 0.0703125 0.059375
0 0.38203125 0.21875 0.0765625 0.0671875
0 0.43984375 0.4390625 0.146875 0.128125
0 0.23046875 0.59609375 0.0984375 0.084375
0 0.2953125 0.43515625 0.16875 0.1453125
0 0.0140625 0.51640625 0.028125 0.0296875
0 0.43125 0.765625 0.134375 0.115625
0 0.16953125 0.94609375 0.040625 0.034375
0 0.140625 0.75859375 0.034375 0.028125
0 0.0265625 0.790625 0.053125 0.0703125
0 0.10703125 0.89765625 0.0765625 0.065625
0 0.3125 0.8140625 0.11875 0.1015625
0 0.3921875 0.6921875 0.1484375 0.128125
0 0.5953125 0.5875 0.0796875 0.0671875
0 0.7078125 0.53515625 0.059375 0.053125