0 0.9390625 0.978125 0.0625 0.04375
0 0.9 0.91328125 0.0703125 0.053125
0 0.8765625 0.93359375 0.0484375 0.0390625
0 0.875 0.8546875 0.0625 0.0484375
0 0.84765625 0.68515625 0.15625 0.1203125
0 0.8609375 0.74140625 0.184375 0.1421875
0 0.7015625 0.72265625 0.071875 0.05625
0 0.765625 0.6578125 0.05625 0.040625
0 0.728125 0.87890625 0.0703125 0.05625
0 0.62890625 0.89296875 0.0671875 0.053125
0 0.51171875 0.92890625 0.03125 0.025
0 0.2328125 0.90625 0.0390625 0.0296875
0 0.0921875 0.91328125 0.040625 0.03125
0 0.32421875 0.834375 0.0578125 0.04375
0 0.3078125 0.8953125 0.065625 0.0515625
0 0.3546875 0.984375 0.04375 0.03125
0 0.146875 0.67890625 0.04375 0.034375
0 0.1046875 0.69140625 0.0484375 0.0359375
0 0.0953125 0.7765625 0.190625 0.184375
0 0.06015625 0.87734375 0.065625 0.0484375
0 0.03359375 0.9171875 0.0671875 0.09375
0 0.109375 0.28125 0.040625 0.03125
0 0.25625 0.2359375 0.0390625 0.0296875
0 0.228125 0.125 0.040625 0.03125
0 0.25 0.146875 0.040625 0.03125
0 0.115625 0.10078125 0.0359375 0.0296875
0 0.1265625 0.03515625 0.0765625 0.0609375
0 0.484375 0.23203125 0.396875 0.3015625
0 0.5921875 0.15234375 0.05625 0.040625
0 0.55390625 0.12890625 0.0453125 0.034375
0 0.603125 0.09140625 0.034375 0.0265625
0 0.1546875 0.12734375 0.0625 0.0453125
0 0.0265625 0.25390625 0.053125 0.0453125
0 0.4234375 0.209375 0.034375 0.0265625
0 0.54921875 0.2078125 0.0359375 0.0296875
0 0.609375 0.3453125 0.075 0.0546875
0 0.6203125 0.38125 0.053125 0.040625
0 0.3921875 0.3609375 0.0546875 0.040625
0 0.94140625 0.2296875 0.0578125 0.04375
0 0.87890625 0.36875 0.0765625 0.0578125
0 0.00234375 0.00078125 0.0015625 0.0015625
0 0.515625 0.30625 0.0671875 0.0515625
0 0.1890625 0.28125 0.275 0.2078125
0 0.0328125 0.49609375 0.0453125 0.034375
0 0.23828125 0.46640625 0.04375 0.034375
0 0.62890625 0.021875 0.0578125 0.04375
0 0.4078125 0.0421875 0.0890625 0.0671875
0 0.81015625 0.609375 0.059375 0.0453125
0 0.7359375 0.56875 0.196875 0.1515625
0 0.5296875 0.74375 0.0390625 0.028125
0 0.52421875 0.73203125 0.1734375 0.1328125
0 0.5609375 0.64296875 0.196875 0.1515625
0 0.3703125 0.57421875 0.0484375 0.0359375
0 0.3421875 0.52734375 0.0390625 0.0296875
0 0.2640625 0.571875 0.1453125 0.1109375
0 0.25234375 0.51328125 0.0359375 0.0296875
0 0.14921875 0.58671875 0.05625 0.04375
0 0.025 0.66953125 0.05 0.0640625
0 0.05625 0.60703125 0.1125 0.1078125
0 0.0609375 0.5453125 0.1015625 0.0765625
0 0.52890625 0.853125 0.0703125 0.053125
0 0.625 0.78359375 0.065625 0.0515625
0 0.42421875 0.63359375 0.05625 0.04375
0 0.3484375 0.7140625 0.1875 0.1453125
0 0.53515625 0.4953125 0.2765625 0.2125
0 0.46171875 0.41484375 0.1234375 0.09375
0 0.37734375 0.42578125 0.040625 0.03125
0 0.37734375 0.40234375 0.0390625 0.0296875
0 0.9578125 0.6203125 0.034375 0.0234375
0 0.92421875 0.6359375 0.0390625 0.028125
0 0.9328125 0.49609375 0.0515625 0.0390625
0 0.8546875 0.4515625 0.1765625 0.1328125
0 0.69140625 0.37890625 0.0828125 0.0625