0 0.17578125 0.44140625 0.3515625 0.3609375
0 0.19609375 0.06875 0.0328125 0.03125
0 0.08671875 0.2328125 0.0265625 0.025
0 0.9515625 0.40390625 0.0578125 0.053125
0 0.90390625 0.4125 0.0453125 0.040625
0 0.78515625 0.49375 0.0875 0.0796875
0 0.79296875 0.6625 0.034375 0.03125
0 0.859375 0.6890625 0.034375 0.03125
0 0.9078125 0.6734375 0.0390625 0.0359375
0 0.9421875 0.634375 0.0484375 0.04375
0 0.95546875 0.6875 0.0484375 0.04375
0 0.98203125 0.6109375 0.0265625 0.025
0 0.86875 0.225 0.0359375 0.034375
0 0.73203125 0.40390625 0.034375 0.03125
0 0.7296875 0.1078125 0.0265625 0.025
0 0.8546875 0.85 0.04375 0.040625
0 0.853125 0.821875 0.0625 0.0578125
0 0.91328125 0.86640625 0.0296875 0.0265625
0 0.78515625 0.96875 0.0296875 0.0265625
0 0.3484375 0.88828125 0.03125 0.0296875
0 0.2484375 0.93515625 0.0359375 0.034375
0 0.2234375 0.946875 0.0296875 0.0265625
0 0.2203125 0.859375 0.0296875 0.0265625
0 0.22734375 0.884375 0.0359375 0.034375
0 0.24609375 0.8296875 0.03125 0.0296875
0 0.3796875 0.77890625 0.0359375 0.03125
0 0.3734375 0.8296875 0.0265625 0.025
0 0.32109375 0.7234375 0.0453125 0.040625
0 0.4375 0.6890625 0.05625 0.0515625
0 0.4328125 0.6265625 0.0390625 0.034375
0 0.296875 0.61328125 0.040625 0.0390625
0 0.28125 0.6390625 0.0515625 0.0453125
0 0.24609375 0.6140625 0.04375 0.040625
0 0.26171875 0.5890625 0.0390625 0.0359375
0 0.25390625 0.671875 0.05625 0.0515625
0 0.23671875 0.69609375 0.0390625 0.034375
0 0.615625 0.7359375 0.0265625 0.025
0 0.78125 0.759375 0.0703125 0.065625
0 0.68359375 0.7609375 0.034375 0.03125
0 0.4890625 0.77421875 0.03125 0.028125
0 0.50390625 0.55078125 0.09375 0.0875
0 0.36328125 0.45703125 0.0265625 0.0265625
0 0.3296875 0.54453125 0.0546875 0.0515625
0 0.359375 0.5875 0.04375 0.040625
0 0.19140625 0.634375 0.0484375 0.04375
0 0.5296875 0.31953125 0.034375 0.03125
0 0.25390625 0.3265625 0.0515625 0.0484375
0 0.53125 0.25859375 0.05625 0.053125
0 0.50625 0.134375 0.034375 0.03125
0 0.584375 0.13359375 0.0796875 0.0734375
0 0.0984375 0.6046875 0.03125 0.028125
0 0.08671875 0.68125 0.075 0.0703125
0 0.0734375 0.7796875 0.125 0.115625
0 0.1546875 0.94140625 0.0703125 0.0625
0 0.1296875 0.9 0.05625 0.0515625
0 0.41015625 0.76171875 0.034375 0.03125
0 0.3015625 0.790625 0.040625 0.0390625
0 0.19140625 0.96640625 0.0515625 0.0453125