0 0.89296875 0.64453125 0.0359375 0.03125
0 0.71484375 0.9125 0.084375 0.075
0 0.64453125 0.81640625 0.0484375 0.04375
0 0.04453125 0.7046875 0.0296875 0.0265625
0 0.1625 0.70078125 0.03125 0.0265625
0 0.24609375 0.1875 0.0984375 0.0875
0 0.22265625 0.27265625 0.04375 0.0390625
0 0.66953125 0.328125 0.0359375 0.034375
0 0.63125 0.64921875 0.084375 0.075
0 0.453125 0.30546875 0.0875 0.0765625
0 0.0484375 0.2078125 0.096875 0.1625
0 0.7390625 0.58984375 0.1640625 0.1453125
0 0.81484375 0.73203125 0.0296875 0.0265625
0 0.80625 0.265625 0.028125 0.0265625
0 0.8234375 0.32109375 0.0296875 0.0265625
0 0.75 0.08203125 0.0359375 0.03125
0 0.59609375 0.48203125 0.0671875 0.0609375
0 0.5484375 0.046875 0.04375 0.0390625
0 0.45546875 0.08203125 0.03125 0.0265625
0 0.40390625 0.46015625 0.03125 0.0296875
0 0.66328125 0.6921875 0.040625 0.0359375
0 0.65625 0.03515625 0.0359375 0.034375
0 0.9625 0.63125 0.0515625 0.04375