0 0.8734375 0.24140625 0.0359375 0.03125
0 0.8265625 0.32578125 0.05625 0.0484375
0 0.83046875 0.2875 0.053125 0.0453125
0 0.80546875 0.3953125 0.0390625 0.034375
0 0.84609375 0.359375 0.0265625 0.025
0 0.90234375 0.415625 0.0828125 0.071875
0 0.59765625 0.37109375 0.0765625 0.0703125
0 0.59375 0.27890625 0.0296875 0.0265625
0 0.65625 0.31953125 0.178125 0.159375
0 0.553125 0.49140625 0.04375 0.0390625
0 0.834375 0.11328125 0.0578125 0.0515625
0 0.43046875 0.1515625 0.034375 0.03125
0 0.47109375 0.06484375 0.0390625 0.034375
0 0.303125 0.0984375 0.0515625 0.0453125
0 0.10234375 0.2359375 0.0609375 0.05625
0 0.34609375 0.0953125 0.103125 0.090625
0 0.39921875 0.1359375 0.0390625 0.0359375
0 0.271875 0.37109375 0.4265625 0.3796875
0 0.06015625 0.271875 0.0296875 0.0265625
0 0.01796875 0.23203125 0.0359375 0.05625
0 0.05078125 0.27265625 0.1015625 0.10625
0 0.4046875 0.6546875 0.0265625 0.025
0 0.490625 0.56875 0.0265625 0.025
0 0.603125 0.6984375 0.0578125 0.053125
0 0.2234375 0.62890625 0.034375 0.0296875
0 0.0453125 0.51796875 0.0265625 0.025
0 0.03125 0.80078125 0.0265625 0.025
0 0.26171875 0.93046875 0.1640625 0.1390625
0 0.19375 0.5609375 0.0515625 0.04375
0 0.13671875 0.60078125 0.1390625 0.125
0 0.053125 0.55625 0.0390625 0.0359375
0 0.78984375 0.86328125 0.0390625 0.034375
0 0.92578125 0.94921875 0.0515625 0.0453125
0 0.703125 0.9734375 0.0609375 0.053125
0 0.70078125 0.796875 0.0390625 0.034375
0 0.359375 0.2671875 0.0484375 0.04375
0 0.54921875 0.6765625 0.034375 0.03125
0 0.7984375 0.978125 0.040625 0.0359375
0 0.8921875 0.7796875 0.0296875 0.025
0 0.7515625 0.678125 0.04375 0.0390625
0 0.5765625 0.61171875 0.053125 0.0484375
0 0.51796875 0.64921875 0.0875 0.0765625
0 0.709375 0.4359375 0.040625 0.0359375
0 0.709375 0.01796875 0.059375 0.0359375