0 0.7953125 0.478125 0.378125 0.3765625
0 0.0453125 0.5203125 0.0359375 0.0359375
0 0.0625 0.54453125 0.03125 0.03125
0 0.10078125 0.384375 0.0484375 0.0484375
0 0.13828125 0.18984375 0.03125 0.03125
0 0.240625 0.16953125 0.0390625 0.0390625
0 0.25234375 0.2125 0.03125 0.03125
0 0.1296875 0.06015625 0.0265625 0.0265625
0 0.07578125 0.328125 0.0765625 0.0765625
0 0.2984375 0.290625 0.040625 0.040625
0 0.2875 0.2609375 0.0234375 0.0234375
0 0.28984375 0.225 0.0234375 0.025
0 0.60546875 0.7296875 0.025 0.0234375
0 0.603125 0.7859375 0.03125 0.03125
0 0.43046875 0.36875 0.03125 0.03125
0 0.55546875 0.21640625 0.028125 0.0296875
0 0.4203125 0.13359375 0.03125 0.03125
0 0.7796875 0.4390625 0.028125 0.0296875
0 0.7453125 0.58671875 0.0234375 0.0234375
0 0.8453125 0.07421875 0.0296875 0.0296875
0 0.40859375 0.01796875 0.0265625 0.0265625
0 0.33046875 0.0609375 0.0328125 0.034375
0 0.57109375 0.24375 0.0484375 0.0484375
0 0.4703125 0.16328125 0.0765625 0.0765625