0 0.0015625 0.0015625 0.003125 0.003125
0 0.06953125 0.48203125 0.0359375 0.0359375
0 0.01796875 0.45703125 0.03125 0.03125
0 0.02734375 0.5953125 0.0546875 0.071875
0 0.10234375 0.52890625 0.0296875 0.028125
0 0.12734375 0.60546875 0.03125 0.03125
0 0.0609375 0.7453125 0.0265625 0.0265625
0 0.01328125 0.71875 0.0265625 0.0359375
0 0.05625 0.9265625 0.0296875 0.0296875
0 0.0109375 0.93046875 0.021875 0.025
0 0.10546875 0.89453125 0.0609375 0.0578125
0 0.18515625 0.91015625 0.03125 0.03125
0 0.0453125 0.98046875 0.025 0.025
0 0.13125 0.8484375 0.040625 0.040625
0 0.17890625 0.87109375 0.0625 0.0625
0 0.08671875 0.87109375 0.0296875 0.0296875
0 0.0203125 0.803125 0.0390625 0.0390625
0 0.22578125 0.7921875 0.0390625 0.0390625
0 0.20703125 0.5515625 0.0609375 0.059375
0 0.28125 0.50234375 0.025 0.025
0 0.2875 0.53984375 0.071875 0.071875
0 0.271875 0.62734375 0.071875 0.071875
0 0.3453125 0.7671875 0.0484375 0.0484375
0 0.36875 0.80859375 0.0453125 0.0453125
0 0.321875 0.87265625 0.040625 0.040625
0 0.3015625 0.7671875 0.04375 0.04375
0 0.33671875 0.92890625 0.0234375 0.025
0 0.384375 0.9421875 0.0390625 0.0390625
0 0.3421875 0.59765625 0.0578125 0.0578125
0 0.45546875 0.62109375 0.040625 0.040625
0 0.4078125 0.6296875 0.1078125 0.1078125
0 0.490625 0.66015625 0.1109375 0.1109375
0 0.1515625 0.5359375 0.040625 0.040625
0 0.5 0.91015625 0.0296875 0.0296875
0 0.48203125 0.87734375 0.034375 0.034375
0 0.5890625 0.78359375 0.034375 0.034375
0 0.615625 0.7328125 0.0390625 0.0390625
0 0.63359375 0.62265625 0.03125 0.03125
0 0.66953125 0.5828125 0.0265625 0.0265625
0 0.5578125 0.50234375 0.0359375 0.0359375
0 0.63359375 0.39921875 0.028125 0.0296875
0 0.69609375 0.5953125 0.0265625 0.0265625
0 0.88671875 0.46015625 0.034375 0.034375
0 0.984375 0.56953125 0.03125 0.0359375
0 0.96875 0.65 0.0296875 0.028125
0 0.9640625 0.6046875 0.065625 0.065625
0 0.51328125 0.5046875 0.0453125 0.0453125
0 0.4796875 0.52890625 0.0296875 0.028125
0 0.45078125 0.56015625 0.0453125 0.0453125
0 0.37734375 0.45546875 0.0390625 0.0390625
0 0.74296875 0.8578125 0.0390625 0.0390625
0 0.7203125 0.828125 0.0359375 0.0359375
0 0.71640625 0.77890625 0.0828125 0.0828125
0 0.6671875 0.74140625 0.0265625 0.0265625
0 0.70703125 0.7234375 0.04375 0.04375
0 0.71640625 0.896875 0.0890625 0.0890625
0 0.69140625 0.94140625 0.084375 0.084375
0 0.5609375 0.91484375 0.053125 0.053125
0 0.68984375 0.84140625 0.034375 0.034375
0 0.65625 0.86875 0.0390625 0.0390625
0 0.5 0.7703125 0.03125 0.03125
0 0.54921875 0.79453125 0.0359375 0.0359375
0 0.615625 0.9515625 0.03125 0.03125
0 0.64296875 0.66328125 0.034375 0.034375
0 0.57421875 0.9421875 0.0484375 0.0484375
0 0.89296875 0.23046875 0.05625 0.05625
0 0.8765625 0.18359375 0.071875 0.071875
0 0.69921875 0.3328125 0.053125 0.053125
0 0.44453125 0.334375 0.0515625 0.0515625
0 0.4265625 0.21640625 0.065625 0.065625
0 0.275 0.0921875 0.04375 0.04375
0 0.2953125 0.12734375 0.0609375 0.0609375
0 0.37265625 0.05625 0.03125 0.03125
0 0.26953125 0.2453125 0.03125 0.03125
0 0.26328125 0.2796875 0.0390625 0.0390625
0 0.29921875 0.3125 0.0578125 0.0578125
0 0.2546875 0.3125 0.025 0.025
0 0.165625 0.30390625 0.0453125 0.0453125
0 0.084375 0.2859375 0.0484375 0.0484375
0 0.009375 0.3140625 0.01875 0.0375
0 0.103125 0.23046875 0.0296875 0.0296875
0 0.053125 0.146875 0.0703125 0.0703125
0 0.53359375 0.2796875 0.0578125 0.0578125
0 0.01796875 0.96015625 0.0359375 0.053125
0 0.38671875 0.1421875 0.025 0.025
0 0.5171875 0.2328125 0.04375 0.04375