0 0.021875 0.0484375 0.04375 0.04375
0 0.30859375 0.02421875 0.0359375 0.0296875
0 0.49765625 0.0171875 0.0515625 0.034375
0 0.553125 0.02734375 0.0578125 0.0453125
0 0.67578125 0.053125 0.075 0.0578125
0 0.66328125 0.01953125 0.0578125 0.0390625
0 0.83203125 0.08515625 0.0765625 0.0609375
0 0.2046875 0.1296875 0.134375 0.10625
0 0.44921875 0.125 0.0515625 0.040625
0 0.77734375 0.10234375 0.034375 0.0265625
0 0.68125 0.1296875 0.134375 0.10625
0 0.8265625 0.18125 0.0703125 0.05625
0 0.8421875 0.1453125 0.0484375 0.0359375
0 0.41953125 0.21484375 0.1609375 0.128125
0 0.50859375 0.2609375 0.0625 0.0484375
0 0.4 0.271875 0.0359375 0.0296875
0 0.3234375 0.2609375 0.0625 0.0484375
0 0.2953125 0.1109375 0.0625 0.0484375
0 0.396875 0.06953125 0.03125 0.0265625
0 0.9625 0.015625 0.0453125 0.03125
0 0.93359375 0.021875 0.0515625 0.0390625
0 0.93359375 0.5484375 0.0609375 0.0484375
0 0.9515625 0.6109375 0.071875 0.05625
0 0.9671875 0.81953125 0.0484375 0.0359375
0 0.984375 0.8390625 0.03125 0.0296875
0 0.9 0.32109375 0.103125 0.0828125
0 0.91328125 0.25703125 0.0359375 0.0296875
0 0.7046875 0.28984375 0.040625 0.03125
0 0.46640625 0.33984375 0.0390625 0.0296875
0 0.3015625 0.384375 0.03125 0.0234375
0 0.271875 0.31484375 0.0328125 0.0265625
0 0.38828125 0.46171875 0.0984375 0.0765625
0 0.5484375 0.6359375 0.0484375 0.0390625
0 0.671875 0.38203125 0.0578125 0.0453125
0 0.58671875 0.665625 0.071875 0.05625
0 0.51328125 0.66796875 0.04375 0.034375
0 0.6515625 0.69453125 0.0703125 0.0546875
0 0.7546875 0.69921875 0.0359375 0.0265625
0 0.4890625 0.7765625 0.0390625 0.028125
0 0.4734375 0.8375 0.0609375 0.0484375
0 0.678125 0.8546875 0.084375 0.065625
0 0.8125 0.678125 0.0625 0.0484375
0 0.2390625 0.67578125 0.0515625 0.0390625
0 0.19140625 0.709375 0.0671875 0.053125
0 0.2875 0.834375 0.0328125 0.0265625
0 0.0890625 0.80390625 0.04375 0.034375
0 0.14765625 0.87109375 0.0921875 0.0703125
0 0.11171875 0.83671875 0.0453125 0.0359375
0 0.14453125 0.7015625 0.053125 0.040625
0 0.5171875 0.9203125 0.075 0.0578125
0 0.884375 0.8890625 0.04375 0.034375
0 0.84609375 0.88828125 0.125 0.096875
0 0.13828125 0.3546875 0.128125 0.0984375
0 0.178125 0.4046875 0.0703125 0.053125
0 0.1828125 0.2203125 0.0765625 0.0609375
0 0.1671875 0.19140625 0.03125 0.0265625
0 0.38671875 0.5140625 0.2484375 0.1921875
0 0.6546875 0.5421875 0.3921875 0.3046875
0 0.7171875 0.25 0.065625 0.0515625
0 0.0609375 0.6 0.065625 0.0515625
0 0.03828125 0.571875 0.0765625 0.0671875
0 0.0609375 0.70546875 0.0703125 0.053125
0 0.01796875 0.390625 0.0359375 0.05625
0 0.0625 0.16015625 0.034375 0.0265625
0 0.0734375 0.94453125 0.065625 0.0515625
0 0.03359375 0.9359375 0.0578125 0.04375
0 0.05859375 0.90859375 0.040625 0.03125
0 0.03828125 0.6390625 0.065625 0.0515625