0 0.58203125 0.803125 0.3640625 0.2625
0 0.2515625 0.26328125 0.45 0.3203125
0 0.29453125 0.61328125 0.3203125 0.23125
0 0.2046875 0.85546875 0.0609375 0.04375
0 0.18046875 0.7640625 0.0375 0.028125
0 0.08515625 0.828125 0.1703125 0.2
0 0.1 0.5640625 0.2 0.1453125
0 0.0140625 0.42421875 0.028125 0.0359375
0 0.1078125 0.43984375 0.040625 0.0296875
0 0.3109375 0.415625 0.1296875 0.0921875
0 0.48203125 0.2828125 0.0671875 0.0484375
0 0.5953125 0.34765625 0.0671875 0.0484375
0 0.5171875 0.38125 0.0765625 0.05625
0 0.03359375 0.05390625 0.0671875 0.053125
0 0.2515625 0.06875 0.05625 0.0375
0 0.38828125 0.078125 0.04375 0.03125
0 0.0984375 0.1078125 0.0609375 0.04375
0 0.29453125 0.02421875 0.0765625 0.0484375
0 0.646875 0.01796875 0.059375 0.0359375
0 0.61171875 0.04453125 0.0625 0.0453125
0 0.6 0.01328125 0.040625 0.0265625
0 0.66015625 0.109375 0.0625 0.04375
0 0.69453125 0.1421875 0.0515625 0.0359375
0 0.55390625 0.165625 0.0484375 0.0328125
0 0.50390625 0.16015625 0.034375 0.025
0 0.4671875 0.1140625 0.0578125 0.040625
0 0.5296875 0.1140625 0.0890625 0.065625
0 0.59765625 0.19375 0.053125 0.0390625
0 0.42421875 0.03125 0.04375 0.03125
0 0.42421875 0.00859375 0.0390625 0.0171875
0 0.36875 0.025 0.053125 0.0359375
0 0.55078125 0.6 0.034375 0.025
0 0.46484375 0.45703125 0.0609375 0.04375
0 0.7859375 0.51953125 0.071875 0.053125
0 0.65234375 0.5015625 0.0765625 0.05625
0 0.7234375 0.5953125 0.1109375 0.0796875
0 0.83515625 0.35703125 0.128125 0.0921875
0 0.7515625 0.4625 0.0390625 0.0265625
0 0.65390625 0.31484375 0.0484375 0.0328125
0 0.678125 0.25234375 0.0359375 0.0265625
0 0.796875 0.2296875 0.040625 0.0296875
0 0.865625 0.21484375 0.05625 0.0390625
0 0.91953125 0.2140625 0.0390625 0.0296875
0 0.91953125 0.14453125 0.0359375 0.0265625
0 0.8125 0.259375 0.034375 0.025
0 0.78359375 0.146875 0.0453125 0.03125
0 0.8421875 0.015625 0.05625 0.03125
0 0.80390625 0.0953125 0.0359375 0.0265625
0 0.97109375 0.078125 0.0578125 0.0453125
0 0.928125 0.1 0.0515625 0.0359375
0 0.92421875 0.05390625 0.034375 0.025
0 0.97109375 0.375 0.0359375 0.0265625