0 0.01796875 0.146875 0.0359375 0.0359375
0 0.01953125 0.334375 0.0390625 0.053125
0 0.41328125 0.21875 0.0625 0.053125
0 0.30390625 0.18125 0.0296875 0.025
0 0.56640625 0.0203125 0.0578125 0.040625
0 0.48671875 0.0328125 0.0578125 0.0515625
0 0.353125 0.0640625 0.0328125 0.028125
0 0.4625 0.0625 0.0390625 0.034375
0 0.49140625 0.1609375 0.0671875 0.0578125
0 0.52421875 0.20703125 0.028125 0.025
0 0.5359375 0.23046875 0.028125 0.025
0 0.553125 0.29921875 0.0359375 0.0296875
0 0.53828125 0.33515625 0.0359375 0.03125
0 0.10546875 0.4375 0.04375 0.0390625
0 0.69453125 0.14453125 0.0453125 0.0390625
0 0.6859375 0.19453125 0.034375 0.0296875
0 0.73671875 0.2765625 0.04375 0.0359375
0 0.8953125 0.21640625 0.03125 0.0265625
0 0.9796875 0.8734375 0.0359375 0.03125
0 0.73671875 0.80625 0.04375 0.0359375
0 0.78515625 0.6703125 0.0453125 0.0390625
0 0.34375 0.52734375 0.0578125 0.0515625
0 0.54921875 0.775 0.040625 0.034375
0 0.60078125 0.75625 0.034375 0.028125
0 0.24140625 0.91484375 0.0296875 0.025
0 0.44609375 0.9640625 0.034375 0.0296875
0 0.49296875 0.765625 0.0296875 0.025
0 0.303125 0.6203125 0.0296875 0.0234375
0 0.259375 0.62109375 0.03125 0.0265625
0 0.2953125 0.3125 0.075 0.065625
0 0.6890625 0.75390625 0.1015625 0.0875
0 0.54453125 0.56953125 0.04375 0.0359375
0 0.084375 0.81015625 0.1453125 0.121875
0 0.03125 0.771875 0.03125 0.0265625
0 0.03359375 0.76171875 0.0671875 0.103125