0 0.24296875 0.1875 0.4859375 0.375
0 0.490625 0.9875 0.04375 0.025
0 0.1875 0.87109375 0.1859375 0.1328125
0 0.21875 0.76796875 0.0890625 0.065625
0 0.18046875 0.734375 0.0359375 0.0265625
0 0.18359375 0.71484375 0.04375 0.03125
0 0.2921875 0.875 0.2703125 0.1953125
0 0.3703125 0.7171875 0.1234375 0.0890625
0 0.290625 0.734375 0.04375 0.03125
0 0.225 0.7015625 0.0578125 0.040625
0 0.1359375 0.80078125 0.0484375 0.034375
0 0.1234375 0.64296875 0.053125 0.0390625
0 0.16015625 0.1265625 0.0625 0.04375
0 0.0625 0.0296875 0.04375 0.03125
0 0.12890625 0.02734375 0.0671875 0.0484375
0 0.25625 0.2390625 0.1546875 0.1109375
0 0.37109375 0.359375 0.146875 0.103125
0 0.2078125 0.3328125 0.0953125 0.0703125
0 0.11796875 0.3703125 0.0765625 0.0546875
0 0.1046875 0.41328125 0.0796875 0.0578125
0 0.18984375 0.415625 0.0578125 0.040625
0 0.21640625 0.47265625 0.0671875 0.0484375
0 0.1546875 0.50234375 0.0765625 0.05625
0 0.11796875 0.56484375 0.0921875 0.065625
0 0.1984375 0.57109375 0.096875 0.0703125
0 0.29296875 0.61171875 0.1015625 0.071875
0 0.3546875 0.6515625 0.0828125 0.059375
0 0.4328125 0.6453125 0.1140625 0.0796875
0 0.54296875 0.5796875 0.0765625 0.05625
0 0.5375 0.63828125 0.0703125 0.0515625
0 0.47578125 0.571875 0.065625 0.0453125
0 0.490625 0.60234375 0.0359375 0.0265625
0 0.421875 0.5671875 0.0453125 0.034375
0 0.44375 0.5140625 0.1875 0.134375
0 0.546875 0.453125 0.0765625 0.05625
0 0.36875 0.4203125 0.084375 0.0609375
0 0.34609375 0.4703125 0.0515625 0.0359375
0 0.26328125 0.384375 0.075 0.053125
0 0.27734375 0.3484375 0.0390625 0.0265625
0 0.046875 0.39453125 0.09375 0.084375
0 0.2359375 0.62265625 0.0484375 0.034375
0 0.1921875 0.63671875 0.053125 0.0359375
0 0.20703125 0.671875 0.0359375 0.0265625
0 0.2765625 0.696875 0.053125 0.0390625
0 0.6515625 0.60078125 0.059375 0.04375
0 0.8078125 0.49296875 0.0546875 0.040625
0 0.6265625 0.2953125 0.04375 0.0296875
0 0.7046875 0.2796875 0.0359375 0.0265625
0 0.04921875 0.7640625 0.053125 0.0390625
0 0.1078125 0.96171875 0.0578125 0.040625
0 0.61796875 0.53828125 0.0359375 0.0234375
0 0.71015625 0.553125 0.0515625 0.0359375
0 0.76171875 0.5625 0.0671875 0.0484375
0 0.6859375 0.453125 0.05625 0.040625