0 0.00234375 0.00078125 0.0015625 0.0015625
0 0.75234375 0.7953125 0.45 0.3953125
0 0.071875 0.15625 0.075 0.0671875
0 0.13828125 0.11171875 0.0296875 0.0265625
0 0.3375 0.1625 0.0453125 0.040625
0 0.27734375 0.19921875 0.04375 0.0390625
0 0.09375 0.58046875 0.04375 0.0390625
0 0.2203125 0.47578125 0.03125 0.0265625
0 0.3421875 0.540625 0.0296875 0.025
0 0.27890625 0.634375 0.03125 0.028125
0 0.30546875 0.70703125 0.053125 0.0484375
0 0.1578125 0.7703125 0.0359375 0.03125
0 0.1 0.68125 0.03125 0.0265625
0 0.5140625 0.70546875 0.0359375 0.03125
0 0.34375 0.28515625 0.0296875 0.0265625
0 0.4859375 0.2296875 0.03125 0.0265625
0 0.86796875 0.38203125 0.05625 0.0484375
0 0.63203125 0.5 0.034375 0.0296875
0 0.584375 0.609375 0.065625 0.0578125
0 0.66796875 0.55625 0.165625 0.146875
0 0.5203125 0.8140625 0.0703125 0.059375
0 0.86171875 0.66328125 0.034375 0.028125
0 0.665625 0.2828125 0.0359375 0.03125
0 0.571875 0.25859375 0.028125 0.025
0 0.53515625 0.4328125 0.0296875 0.025
0 0.8765625 0.1140625 0.034375 0.03125
0 0.91953125 0.20078125 0.034375 0.0296875
0 0.9796875 0.24296875 0.040625 0.04375
0 0.42890625 0.97109375 0.03125 0.0265625
0 0.3265625 0.88828125 0.0328125 0.0296875
0 0.3453125 0.9734375 0.0546875 0.0484375
0 0.4125 0.12734375 0.0359375 0.03125
0 0.14453125 0.05625 0.065625 0.0578125
0 0.2953125 0.44375 0.590625 0.696875