0 0.82578125 0.671875 0.040625 0.040625
0 0.75703125 0.63359375 0.028125 0.028125
0 0.60546875 0.5625 0.0515625 0.0515625
0 0.59140625 0.6078125 0.04375 0.04375
0 0.66484375 0.5828125 0.028125 0.028125
0 0.8734375 0.61328125 0.128125 0.128125
0 0.928125 0.72734375 0.0390625 0.0390625
0 0.88203125 0.7296875 0.034375 0.034375
0 0.9109375 0.82421875 0.0484375 0.0484375
0 0.75625 0.84609375 0.0484375 0.0484375
0 0.6 0.853125 0.0796875 0.0796875
0 0.46015625 0.80625 0.1640625 0.1609375
0 0.38125 0.87890625 0.0828125 0.0828125
0 0.3578125 0.77734375 0.0359375 0.0359375
0 0.9671875 0.03125 0.025 0.025
0 0.86171875 0.209375 0.04375 0.04375
0 0.8734375 0.2328125 0.034375 0.034375
0 0.59140625 0.08671875 0.028125 0.0296875
0 0.515625 0.03828125 0.025 0.0234375
0 0.47578125 0.103125 0.0390625 0.0390625
0 0.4671875 0.0578125 0.0296875 0.028125
0 0.44140625 0.13203125 0.0359375 0.0359375
0 0.4703125 0.19375 0.0453125 0.0453125
0 0.38203125 0.25390625 0.04375 0.04375
0 0.475 0.27890625 0.0703125 0.0703125
0 0.46484375 0.38828125 0.134375 0.134375
0 0.50859375 0.44609375 0.0390625 0.0390625
0 0.46875 0.49296875 0.034375 0.034375
0 0.44375 0.540625 0.0296875 0.028125
0 0.82109375 0.33671875 0.034375 0.034375
0 0.89765625 0.33046875 0.0296875 0.0296875
0 0.76796875 0.28359375 0.0265625 0.0265625
0 0.64296875 0.25390625 0.025 0.025
0 0.71015625 0.4359375 0.034375 0.034375
0 0.88125 0.0921875 0.0390625 0.0375
0 0.3390625 0.01171875 0.028125 0.0234375
0 0.3234375 0.3609375 0.04375 0.04375
0 0.2875 0.33046875 0.0296875 0.0296875
0 0.25625 0.2765625 0.0359375 0.0359375
0 0.109375 0.37890625 0.04375 0.04375
0 0.02734375 0.41484375 0.040625 0.040625
0 0.02421875 0.4390625 0.025 0.025
0 0.14296875 0.51796875 0.0515625 0.0515625
0 0.23671875 0.4796875 0.0484375 0.0484375
0 0.28515625 0.42890625 0.1390625 0.1390625
0 0.56640625 0.48046875 0.0609375 0.0609375
0 0.0421875 0.81015625 0.0359375 0.0359375
0 0.165625 0.75625 0.2046875 0.2046875
0 0.24140625 0.98671875 0.0265625 0.0265625
0 0.03515625 0.98671875 0.0296875 0.0265625
0 0.34609375 0.59140625 0.0265625 0.0265625
0 0.32578125 0.56015625 0.075 0.075
0 0.1984375 0.53125 0.03125 0.03125
0 0.34609375 0.665625 0.2015625 0.2015625
0 0.65234375 0.76171875 0.04375 0.04375
0 0.459375 0.96484375 0.0296875 0.0296875
0 0.8109375 0.921875 0.146875 0.146875
0 0.88203125 0.29296875 0.0265625 0.0265625
0 0.62890625 0.25625 0.0875 0.0875
0 0.1 0.64921875 0.0265625 0.0265625
0 0.52421875 0.6 0.053125 0.053125
0 0.5515625 0.92421875 0.1484375 0.146875
0 0.77421875 0.790625 0.040625 0.040625