0 0.41328125 0.1296875 0.5859375 0.259375
0 0.27890625 0.98046875 0.0453125 0.0359375
0 0.16015625 0.83671875 0.071875 0.0578125
0 0.234375 0.73046875 0.04375 0.034375
0 0.28125 0.7609375 0.0515625 0.040625
0 0.4109375 0.7046875 0.04375 0.034375
0 0.45078125 0.6984375 0.0703125 0.0546875
0 0.4953125 0.7953125 0.0703125 0.05625
0 0.40625 0.665625 0.0359375 0.028125
0 0.0640625 0.92890625 0.1203125 0.09375
0 0.03125 0.8765625 0.0625 0.0828125
0 0.6453125 0.6765625 0.0578125 0.0453125
0 0.53125 0.65625 0.071875 0.0578125
0 0.59609375 0.6984375 0.05625 0.04375
0 0.8234375 0.9375 0.0390625 0.03125
0 0.4984375 0.96484375 0.0484375 0.0390625
0 0.63359375 0.85078125 0.03125 0.0265625
0 0.9203125 0.75234375 0.0671875 0.053125
0 0.91328125 0.790625 0.040625 0.03125
0 0.87265625 0.8015625 0.0359375 0.0296875
0 0.87890625 0.8265625 0.040625 0.03125
0 0.63828125 0.73828125 0.084375 0.065625
0 0.7828125 0.56640625 0.071875 0.0578125
0 0.78984375 0.64765625 0.0578125 0.0453125
0 0.82578125 0.515625 0.0703125 0.05625
0 0.72734375 0.38671875 0.053125 0.040625
0 0.9796875 0.3328125 0.0390625 0.03125
0 0.525 0.328125 0.10625 0.0828125
0 0.49140625 0.24140625 0.0359375 0.0265625
0 0.6828125 0.1625 0.0484375 0.0390625
0 0.8953125 0.22578125 0.0390625 0.03125
0 0.58984375 0.29453125 0.040625 0.0328125
0 0.34375 0.32109375 0.0609375 0.0453125
0 0.3640625 0.2828125 0.04375 0.0328125
0 0.5765625 0.07421875 0.0359375 0.0296875
0 0.83671875 0.25390625 0.053125 0.040625
0 0.7484375 0.0171875 0.053125 0.034375
0 0.23671875 0.47734375 0.0359375 0.0296875
0 0.16328125 0.4125 0.0578125 0.0453125
0 0.13828125 0.31953125 0.071875 0.0546875
0 0.22734375 0.24375 0.071875 0.05625
0 0.1078125 0.4796875 0.103125 0.0828125
0 0.08984375 0.5265625 0.0875 0.0671875
0 0.56953125 0.41953125 0.0515625 0.040625
0 0.46484375 0.38671875 0.075 0.0578125
0 0.05625 0.0640625 0.0453125 0.0359375
0 0.0828125 0.015625 0.053125 0.03125
0 0.02734375 0.1734375 0.0453125 0.0359375
0 0.53828125 0.5109375 0.09375 0.071875
0 0.490625 0.453125 0.0765625 0.0609375
0 0.64375 0.0296875 0.09375 0.059375