0 0.171875 0.303125 0.34375 0.259375
0 0.2484375 0.06640625 0.3296875 0.1328125
0 0.85 0.6421875 0.084375 0.0625
0 0.77734375 0.66484375 0.0828125 0.0625
0 0.875 0.3296875 0.0796875 0.0578125
0 0.665625 0.6140625 0.034375 0.0265625
0 0.74140625 0.5203125 0.0484375 0.0359375
0 0.56015625 0.4671875 0.0890625 0.0671875
0 0.56640625 0.5046875 0.040625 0.03125
0 0.5609375 0.546875 0.071875 0.05625
0 0.56953125 0.43359375 0.3296875 0.2453125
0 0.60078125 0.63125 0.0828125 0.059375
0 0.5015625 0.634375 0.0609375 0.0453125
0 0.4234375 0.640625 0.071875 0.05625
0 0.43046875 0.5453125 0.0390625 0.028125
0 0.896875 0.56875 0.0609375 0.0453125
0 0.2171875 0.65390625 0.071875 0.053125
0 0.01796875 0.62734375 0.0359375 0.04375
0 0.05078125 0.728125 0.05625 0.040625
0 0.109375 0.77734375 0.0484375 0.0359375
0 0.1984375 0.853125 0.05625 0.040625
0 0.4890625 0.9171875 0.0515625 0.0390625
0 0.50859375 0.89765625 0.0453125 0.034375
0 0.15390625 0.8921875 0.0328125 0.0265625
0 0.0828125 0.86328125 0.165625 0.134375
0 0.14453125 0.9390625 0.0359375 0.0265625
0 0.06640625 0.5421875 0.0390625 0.028125
0 0.240625 0.58671875 0.04375 0.03125
0 0.30625 0.52421875 0.1109375 0.0828125
0 0.53515625 0.3546875 0.04375 0.034375
0 0.79921875 0.303125 0.0703125 0.053125
0 0.6265625 0.05078125 0.0703125 0.0515625
0 0.8796875 0.0875 0.2015625 0.1515625