0 0.85078125 0.1671875 0.0265625 0.0265625
0 0.9359375 0.0421875 0.05625 0.053125
0 0.7609375 0.3546875 0.03125 0.03125
0 0.58046875 0.2140625 0.028125 0.0265625
0 0.52265625 0.1859375 0.0265625 0.0265625
0 0.58515625 0.109375 0.0265625 0.0265625
0 0.4734375 0.0484375 0.03125 0.03125
0 0.4421875 0.1046875 0.03125 0.03125
0 0.321875 0.334375 0.0265625 0.0265625
0 0.2984375 0.34609375 0.0265625 0.0265625
0 0.228125 0.2203125 0.025 0.025
0 0.125 0.19609375 0.0265625 0.0265625
0 0.0421875 0.1265625 0.0328125 0.03125
0 0.025 0.16953125 0.03125 0.03125
0 0.52734375 0.94921875 0.0359375 0.034375
0 0.52734375 0.9671875 0.034375 0.03125
0 0.5015625 0.9671875 0.0578125 0.05625
0 0.39765625 0.9421875 0.03125 0.03125
0 0.2828125 0.91484375 0.0234375 0.025
0 0.28828125 0.9390625 0.03125 0.0296875
0 0.2234375 0.91328125 0.0265625 0.025
0 0.3015625 0.6921875 0.034375 0.03125
0 0.32578125 0.7203125 0.0265625 0.0265625
0 0.603125 0.6875 0.03125 0.0296875
0 0.8125 0.8640625 0.0484375 0.0453125
0 0.78515625 0.89296875 0.0265625 0.0265625
0 0.7921875 0.8640625 0.0359375 0.0359375
0 0.24140625 0.7296875 0.0265625 0.0265625
0 0.0796875 0.70078125 0.0390625 0.0359375
0 0.21640625 0.646875 0.0265625 0.025
0 0.09765625 0.60703125 0.0359375 0.034375
0 0.1078125 0.49140625 0.028125 0.0296875
0 0.03828125 0.51953125 0.0265625 0.0265625
0 0.15859375 0.45546875 0.0265625 0.0265625
0 0.39921875 0.359375 0.0296875 0.0265625
0 0.4953125 0.49375 0.0453125 0.04375
0 0.42890625 0.5828125 0.0265625 0.0265625
0 0.53828125 0.60078125 0.0359375 0.034375
0 0.0640625 0.6109375 0.0265625 0.025
0 0.60234375 0.525 0.0359375 0.0359375
0 0.24375 0.853125 0.0265625 0.0265625
0 0.13828125 0.8640625 0.0515625 0.0515625
0 0.21015625 0.7609375 0.0296875 0.0265625
0 0.08203125 0.7546875 0.025 0.0234375