0 0.6734375 0.8234375 0.03125 0.0265625
0 0.5515625 0.828125 0.03125 0.0265625
0 0.053125 0.86875 0.03125 0.0265625
0 0.45546875 0.71484375 0.03125 0.0296875
0 0.703125 0.1296875 0.0453125 0.0375
0 0.6609375 0.15859375 0.028125 0.025
0 0.76328125 0.2984375 0.053125 0.0453125
0 0.94921875 0.4890625 0.0359375 0.03125
0 0.865625 0.5921875 0.0515625 0.04375
0 0.14765625 0.20078125 0.0296875 0.025
0 0.15390625 0.11328125 0.0296875 0.0265625
0 0.12109375 0.3421875 0.0484375 0.04375
0 0.56953125 0.6703125 0.0859375 0.075
0 0.44921875 0.0328125 0.04375 0.0390625
0 0.53984375 0.0265625 0.03125 0.0265625
0 0.6609375 0.03515625 0.034375 0.0296875