0 0.203125 0.984375 0.03125 0.03125
0 0.821875 0.7453125 0.1390625 0.1375
0 0.5828125 0.74296875 0.0984375 0.0984375
0 0.62734375 0.8171875 0.1015625 0.0984375
0 0.4390625 0.73203125 0.2234375 0.2234375
0 0.61875 0.93515625 0.0703125 0.0703125
0 0.53515625 0.8421875 0.0890625 0.0875
0 0.5015625 0.9 0.096875 0.09375
0 0.6734375 0.74296875 0.040625 0.040625
0 0.6765625 0.94375 0.034375 0.034375
0 0.7453125 0.9046875 0.1875 0.1859375
0 0.71171875 0.803125 0.034375 0.034375
0 0.7296875 0.696875 0.03125 0.03125
0 0.671875 0.5953125 0.0265625 0.0265625
0 0.00234375 0.00234375 0.0015625 0.0015625
0 0.94453125 0.1734375 0.1109375 0.1109375
0 0.00234375 0.00078125 0.0015625 0.0015625
0 0.00234375 0.00078125 0.0015625 0.0015625
0 0.7125 0.15 0.0265625 0.0265625
0 0.55625 0.30546875 0.0390625 0.0390625
0 0.06953125 0.1765625 0.1203125 0.1203125
0 0.01796875 0.5015625 0.0359375 0.05625
0 0.02734375 0.59140625 0.0296875 0.028125
0 0.2453125 0.478125 0.0609375 0.0609375
0 0.31953125 0.5265625 0.0453125 0.0453125
0 0.35 0.60546875 0.0578125 0.0578125
0 0.06015625 0.521875 0.05625 0.05625
0 0.0796875 0.5625 0.053125 0.053125
0 0.18515625 0.6203125 0.0875 0.0859375
0 0.26796875 0.0453125 0.04375 0.04375
0 0.61328125 0.48671875 0.2 0.2
0 0.475 0.08515625 0.1390625 0.1375
0 0.36796875 0.178125 0.075 0.075
0 0.3640625 0.1109375 0.0625 0.0625
0 0.58203125 0.05859375 0.075 0.075
0 0.57109375 0.10546875 0.028125 0.0296875
0 0.7640625 0.0265625 0.04375 0.04375
0 0.8296875 0.02265625 0.075 0.0453125