0 0.98046875 0.89453125 0.0390625 0.0390625
0 0.88671875 0.859375 0.03125 0.0296875
0 0.8796875 0.7953125 0.04375 0.0359375
0 0.9171875 0.759375 0.053125 0.0453125
0 0.01328125 0.87890625 0.0265625 0.0359375
0 0.01171875 0.80859375 0.0234375 0.0265625
0 0.078125 0.77890625 0.03125 0.028125
0 0.27265625 0.8859375 0.0578125 0.0515625
0 0.28984375 0.74140625 0.034375 0.028125
0 0.375 0.80859375 0.0359375 0.03125
0 0.31953125 0.8640625 0.03125 0.0296875
0 0.4734375 0.6828125 0.1078125 0.09375
0 0.4578125 0.771875 0.0390625 0.034375
0 0.4265625 0.8140625 0.0390625 0.034375
0 0.31484375 0.64296875 0.03125 0.0265625
0 0.203125 0.69140625 0.1546875 0.134375
0 0.2234375 0.62890625 0.0796875 0.0703125
0 0.15 0.54921875 0.0515625 0.04375
0 0.15234375 0.521875 0.04375 0.0359375
0 0.11171875 0.634375 0.0375 0.034375
0 0.16484375 0.59765625 0.0515625 0.04375
0 0.36796875 0.68046875 0.03125 0.028125
0 0.37265625 0.69921875 0.0453125 0.040625
0 0.4203125 0.7484375 0.034375 0.03125
0 0.5453125 0.775 0.0390625 0.034375
0 0.26796875 0.52421875 0.0296875 0.0265625
0 0.303125 0.5375 0.0453125 0.040625
0 0.334375 0.5046875 0.075 0.065625
0 0.05390625 0.43984375 0.0484375 0.04375
0 0.296875 0.26953125 0.0609375 0.053125
0 0.2171875 0.275 0.0390625 0.0328125
0 0.29453125 0.3234375 0.0328125 0.0296875
0 0.10078125 0.71484375 0.084375 0.075
0 0.3921875 0.4796875 0.0703125 0.0625
0 0.56484375 0.49375 0.05625 0.0484375
0 0.390625 0.3546875 0.053125 0.0453125
0 0.3609375 0.24609375 0.0609375 0.053125
0 0.60703125 0.37265625 0.0984375 0.0859375
0 0.5984375 0.32109375 0.028125 0.0234375
0 0.64296875 0.30546875 0.0390625 0.034375
0 0.63203125 0.23046875 0.0453125 0.0390625
0 0.584375 0.2859375 0.028125 0.0234375
0 0.8609375 0.42578125 0.0828125 0.071875
0 0.5609375 0.6203125 0.059375 0.053125
0 0.43125 0.63671875 0.0296875 0.0265625
0 0.740625 0.3546875 0.0390625 0.034375
0 0.73828125 0.26171875 0.034375 0.0296875
0 0.978125 0.26171875 0.0390625 0.034375
0 0.90859375 0.36796875 0.0703125 0.0609375
0 0.95078125 0.3921875 0.071875 0.0625
0 0.94375 0.47265625 0.103125 0.0921875
0 0.83984375 0.50234375 0.071875 0.0625
0 0.79453125 0.55546875 0.0453125 0.040625
0 0.92421875 0.65234375 0.1453125 0.128125
0 0.9015625 0.29453125 0.034375 0.0296875
0 0.7703125 0.74140625 0.0796875 0.0703125
0 0.44375 0.90234375 0.03125 0.0265625
0 0.7859375 0.4578125 0.1078125 0.09375
0 0.40625 0.14296875 0.053125 0.0453125
0 0.4078125 0.1984375 0.0984375 0.0875
0 0.43359375 0.24296875 0.0609375 0.0515625
0 0.5359375 0.1359375 0.0453125 0.0375
0 0.6703125 0.03359375 0.0625 0.053125
0 0.91015625 0.15 0.0296875 0.025
0 0.9375 0.1234375 0.0515625 0.04375
0 0.853125 0.05390625 0.0484375 0.040625
0 0.89921875 0.07109375 0.04375 0.0359375
0 0.89296875 0.02421875 0.034375 0.0296875
0 0.75625 0.12734375 0.034375 0.0296875
0 0.8125 0.0359375 0.040625 0.0359375
0 0.7671875 0.05390625 0.0453125 0.0390625
0 0.39453125 0.05078125 0.040625 0.0359375
0 0.7546875 0.16796875 0.0390625 0.034375
0 0.80625 0.2796875 0.10625 0.0921875
0 0.51171875 0.2390625 0.0515625 0.0453125
0 0.63125 0.00703125 0.03125 0.0140625
0 0.7796875 0.7984375 0.0828125 0.071875
0 0.44453125 0.84765625 0.040625 0.0359375
0 0.4125 0.8546875 0.03125 0.0265625
0 0.27265625 0.0765625 0.034375 0.028125
0 0.11328125 0.0171875 0.0390625 0.034375
0 0.078125 0.140625 0.053125 0.0453125