0 0.04921875 0.74765625 0.040625 0.040625
0 0.07109375 0.76328125 0.0484375 0.0453125
0 0.86328125 0.65 0.03125 0.03125
0 0.85078125 0.665625 0.040625 0.040625
0 0.8796875 0.75 0.025 0.025
0 0.86875 0.77421875 0.034375 0.034375
0 0.81875 0.80859375 0.03125 0.0296875
0 0.9828125 0.6859375 0.0265625 0.0265625
0 0.9625 0.7078125 0.034375 0.03125
0 0.9015625 0.65859375 0.0265625 0.0265625
0 0.75625 0.6421875 0.028125 0.028125
0 0.78828125 0.7984375 0.0515625 0.0515625
0 0.6265625 0.85546875 0.0625 0.0625
0 0.19453125 0.6578125 0.040625 0.040625
0 0.15234375 0.64765625 0.0609375 0.0578125
0 0.29453125 0.68359375 0.0296875 0.0296875
0 0.2546875 0.6703125 0.03125 0.03125
0 0.3375 0.6890625 0.0453125 0.04375
0 0.4 0.79296875 0.0625 0.0609375
0 0.91875 0.01171875 0.028125 0.0234375
0 0.87890625 0.01796875 0.034375 0.03125
0 0.8484375 0.0265625 0.0265625 0.0265625
0 0.7921875 0.0203125 0.0390625 0.0359375
0 0.76484375 0.01171875 0.0421875 0.0234375
0 0.58984375 0.03125 0.0515625 0.0484375
0 0.896875 0.06953125 0.034375 0.03125
0 0.8859375 0.084375 0.0390625 0.0375
0 0.76171875 0.06015625 0.034375 0.0328125
0 0.7484375 0.06953125 0.034375 0.034375
0 0.69375 0.0796875 0.04375 0.040625
0 0.7984375 0.1078125 0.10625 0.103125
0 0.61171875 0.20703125 0.05625 0.05625
0 0.5953125 0.16328125 0.040625 0.0375
0 0.56484375 0.15234375 0.0265625 0.0265625
0 0.55078125 0.13671875 0.0265625 0.025
0 0.7484375 0.22734375 0.040625 0.040625
0 0.91953125 0.3953125 0.0609375 0.0578125
0 0.8296875 0.290625 0.0359375 0.0328125
0 0.95546875 0.5109375 0.0359375 0.034375
0 0.9390625 0.49140625 0.0359375 0.0359375
0 0.9109375 0.515625 0.0296875 0.0265625
0 0.9484375 0.6109375 0.034375 0.034375
0 0.9234375 0.16953125 0.0296875 0.0296875
0 0.6046875 0.05546875 0.053125 0.0515625
0 0.728125 0.32109375 0.0875 0.084375
0 0.61328125 0.28828125 0.0453125 0.0453125
0 0.3578125 0.29296875 0.0640625 0.0625
0 0.203125 0.30859375 0.071875 0.071875
0 0.240625 0.2640625 0.0609375 0.0578125
0 0.0953125 0.2875 0.053125 0.053125
0 0.0578125 0.29296875 0.1109375 0.1078125
0 0.0609375 0.0171875 0.0359375 0.034375
0 0.61171875 0.3484375 0.0453125 0.0453125
0 0.58203125 0.3375 0.04375 0.040625
0 0.06875 0.5515625 0.0703125 0.0671875
0 0.14765625 0.55546875 0.04375 0.04375
0 0.1875 0.5453125 0.0265625 0.0265625
0 0.1890625 0.5578125 0.0453125 0.0453125
0 0.171875 0.50390625 0.040625 0.0390625
0 0.13828125 0.4796875 0.0390625 0.0390625
0 0.0953125 0.42578125 0.03125 0.03125
0 0.11171875 0.40234375 0.0265625 0.0265625
0 0.1515625 0.4390625 0.03125 0.03125
0 0.2796875 0.40390625 0.0328125 0.03125
0 0.3265625 0.38125 0.0296875 0.0296875
0 0.7875 0.44375 0.040625 0.0390625
0 0.7328125 0.51796875 0.028125 0.028125
0 0.26328125 0.7359375 0.0828125 0.0796875
0 0.07421875 0.37890625 0.0765625 0.0765625
0 0.02734375 0.3921875 0.0546875 0.075
0 0.43125 0.359375 0.0390625 0.0390625
0 0.3734375 0.38359375 0.0328125 0.03125
0 0.48671875 0.3109375 0.034375 0.0328125
0 0.1515625 0.14765625 0.0296875 0.0296875
0 0.28828125 0.7828125 0.0265625 0.0265625
0 0.2453125 0.82109375 0.0265625 0.0265625
0 0.74140625 0.40234375 0.053125 0.0515625
0 0.7015625 0.3734375 0.0625 0.0625
0 0.6671875 0.26328125 0.040625 0.040625
0 0.646875 0.32421875 0.04375 0.04375
0 0.75390625 0.57109375 0.0296875 0.028125
0 0.77421875 0.60546875 0.05625 0.05625
0 0.9265625 0.6859375 0.0265625 0.0265625
0 0.7546875 0.7140625 0.1640625 0.1609375
0 0.74296875 0.27265625 0.0359375 0.0359375
0 0.765625 0.16953125 0.0265625 0.0265625
0 0.71875 0.24765625 0.034375 0.034375
0 0.509375 0.2234375 0.0296875 0.0296875
0 0.540625 0.3265625 0.0359375 0.0328125
0 0.78984375 0.3921875 0.040625 0.0390625
0 0.83046875 0.3578125 0.03125 0.03125
0 0.30859375 0.1453125 0.0578125 0.05625
0 0.25703125 0.13359375 0.0359375 0.0359375
0 0.18984375 0.0359375 0.0359375 0.034375
0 0.27734375 0.259375 0.03125 0.03125
0 0.21640625 0.41484375 0.0359375 0.0359375
0 0.24375 0.44375 0.065625 0.0625
0 0.1234375 0.5171875 0.0609375 0.0578125
0 0.21640625 0.6921875 0.0453125 0.0453125
0 0.17421875 0.7328125 0.071875 0.0703125
0 0.0921875 0.76953125 0.03125 0.03125
0 0.2671875 0.5734375 0.0328125 0.03125
0 0.12109375 0.59140625 0.04375 0.04375
0 0.1203125 0.6265625 0.0390625 0.0390625
0 0.39765625 0.72265625 0.0296875 0.0296875
0 0.34140625 0.75625 0.0296875 0.028125
0 0.00625 0.00859375 0.0125 0.0171875