0 0.78515625 0.0765625 0.0296875 0.0265625
0 0.6625 0.2640625 0.028125 0.0265625
0 0.61796875 0.24765625 0.028125 0.0265625
0 0.6453125 0.36875 0.0265625 0.0234375
0 0.55859375 0.37734375 0.0296875 0.0234375
0 0.5734375 0.2984375 0.028125 0.0265625
0 0.44609375 0.44375 0.0390625 0.034375
0 0.3375 0.396875 0.0390625 0.034375
0 0.39453125 0.36171875 0.0296875 0.0265625
0 0.42578125 0.21171875 0.05625 0.0484375
0 0.41328125 0.1609375 0.0453125 0.040625
0 0.09609375 0.2234375 0.0453125 0.040625
0 0.09140625 0.1984375 0.053125 0.0484375
0 0.08671875 0.17421875 0.0359375 0.03125
0 0.2703125 0.4859375 0.0359375 0.03125
0 0.4171875 0.1265625 0.0359375 0.0328125
0 0.19140625 0.615625 0.034375 0.028125
0 0.196875 0.646875 0.03125 0.028125
0 0.19375 0.67578125 0.03125 0.0296875
0 0.26796875 0.540625 0.03125 0.028125
0 0.36875 0.57578125 0.0296875 0.0265625
0 0.1515625 0.69140625 0.03125 0.0265625
0 0.13828125 0.7015625 0.0578125 0.053125
0 0.6453125 0.16796875 0.0265625 0.025
0 0.1078125 0.26328125 0.0265625 0.0234375
0 0.8140625 0.40859375 0.028125 0.0265625
0 0.771875 0.83046875 0.034375 0.0296875
0 0.6875 0.5203125 0.0484375 0.04375