0 0.9671875 0.7671875 0.0265625 0.0265625
0 0.9640625 0.78828125 0.04375 0.04375
0 0.8578125 0.97109375 0.0390625 0.0390625
0 0.81875 0.97734375 0.034375 0.034375
0 0.79453125 0.96015625 0.028125 0.0296875
0 0.54921875 0.8765625 0.05625 0.05625
0 0.5515625 0.81953125 0.03125 0.03125
0 0.43359375 0.821875 0.0515625 0.0484375
0 0.925 0.9 0.15 0.15625
0 0.89453125 0.6984375 0.0265625 0.0265625
0 0.7671875 0.7875 0.028125 0.0296875
0 0.77265625 0.834375 0.028125 0.0296875
0 0.43125 0.74765625 0.190625 0.1875
0 0.56484375 0.65234375 0.334375 0.3328125
0 0.6609375 0.67578125 0.0828125 0.0828125
0 0.64453125 0.740625 0.0359375 0.0359375
0 0.79296875 0.66328125 0.0359375 0.0359375
0 0.85703125 0.7390625 0.0265625 0.0265625
0 0.8109375 0.59609375 0.0296875 0.028125
0 0.790625 0.56875 0.0453125 0.0453125
0 0.72734375 0.55625 0.0265625 0.0265625
0 0.68046875 0.5640625 0.053125 0.053125
0 0.57578125 0.48671875 0.034375 0.034375
0 0.725 0.5109375 0.0359375 0.0359375
0 0.7390625 0.4796875 0.03125 0.0296875
0 0.771875 0.48046875 0.03125 0.03125
0 0.76953125 0.54296875 0.0296875 0.0265625
0 0.82421875 0.52265625 0.0796875 0.0765625
0 0.8109375 0.625 0.03125 0.03125
0 0.8015625 0.6875 0.1234375 0.1203125
0 0.984375 0.68515625 0.03125 0.034375
0 0.18515625 0.95078125 0.025 0.025
0 0.2953125 0.9171875 0.0484375 0.0484375
0 0.26328125 0.93515625 0.0265625 0.0265625
0 0.23203125 0.9109375 0.0296875 0.0296875
0 0.3796875 0.84765625 0.075 0.075
0 0.00078125 0.00234375 0.0015625 0.0015625
0 0.11640625 0.91953125 0.0859375 0.0875
0 0.071875 0.96640625 0.0625 0.0625
0 0.1703125 0.66015625 0.178125 0.1765625
0 0.32421875 0.6984375 0.065625 0.065625
0 0.31484375 0.73828125 0.0265625 0.025
0 0.3296875 0.646875 0.03125 0.03125
0 0.18125 0.5875 0.0328125 0.034375
0 0.0953125 0.54296875 0.0265625 0.025
0 0.0453125 0.60703125 0.090625 0.1359375
0 0.15390625 0.725 0.3078125 0.3390625
0 0.1765625 0.51328125 0.05625 0.05625
0 0.33203125 0.4890625 0.0359375 0.0359375
0 0.328125 0.3546875 0.0296875 0.0296875
0 0.3578125 0.35078125 0.03125 0.03125
0 0.43046875 0.2796875 0.0703125 0.0703125
0 0.3796875 0.20546875 0.04375 0.040625
0 0.55078125 0.2671875 0.0296875 0.0265625
0 0.2046875 0.290625 0.15 0.15
0 0.24140625 0.5625 0.053125 0.053125
0 0.3328125 0.578125 0.1421875 0.1421875
0 0.33203125 0.26796875 0.1109375 0.1109375
0 0.33515625 0.42421875 0.29375 0.290625
0 0.66015625 0.3296875 0.0296875 0.0296875
0 0.69140625 0.23203125 0.0296875 0.0296875
0 0.8296875 0.2234375 0.0359375 0.0359375
0 0.83515625 0.2859375 0.0265625 0.0265625
0 0.828125 0.3265625 0.0390625 0.0390625
0 0.828125 0.35234375 0.0265625 0.0265625
0 0.89921875 0.2234375 0.0484375 0.0484375
0 0.7859375 0.4265625 0.1078125 0.1078125
0 0.82421875 0.40234375 0.0921875 0.0921875
0 0.7203125 0.2703125 0.05625 0.05625
0 0.8859375 0.421875 0.0296875 0.0296875
0 0.8734375 0.4625 0.05625 0.05625
0 0.45078125 0.71875 0.025 0.025
0 0.98671875 0.1453125 0.0265625 0.0328125
0 0.96015625 0.171875 0.0796875 0.084375
0 0.83203125 0.1421875 0.0578125 0.0578125
0 0.82578125 0.1078125 0.0578125 0.0578125
0 0.8609375 0.0609375 0.0265625 0.0265625
0 0.484375 0.1875 0.2 0.196875
0 0.678125 0.0140625 0.034375 0.028125
0 0.93828125 0.009375 0.0328125 0.01875
0 0.90859375 0.0296875 0.0296875 0.0296875
0 0.00234375 0.00078125 0.0015625 0.0015625
0 0.40390625 0.02421875 0.0515625 0.0484375
0 0.396875 0.0828125 0.0484375 0.0453125
0 0.27421875 0.11328125 0.3421875 0.2265625
0 0.06484375 0.10234375 0.1296875 0.2046875
0 0.03359375 0.03984375 0.05625 0.0546875
0 0.36796875 0.52421875 0.28125 0.278125