0 0.8375 0.275 0.134375 0.103125
0 0.80859375 0.40390625 0.053125 0.040625
0 0.98515625 0.54921875 0.0296875 0.0265625
0 0.6234375 0.0875 0.03125 0.025
0 0.6453125 0.0625 0.0515625 0.0390625
0 0.5890625 0.1390625 0.071875 0.05625
0 0.51796875 0.12109375 0.0796875 0.0625
0 0.696875 0.3390625 0.04375 0.034375
0 0.5984375 0.46171875 0.0390625 0.0296875
0 0.60703125 0.60703125 0.053125 0.040625
0 0.66953125 0.70703125 0.0875 0.065625
0 0.64921875 0.6671875 0.040625 0.03125
0 0.52421875 0.5484375 0.0703125 0.053125
0 0.51796875 0.59375 0.0484375 0.0359375
0 0.515625 0.725 0.084375 0.065625
0 0.4953125 0.36328125 0.034375 0.0265625
0 0.359375 0.44921875 0.0359375 0.0265625
0 0.06953125 0.03984375 0.065625 0.0515625
0 0.36875 0.30625 0.0359375 0.0265625
0 0.07421875 0.68359375 0.03125 0.025
0 0.375 0.45703125 0.1140625 0.0875
0 0.59140625 0.8578125 0.0890625 0.0671875
0 0.3609375 0.828125 0.04375 0.03125
0 0.44140625 0.803125 0.0390625 0.0296875
0 0.7078125 0.9078125 0.0546875 0.04375
0 0.490625 0.09140625 0.11875 0.0890625