0 0.4671875 0.7703125 0.4859375 0.409375
0 0.7796875 0.98046875 0.040625 0.034375
0 0.40390625 0.97109375 0.0546875 0.0453125
0 0.36171875 0.9703125 0.03125 0.0265625
0 0.32578125 0.975 0.0484375 0.040625
0 0.8859375 0.796875 0.0390625 0.034375
0 0.953125 0.7796875 0.09375 0.0875
0 0.01953125 0.87265625 0.03125 0.0265625
0 0.084375 0.8328125 0.0453125 0.0390625
0 0.209375 0.74296875 0.115625 0.096875
0 0.20546875 0.6921875 0.0578125 0.0484375
0 0.1609375 0.66796875 0.0578125 0.0484375
0 0.1609375 0.6359375 0.040625 0.0359375
0 0.0890625 0.5515625 0.065625 0.053125
0 0.084375 0.51328125 0.0453125 0.0359375
0 0.0625 0.33515625 0.09375 0.0765625
0 0.1359375 0.3453125 0.0375 0.03125
0 0.20078125 0.415625 0.0484375 0.040625
0 0.25234375 0.49609375 0.0484375 0.040625
0 0.22578125 0.50625 0.0484375 0.0390625
0 0.22578125 0.45703125 0.0484375 0.040625
0 0.41484375 0.57109375 0.2 0.165625
0 0.5984375 0.5890625 0.04375 0.0359375
0 0.2359375 0.5765625 0.0578125 0.0484375
0 0.07578125 0.15625 0.04375 0.0359375
0 0.10234375 0.20078125 0.053125 0.04375
0 0.1390625 0.16015625 0.065625 0.053125
0 0.3140625 0.071875 0.1015625 0.084375
0 0.328125 0.13125 0.053125 0.04375
0 0.19140625 0.178125 0.040625 0.0328125
0 0.2796875 0.2140625 0.0765625 0.065625
0 0.26171875 0.3375 0.0453125 0.0359375
0 0.3734375 0.30546875 0.0484375 0.040625
0 0.31484375 0.34765625 0.0671875 0.05625
0 0.2609375 0.28125 0.271875 0.2265625
0 0.38203125 0.2171875 0.1203125 0.0984375
0 0.5265625 0.053125 0.040625 0.034375
0 0.58046875 0.28828125 0.153125 0.128125
0 0.93515625 0.2703125 0.0703125 0.0578125
0 0.87890625 0.3234375 0.0390625 0.03125
0 0.73671875 0.44140625 0.0359375 0.03125
0 0.62265625 0.44921875 0.028125 0.025
0 0.52734375 0.41796875 0.0296875 0.025
0 0.5484375 0.39921875 0.03125 0.0234375
0 0.7515625 0.21171875 0.18125 0.15
0 0.97734375 0.1828125 0.04375 0.0359375
0 0.62734375 0.1671875 0.071875 0.0609375
0 0.67421875 0.25625 0.034375 0.0296875
0 0.50390625 0.265625 0.134375 0.1140625
0 0.540625 0.19609375 0.1234375 0.103125
0 0.4890625 0.171875 0.040625 0.034375
0 0.91953125 0.0296875 0.0765625 0.059375
0 0.8453125 0.06875 0.096875 0.0796875
0 0.6890625 0.64765625 0.03125 0.0265625
0 0.709375 0.9015625 0.11875 0.0984375
0 0.8171875 0.82421875 0.0390625 0.034375
0 0.52265625 0.52734375 0.2359375 0.196875