0 0.4984375 0.053125 0.0359375 0.03125
0 0.61171875 0.1203125 0.05625 0.0453125
0 0.58046875 0.178125 0.090625 0.075
0 0.365625 0.14453125 0.1203125 0.1015625
0 0.2484375 0.09609375 0.1390625 0.115625
0 0.19609375 0.1875 0.165625 0.1375
0 0.4046875 0.01796875 0.0484375 0.0359375
0 0.171875 0.18515625 0.03125 0.0265625
0 0.9375 0.0453125 0.0296875 0.025
0 0.8234375 0.51953125 0.0359375 0.0296875
0 0.7140625 0.3296875 0.028125 0.0234375
0 0.70078125 0.61328125 0.0625 0.0515625
0 0.734375 0.64765625 0.0359375 0.03125
0 0.553125 0.36875 0.146875 0.1203125
0 0.5015625 0.49140625 0.053125 0.04375
0 0.4546875 0.44140625 0.040625 0.034375
0 0.34609375 0.5640625 0.0453125 0.0359375
0 0.41328125 0.66796875 0.0453125 0.0359375
0 0.734375 0.4515625 0.1078125 0.0890625
0 0.37890625 0.2921875 0.15 0.1234375
0 0.3140625 0.3609375 0.0796875 0.0640625
0 0.30625 0.415625 0.0453125 0.0359375
0 0.3265625 0.2046875 0.10625 0.0875
0 0.24375 0.28828125 0.071875 0.0578125
0 0.10078125 0.3265625 0.04375 0.0359375
0 0.2671875 0.6421875 0.0390625 0.03125
0 0.19140625 0.59140625 0.1453125 0.11875
0 0.296875 0.5953125 0.053125 0.04375
0 0.06875 0.38359375 0.0828125 0.0671875
0 0.0359375 0.90625 0.0390625 0.03125
0 0.0359375 0.66484375 0.03125 0.0234375
0 0.10703125 0.6546875 0.03125 0.0265625
0 0.515625 0.79921875 0.3015625 0.2453125
0 0.87265625 0.8125 0.0390625 0.03125
0 0.959375 0.9421875 0.0515625 0.040625
0 0.8609375 0.87890625 0.0671875 0.05625
0 0.1203125 0.90390625 0.0484375 0.040625
0 0.8140625 0.7953125 0.0828125 0.0671875