0 0.00234375 0.00234375 0.0046875 0.0046875
0 0.025 0.665625 0.034375 0.034375
0 0.0203125 0.8546875 0.040625 0.0484375
0 0.98203125 0.9171875 0.025 0.025
0 0.6515625 0.96640625 0.0234375 0.025
0 0.6546875 0.88125 0.0265625 0.025
0 0.6625 0.8234375 0.0265625 0.0265625
0 0.80625 0.62734375 0.0265625 0.0265625
0 0.25703125 0.62109375 0.03125 0.0296875
0 0.30078125 0.7078125 0.09375 0.09375
0 0.19921875 0.7140625 0.0296875 0.028125
0 0.13125 0.80546875 0.0296875 0.0296875
0 0.77890625 0.4234375 0.025 0.025
0 0.60078125 0.234375 0.0359375 0.0359375
0 0.63828125 0.515625 0.0578125 0.0578125
0 0.38125 0.31640625 0.0265625 0.0265625
0 0.334375 0.3859375 0.0265625 0.0265625
0 0.03359375 0.39453125 0.034375 0.034375
0 0.0875 0.3140625 0.0265625 0.0265625
0 0.08203125 0.2765625 0.0265625 0.0265625
0 0.1984375 0.2765625 0.0265625 0.0265625
0 0.321875 0.2125 0.0234375 0.025
0 0.48671875 0.33203125 0.034375 0.034375
0 0.49375 0.45703125 0.0359375 0.0359375
0 0.12109375 0.9671875 0.040625 0.040625
0 0.2125 0.671875 0.0359375 0.0359375
0 0.26171875 0.634375 0.071875 0.071875
0 0.446875 0.19140625 0.03125 0.03125
0 0.225 0.30078125 0.034375 0.034375