0 0.0015625 0.00234375 0.0015625 0.0015625
0 0.5 0.04921875 0.165625 0.0984375
0 0.615625 0.084375 0.25 0.16875
0 0.32421875 0.275 0.065625 0.053125
0 0.3796875 0.4171875 0.0578125 0.0453125
0 0.43515625 0.4890625 0.1859375 0.15
0 0.08515625 0.4375 0.040625 0.034375
0 0.79296875 0.015625 0.05625 0.03125
0 0.85 0.19140625 0.1140625 0.0921875
0 0.82578125 0.41953125 0.03125 0.025
0 0.77421875 0.60546875 0.034375 0.0265625
0 0.4234375 0.76171875 0.2171875 0.1734375
0 0.56875 0.62734375 0.0671875 0.05625
0 0.48828125 0.61328125 0.1203125 0.096875
0 0.41015625 0.66796875 0.1078125 0.0875
0 0.33203125 0.6265625 0.09375 0.075
0 0.265625 0.5828125 0.0453125 0.0359375
0 0.03359375 0.93984375 0.0671875 0.0703125
0 0.1265625 0.94453125 0.0625 0.0515625
0 0.79375 0.97421875 0.0625 0.0515625