0 0.00234375 0.00078125 0.0015625 0.0015625
0 0.8578125 0.78828125 0.034375 0.028125
0 0.8890625 0.6046875 0.0671875 0.0578125
0 0.66328125 0.60703125 0.03125 0.0265625
0 0.68515625 0.5453125 0.065625 0.053125
0 0.5890625 0.65 0.0390625 0.03125
0 0.70703125 0.696875 0.04375 0.0359375
0 0.66796875 0.72578125 0.0390625 0.034375
0 0.75234375 0.75390625 0.0484375 0.040625
0 0.3609375 0.90625 0.0546875 0.0453125
0 0.3953125 0.91953125 0.075 0.0625
0 0.1546875 0.9484375 0.1140625 0.09375
0 0.2125 0.7921875 0.09375 0.0796875
0 0.09140625 0.803125 0.1140625 0.09375
0 0.47265625 0.834375 0.0453125 0.0390625
0 0.44453125 0.875 0.0515625 0.04375
0 0.39453125 0.71484375 0.084375 0.0703125
0 0.44140625 0.6734375 0.0484375 0.040625
0 0.4046875 0.6515625 0.0796875 0.0671875
0 0.5625 0.603125 0.0359375 0.03125
0 0.4078125 0.58984375 0.0796875 0.0671875
0 0.428125 0.49140625 0.034375 0.0296875
0 0.34375 0.44453125 0.05625 0.0453125
0 0.3453125 0.51328125 0.040625 0.034375
0 0.3546875 0.55078125 0.071875 0.0609375
0 0.140625 0.59375 0.04375 0.0359375
0 0.1203125 0.63671875 0.0796875 0.065625
0 0.30390625 0.6921875 0.03125 0.0265625
0 0.2984375 0.56484375 0.1078125 0.090625
0 0.02890625 0.171875 0.0578125 0.0703125
0 0.10234375 0.1359375 0.0625 0.053125
0 0.1109375 0.203125 0.0625 0.0515625
0 0.321875 0.17578125 0.0640625 0.053125
0 0.3484375 0.27734375 0.0984375 0.0828125
0 0.28828125 0.328125 0.065625 0.053125
0 0.271875 0.0171875 0.040625 0.034375
0 0.0671875 0.07578125 0.053125 0.0453125
0 0.68359375 0.25234375 0.1640625 0.1375
0 0.5765625 0.4640625 0.0703125 0.0578125
0 0.9015625 0.2234375 0.0359375 0.03125
0 0.4171875 0.040625 0.0578125 0.0484375
0 0.334375 0.0453125 0.0390625 0.03125