0 0.9640625 0.65234375 0.0265625 0.025
0 0.9484375 0.6578125 0.040625 0.0390625
0 0.88828125 0.66796875 0.0609375 0.0578125
0 0.97734375 0.7796875 0.040625 0.0390625
0 0.98515625 0.753125 0.0296875 0.034375
0 0.90625 0.54921875 0.04375 0.040625
0 0.8640625 0.54921875 0.0359375 0.034375
0 0.97265625 0.51953125 0.0265625 0.0265625
0 0.8015625 0.56953125 0.040625 0.0390625
0 0.7484375 0.54453125 0.028125 0.028125
0 0.81015625 0.728125 0.040625 0.0390625
0 0.52734375 0.62265625 0.1140625 0.1109375
0 0.50390625 0.5578125 0.134375 0.1296875
0 0.5984375 0.7125 0.0265625 0.0265625
0 0.50390625 0.725 0.03125 0.03125
0 0.51328125 0.8125 0.04375 0.040625
0 0.6265625 0.82109375 0.0578125 0.05625
0 0.62890625 0.790625 0.034375 0.034375
0 0.5265625 0.8859375 0.028125 0.0296875
0 0.36640625 0.84609375 0.034375 0.03125
0 0.38125 0.65625 0.0625 0.0609375
0 0.625 0.60078125 0.03125 0.03125
0 0.6421875 0.5796875 0.028125 0.028125
0 0.70703125 0.52421875 0.03125 0.028125
0 0.71171875 0.49765625 0.0390625 0.0359375
0 0.90625 0.459375 0.034375 0.03125
0 0.86640625 0.39453125 0.053125 0.0515625
0 0.91328125 0.39765625 0.025 0.025
0 0.4109375 0.93359375 0.071875 0.0703125
0 0.37265625 0.9171875 0.0640625 0.0625
0 0.9578125 0.58984375 0.0296875 0.0296875
0 0.1703125 0.9515625 0.0296875 0.0296875
0 0.07421875 0.85 0.0390625 0.0359375
0 0.1046875 0.74765625 0.0484375 0.0484375
0 0.1421875 0.7609375 0.0296875 0.028125
0 0.07578125 0.79921875 0.0390625 0.0359375
0 0.31953125 0.58984375 0.0546875 0.053125
0 0.2359375 0.5765625 0.0828125 0.0796875
0 0.10546875 0.6984375 0.0609375 0.0578125
0 0.11796875 0.6578125 0.0265625 0.025
0 0.021875 0.634375 0.0359375 0.034375
0 0.02421875 0.5828125 0.03125 0.03125
0 0.05546875 0.63828125 0.1109375 0.159375
0 0.2953125 0.67421875 0.0328125 0.034375
0 0.27734375 0.6546875 0.0578125 0.05625
0 0.42421875 0.53515625 0.034375 0.034375
0 0.30546875 0.6203125 0.034375 0.03125
0 0.14765625 0.6359375 0.1203125 0.115625
0 0.078125 0.89765625 0.15625 0.190625
0 0.053125 0.23828125 0.0484375 0.0484375
0 0.0609375 0.203125 0.040625 0.0390625
0 0.1296875 0.1890625 0.0296875 0.0296875
0 0.17421875 0.16796875 0.0265625 0.0265625
0 0.1609375 0.24296875 0.040625 0.040625
0 0.22265625 0.28515625 0.0515625 0.0515625
0 0.1625 0.053125 0.0625 0.0609375
0 0.3109375 0.4890625 0.0265625 0.0265625
0 0.359375 0.415625 0.034375 0.0328125
0 0.43984375 0.48046875 0.0296875 0.0265625
0 0.1453125 0.4234375 0.271875 0.2625
0 0.36171875 0.240625 0.0578125 0.05625
0 0.321875 0.365625 0.053125 0.0515625
0 0.321875 0.21015625 0.0359375 0.0359375
0 0.30546875 0.14453125 0.03125 0.0296875
0 0.29921875 0.109375 0.1546875 0.146875
0 0.515625 0.01796875 0.040625 0.0359375
0 0.3546875 0.00859375 0.0265625 0.0171875
0 0.44453125 0.1359375 0.065625 0.0625
0 0.78515625 0.1890625 0.065625 0.0625
0 0.84140625 0.25234375 0.0296875 0.0265625
0 0.7921875 0.359375 0.0359375 0.0359375
0 0.8078125 0.37890625 0.0265625 0.0265625
0 0.7328125 0.46171875 0.0484375 0.0453125
0 0.74296875 0.125 0.028125 0.0296875
0 0.603125 0.14296875 0.2359375 0.2265625
0 0.72578125 0.2875 0.2 0.1890625
0 0.83515625 0.33671875 0.0265625 0.0234375
0 0.2203125 0.2203125 0.040625 0.0390625
0 0.70078125 0.02421875 0.065625 0.0484375
0 0.97578125 0.11875 0.0390625 0.0359375
0 0.525 0.2828125 0.0265625 0.0265625
0 0.975 0.31953125 0.0296875 0.0296875
0 0.95546875 0.196875 0.03125 0.0296875
0 0.853125 0.2828125 0.0390625 0.0359375
0 0.90859375 0.25 0.096875 0.09375