0 0.9015625 0.11171875 0.0390625 0.0375
0 0.85234375 0.0796875 0.03125 0.03125
0 0.6609375 0.14453125 0.04375 0.04375
0 0.9640625 0.88203125 0.034375 0.034375
0 0.821875 0.23046875 0.0265625 0.0265625
0 0.5921875 0.46171875 0.065625 0.065625
0 0.59609375 0.5265625 0.0265625 0.0265625
0 0.46640625 0.33515625 0.0359375 0.0359375
0 0.41484375 0.209375 0.0609375 0.0609375
0 0.44453125 0.0765625 0.025 0.025
0 0.36640625 0.18984375 0.0390625 0.0390625
0 0.39296875 0.3734375 0.125 0.1234375
0 0.45546875 0.3703125 0.040625 0.040625
0 0.64296875 0.296875 0.040625 0.040625
0 0.5109375 0.303125 0.0265625 0.0265625
0 0.68359375 0.28984375 0.0265625 0.0265625
0 0.27890625 0.6671875 0.0265625 0.0265625
0 0.3453125 0.8015625 0.0328125 0.034375
0 0.16484375 0.2703125 0.025 0.0234375
0 0.19140625 0.1140625 0.0359375 0.0359375
0 0.0171875 0.115625 0.03125 0.03125
0 0.49609375 0.3640625 0.034375 0.034375
0 0.6921875 0.66953125 0.0234375 0.025
0 0.8375 0.678125 0.0359375 0.0359375
0 0.0296875 0.81484375 0.04375 0.040625
0 0.43046875 0.9109375 0.0796875 0.0796875
0 0.43359375 0.86875 0.0765625 0.0765625
0 0.40859375 0.8296875 0.0265625 0.0265625
0 0.3578125 0.875 0.0328125 0.034375
0 0.30390625 0.865625 0.0296875 0.0296875
0 0.35 0.96640625 0.0390625 0.0390625
0 0.50703125 0.971875 0.0578125 0.05625
0 0.50625 0.91796875 0.040625 0.040625
0 0.48828125 0.87734375 0.04375 0.04375
0 0.5171875 0.8109375 0.034375 0.034375
0 0.0578125 0.85 0.065625 0.065625