0 0.9375 0.6859375 0.0890625 0.0890625
0 0.9046875 0.65 0.03125 0.03125
0 0.83046875 0.603125 0.0484375 0.0484375
0 0.8125 0.68515625 0.03125 0.03125
0 0.703125 0.7140625 0.04375 0.04375
0 0.8328125 0.55390625 0.0390625 0.0390625
0 0.95546875 0.26796875 0.0484375 0.0484375
0 0.728125 0.334375 0.0359375 0.0359375
0 0.65859375 0.36171875 0.0265625 0.0265625
0 0.5875 0.5 0.040625 0.040625
0 0.66328125 0.52421875 0.0265625 0.0265625
0 0.9640625 0.48671875 0.034375 0.034375
0 0.86796875 0.525 0.0359375 0.0359375
0 0.60078125 0.9640625 0.0703125 0.0703125
0 0.35546875 0.91015625 0.0390625 0.0390625
0 0.16796875 0.88125 0.0265625 0.0265625
0 0.3265625 0.81015625 0.0359375 0.0359375
0 0.05625 0.8140625 0.0765625 0.0765625
0 0.0640625 0.65 0.0625 0.0625
0 0.22578125 0.7046875 0.1078125 0.1078125
0 0.3546875 0.27421875 0.065625 0.065625
0 0.3453125 0.225 0.0328125 0.034375
0 0.1546875 0.296875 0.0296875 0.0296875
0 0.1859375 0.28125 0.0359375 0.0359375
0 0.15859375 0.546875 0.0453125 0.0453125
0 0.05625 0.5 0.103125 0.103125
0 0.053125 0.45546875 0.0359375 0.0359375
0 0.3171875 0.375 0.1015625 0.1015625
0 0.2984375 0.33203125 0.0625 0.0625
0 0.15 0.46640625 0.025 0.025
0 0.38828125 0.6359375 0.1015625 0.1015625
0 0.47109375 0.609375 0.0390625 0.0390625
0 0.5765625 0.75 0.025 0.025
0 0.33515625 0.96015625 0.0515625 0.0515625
0 0.05859375 0.21171875 0.0828125 0.0828125
0 0.07421875 0.29296875 0.0890625 0.0890625
0 0.8578125 0.93984375 0.053125 0.053125
0 0.1 0.9890625 0.025 0.021875
0 0.35234375 0.015625 0.0265625 0.0265625
0 0.4515625 0.11640625 0.0359375 0.0359375
0 0.2953125 0.13125 0.0921875 0.090625
0 0.225 0.08984375 0.0578125 0.0578125
0 0.1859375 0.04921875 0.0625 0.0625
0 0.4734375 0.0671875 0.0265625 0.0265625
0 0.384375 0.1875 0.0765625 0.0765625
0 0.97109375 0.015625 0.03125 0.03125
0 0.9328125 0.01953125 0.04375 0.0390625