0 0.00234375 0.0015625 0.0015625 0.0015625
0 0.90625 0.56875 0.03125 0.0265625
0 0.80546875 0.55625 0.0671875 0.0578125
0 0.72578125 0.59609375 0.028125 0.0265625
0 0.65390625 0.5984375 0.028125 0.0234375
0 0.64296875 0.63671875 0.028125 0.0265625
0 0.6296875 0.7609375 0.0453125 0.040625
0 0.678125 0.75859375 0.028125 0.0234375
0 0.7078125 0.6546875 0.059375 0.0515625
0 0.7703125 0.65625 0.0390625 0.034375
0 0.10234375 0.7546875 0.0296875 0.0234375
0 0.05546875 0.5015625 0.03125 0.0296875
0 0.0171875 0.54453125 0.034375 0.03125
0 0.33203125 0.38828125 0.04375 0.0390625
0 0.98203125 0.3859375 0.0296875 0.0234375
0 0.65625 0.28984375 0.034375 0.0296875
0 0.79296875 0.4359375 0.034375 0.0296875