0 0.00234375 0.00078125 0.0015625 0.0015625
0 0.43359375 0.6078125 0.196875 0.1453125
0 0.93125 0.790625 0.1375 0.103125
0 0.646875 0.93046875 0.0390625 0.0296875
0 0.23828125 0.740625 0.053125 0.0390625
0 0.24765625 0.78828125 0.0765625 0.0578125
0 0.08203125 0.60078125 0.065625 0.0484375
0 0.03984375 0.646875 0.075 0.05625
0 0.06640625 0.178125 0.0671875 0.0484375
0 0.16328125 0.209375 0.1140625 0.0828125
0 0.38125 0.22578125 0.24375 0.1765625
0 0.47734375 0.16796875 0.2015625 0.146875
0 0.6140625 0.30078125 0.0359375 0.0265625
0 0.82109375 0.18359375 0.04375 0.03125
0 0.89921875 0.3328125 0.10625 0.0765625
0 0.7078125 0.04453125 0.034375 0.025
0 0.58046875 0.0796875 0.034375 0.0265625
0 0.64921875 0.146875 0.0515625 0.0359375
0 0.76171875 0.071875 0.0390625 0.028125
0 0.9640625 0.02890625 0.0453125 0.034375
0 0.9265625 0.08203125 0.040625 0.0296875
0 0.5875 0.103125 0.159375 0.115625
0 0.4328125 0.5375 0.065625 0.0484375
0 0.89296875 0.53515625 0.1921875 0.1421875
0 0.6453125 0.63359375 0.0578125 0.040625