0 0.1734375 0.89453125 0.04375 0.03125
0 0.2015625 0.884375 0.159375 0.115625
0 0.234375 0.94609375 0.0453125 0.03125
0 0.0421875 0.84609375 0.084375 0.1109375
0 0.54921875 0.9484375 0.0578125 0.040625
0 0.84375 0.86875 0.196875 0.1421875
0 0.73828125 0.9375 0.0921875 0.065625
0 0.68984375 0.90625 0.040625 0.0296875
0 0.671875 0.9375 0.0515625 0.0359375
0 0.68359375 0.8390625 0.034375 0.025
0 0.49765625 0.77421875 0.0515625 0.0359375
0 0.334375 0.86796875 0.0359375 0.0265625
0 0.51171875 0.8296875 0.04375 0.03125
0 0.390625 0.65859375 0.2015625 0.1453125
0 0.671875 0.640625 0.159375 0.1140625
0 0.62734375 0.5984375 0.053125 0.0390625
0 0.89296875 0.73671875 0.0390625 0.028125
0 0.9125 0.4984375 0.128125 0.090625
0 0.02265625 0.73203125 0.0453125 0.053125
0 0.10078125 0.7546875 0.2015625 0.190625
0 0.1109375 0.584375 0.0578125 0.040625
0 0.2171875 0.43359375 0.0625 0.0453125
0 0.33046875 0.5046875 0.0359375 0.0265625
0 0.4796875 0.49765625 0.0453125 0.034375
0 0.2546875 0.5953125 0.0390625 0.0265625
0 0.46484375 0.31875 0.0453125 0.0328125
0 0.5578125 0.5828125 0.1171875 0.084375
0 0.171875 0.709375 0.34375 0.303125
0 0.58046875 0.74375 0.153125 0.1109375
0 0.97578125 0.2328125 0.0484375 0.034375
0 0.91953125 0.12890625 0.15 0.10625
0 0.82109375 0.32109375 0.1703125 0.1234375
0 0.74140625 0.1390625 0.0390625 0.0265625
0 0.571875 0.025 0.04375 0.03125
0 0.5453125 0.00859375 0.040625 0.0171875
0 0.5421875 0.10234375 0.0546875 0.040625
0 0.6765625 0.13828125 0.0453125 0.0328125
0 0.65859375 0.17578125 0.0515625 0.0359375
0 0.50390625 0.15234375 0.0515625 0.0359375
0 0.4890625 0.27265625 0.0359375 0.0265625
0 0.31953125 0.23828125 0.0390625 0.0265625
0 0.31953125 0.2171875 0.0515625 0.0359375
0 0.4109375 0.115625 0.0453125 0.034375
0 0.165625 0.071875 0.0703125 0.0515625
0 0.0921875 0.26484375 0.184375 0.1359375
0 0.43046875 0.3703125 0.1234375 0.0875
0 0.69609375 0.25859375 0.159375 0.1140625
0 0.60078125 0.1828125 0.2234375 0.159375
0 0.44921875 0.15 0.0484375 0.0328125
0 0.29921875 0.02265625 0.0546875 0.0390625