0 0.21171875 0.41796875 0.2578125 0.2
0 0.9671875 0.15390625 0.03125 0.025
0 0.9234375 0.13671875 0.03125 0.0265625
0 0.5640625 0.02265625 0.0453125 0.0359375
0 0.275 0.2921875 0.0453125 0.034375
0 0.31484375 0.12265625 0.04375 0.0328125
0 0.4703125 0.2328125 0.1828125 0.1421875
0 0.35078125 0.2671875 0.1390625 0.1078125
0 0.29453125 0.27890625 0.0390625 0.03125
0 0.12734375 0.55625 0.0796875 0.059375
0 0.0140625 0.44140625 0.028125 0.0359375
0 0.1140625 0.49765625 0.0578125 0.0453125
0 0.0328125 0.7390625 0.065625 0.0546875
0 0.0640625 0.7703125 0.09375 0.071875
0 0.16796875 0.775 0.146875 0.1140625
0 0.16796875 0.88125 0.0828125 0.0625
0 0.16328125 0.83671875 0.084375 0.065625
0 0.1765625 0.93125 0.0640625 0.0515625
0 0.26953125 0.915625 0.040625 0.03125
0 0.234375 0.9546875 0.096875 0.075
0 0.3015625 0.821875 0.053125 0.040625
0 0.24296875 0.8703125 0.05625 0.04375
0 0.4234375 0.85703125 0.04375 0.034375
0 0.421875 0.90234375 0.065625 0.0515625
0 0.3328125 0.634375 0.053125 0.040625
0 0.5765625 0.55625 0.096875 0.075
0 0.8640625 0.14921875 0.1078125 0.084375
0 0.8734375 0.11328125 0.0359375 0.0296875
0 0.9234375 0.29296875 0.053125 0.040625
0 0.91953125 0.22734375 0.1609375 0.13125
0 0.7984375 0.275 0.053125 0.040625
0 0.92890625 0.4421875 0.0453125 0.0359375
0 0.7828125 0.7234375 0.084375 0.065625
0 0.7453125 0.69609375 0.040625 0.03125
0 0.7171875 0.65859375 0.0703125 0.05625
0 0.6625 0.68125 0.071875 0.05625
0 0.4828125 0.68359375 0.053125 0.040625
0 0.53515625 0.69609375 0.134375 0.103125
0 0.4953125 0.73828125 0.053125 0.040625
0 0.9046875 0.5890625 0.0390625 0.028125
0 0.87109375 0.775 0.04375 0.034375
0 0.9375 0.97578125 0.0453125 0.0359375
0 0.6734375 0.953125 0.0875 0.0671875
0 0.8734375 0.0453125 0.0453125 0.0359375
0 0.9015625 0.0578125 0.0390625 0.028125
0 0.46015625 0.0734375 0.0625 0.0515625
0 0.0984375 0.6609375 0.1734375 0.134375
0 0.0484375 0.4984375 0.0703125 0.053125
0 0.071875 0.38203125 0.09375 0.071875
0 0.39921875 0.5 0.096875 0.075
0 0.83203125 0.33671875 0.0390625 0.03125
0 0.42578125 0.0984375 0.0453125 0.0359375
0 0.8265625 0.95078125 0.0390625 0.0296875
0 0.38359375 0.88203125 0.0359375 0.0296875
0 0.36171875 0.915625 0.0765625 0.0609375
0 0.31875 0.92578125 0.0625 0.0484375