0 0.85703125 0.0140625 0.0453125 0.028125
0 0.52734375 0.0265625 0.0515625 0.0359375
0 0.20703125 0.078125 0.0875 0.0625
0 0.12734375 0.05625 0.075 0.053125
0 0.109375 0.32421875 0.034375 0.025
0 0.18125 0.703125 0.071875 0.0515625
0 0.290625 0.72109375 0.040625 0.028125
0 0.19609375 0.63828125 0.0953125 0.0671875
0 0.5984375 0.7328125 0.040625 0.028125
0 0.62265625 0.7453125 0.0515625 0.0359375
0 0.56015625 0.76328125 0.1078125 0.0765625
0 0.51328125 0.6140625 0.0359375 0.0234375
0 0.94296875 0.44140625 0.1140625 0.0796875
0 0.6765625 0.42578125 0.1109375 0.0796875
0 0.87109375 0.303125 0.1640625 0.11875
0 0.7359375 0.23828125 0.0359375 0.0265625
0 0.75 0.27265625 0.040625 0.0296875
0 0.55390625 0.3171875 0.065625 0.0453125
0 0.5578125 0.39921875 0.0796875 0.0578125
0 0.61328125 0.3765625 0.0359375 0.0265625
0 0.36640625 0.2875 0.040625 0.0296875
0 0.615625 0.09609375 0.034375 0.025
0 0.915625 0.20546875 0.034375 0.025
0 0.88125 0.69921875 0.084375 0.0609375