0 0.0015625 0.0015625 0.0015625 0.0015625
0 0.97734375 0.0578125 0.04375 0.0390625
0 0.6359375 0.05546875 0.0484375 0.04375
0 0.37109375 0.1921875 0.04375 0.0375
0 0.3765625 0.04921875 0.0546875 0.0484375
0 0.15390625 0.0515625 0.03125 0.0265625
0 0.2484375 0.0734375 0.040625 0.0359375
0 0.28984375 0.1546875 0.03125 0.0296875
0 0.0265625 0.2125 0.03125 0.0265625
0 0.03125 0.27890625 0.0625 0.10625
0 0.0484375 0.37265625 0.0390625 0.0328125
0 0.13125 0.384375 0.0390625 0.0328125
0 0.03984375 0.5140625 0.0609375 0.053125
0 0.02265625 0.53828125 0.0453125 0.0390625
0 0.015625 0.5640625 0.03125 0.028125
0 0.025 0.72578125 0.03125 0.0265625
0 0.07421875 0.17421875 0.0296875 0.0265625
0 0.0265625 0.18359375 0.053125 0.084375
0 0.1734375 0.5375 0.0671875 0.0578125
0 0.2296875 0.53125 0.0453125 0.0390625
0 0.27890625 0.47109375 0.0546875 0.0484375
0 0.3859375 0.64765625 0.103125 0.0890625
0 0.31015625 0.65390625 0.04375 0.0359375
0 0.275 0.63359375 0.0390625 0.034375
0 0.10546875 0.68046875 0.0359375 0.03125
0 0.10546875 0.7125 0.09375 0.0828125
0 0.20546875 0.6625 0.0625 0.05625
0 0.390625 0.70703125 0.125 0.1078125
0 0.609375 0.70546875 0.034375 0.028125
0 0.69453125 0.740625 0.028125 0.025
0 0.69140625 0.59375 0.0359375 0.03125
0 0.72265625 0.4890625 0.0484375 0.04375
0 0.56484375 0.27734375 0.034375 0.03125
0 0.51953125 0.24609375 0.0453125 0.0390625
0 0.49140625 0.33203125 0.0890625 0.0765625
0 0.5359375 0.27734375 0.0703125 0.0609375
0 0.67421875 0.30390625 0.03125 0.0265625
0 0.7546875 0.39921875 0.03125 0.0265625
0 0.821875 0.40234375 0.0390625 0.034375
0 0.80390625 0.4328125 0.034375 0.0296875
0 0.728125 0.36875 0.059375 0.053125
0 0.7859375 0.47734375 0.0296875 0.025
0 0.97734375 0.5625 0.0359375 0.03125
0 0.87265625 0.4578125 0.065625 0.05625
0 0.65 0.53984375 0.0625 0.0546875
0 0.96875 0.79296875 0.034375 0.0296875
0 0.93359375 0.8640625 0.0484375 0.04375
0 0.96015625 0.90390625 0.05625 0.0484375
0 0.88125 0.9015625 0.0359375 0.03125
0 0.86640625 0.796875 0.034375 0.0296875
0 0.88203125 0.83203125 0.0578125 0.0515625
0 0.94140625 0.8265625 0.0609375 0.0515625
0 0.60234375 0.98515625 0.0421875 0.0296875
0 0.49375 0.771875 0.03125 0.028125
0 0.42421875 0.96171875 0.0671875 0.0578125
0 0.28984375 0.8015625 0.0296875 0.025
0 0.3171875 0.83203125 0.034375 0.0296875
0 0.2453125 0.84765625 0.0390625 0.034375
0 0.14921875 0.959375 0.0296875 0.025
0 0.16015625 0.9359375 0.0296875 0.025
0 0.2109375 0.971875 0.065625 0.05625
0 0.265625 0.91015625 0.0921875 0.0796875
0 0.34765625 0.86875 0.0890625 0.0765625
0 0.4984375 0.02421875 0.0453125 0.0390625