0 0.88828125 0.0140625 0.0421875 0.028125
0 0.81875 0.05078125 0.040625 0.03125
0 0.78515625 0.03125 0.040625 0.03125
0 0.875 0.15 0.096875 0.071875
0 0.47734375 0.23046875 0.084375 0.0625
0 0.36328125 0.26796875 0.1015625 0.0765625
0 0.5296875 0.16796875 0.125 0.09375
0 0.771875 0.34375 0.034375 0.025
0 0.62890625 0.38828125 0.04375 0.0328125
0 0.70546875 0.30859375 0.096875 0.071875
0 0.5453125 0.02421875 0.096875 0.0484375
0 0.0671875 0.01796875 0.0484375 0.0359375
0 0.26328125 0.05390625 0.165625 0.1078125
0 0.1578125 0.26953125 0.0328125 0.025
0 0.22265625 0.415625 0.0359375 0.0265625
0 0.3109375 0.44453125 0.0359375 0.0265625
0 0.11328125 0.1921875 0.2125 0.159375
0 0.13203125 0.15859375 0.0609375 0.04375
0 0.03125 0.07578125 0.0625 0.09375
0 0.5015625 0.5109375 0.071875 0.053125
0 0.865625 0.865625 0.0453125 0.034375
0 0.90234375 0.8890625 0.040625 0.0296875