0 0.00234375 0.0015625 0.0046875 0.003125
0 0.44375 0.08203125 0.0265625 0.0265625
0 0.62890625 0.0171875 0.05625 0.034375
0 0.853125 0.22578125 0.178125 0.1734375
0 0.915625 0.35234375 0.159375 0.15625
0 0.94609375 0.5328125 0.0796875 0.0765625
0 0.70078125 0.09765625 0.2265625 0.1953125
0 0.5328125 0.5328125 0.0390625 0.0359375
0 0.49296875 0.47578125 0.0921875 0.0890625
0 0.23828125 0.42890625 0.0265625 0.0265625
0 0.19453125 0.46015625 0.04375 0.040625
0 0.025 0.4546875 0.0265625 0.0265625
0 0.16796875 0.12734375 0.0265625 0.0265625
0 0.4078125 0.2140625 0.0390625 0.0390625
0 0.06484375 0.3703125 0.028125 0.0296875
0 0.40859375 0.74609375 0.04375 0.040625
0 0.26796875 0.76328125 0.0265625 0.0265625
0 0.0984375 0.65234375 0.0609375 0.0578125
0 0.03984375 0.7390625 0.0390625 0.0390625
0 0.14921875 0.709375 0.0296875 0.028125
0 0.8140625 0.79921875 0.0359375 0.0359375
0 0.8140625 0.8484375 0.0359375 0.034375
0 0.77734375 0.86796875 0.04375 0.04375
0 0.7609375 0.87265625 0.090625 0.0890625
0 0.80390625 0.9171875 0.0359375 0.0359375
0 0.509375 0.234375 0.0265625 0.0265625
0 0.55625 0.39296875 0.053125 0.0515625
0 0.0375 0.19921875 0.03125 0.0296875
0 0.08515625 0.16953125 0.0296875 0.0296875
0 0.0203125 0.38203125 0.0296875 0.0296875
0 0.13125 0.2953125 0.0578125 0.0546875