0 0.00234375 0.00078125 0.0015625 0.0015625
0 0.00234375 0.0015625 0.0015625 0.0015625
0 0.303125 0.96171875 0.0359375 0.034375
0 0.290625 0.93125 0.03125 0.03125
0 0.3140625 0.90390625 0.0390625 0.0390625
0 0.2359375 0.9546875 0.0265625 0.0265625
0 0.3578125 0.75625 0.159375 0.1546875
0 0.553125 0.77421875 0.034375 0.034375
0 0.52734375 0.81484375 0.040625 0.0390625
0 0.3578125 0.84609375 0.0546875 0.05625
0 0.05078125 0.83046875 0.025 0.025
0 0.921875 0.834375 0.0390625 0.0390625
0 0.9234375 0.79453125 0.0484375 0.0453125
0 0.73671875 0.8328125 0.0265625 0.0265625
0 0.709375 0.57578125 0.04375 0.04375
0 0.71171875 0.48046875 0.028125 0.0265625
0 0.92421875 0.2125 0.025 0.025
0 0.85078125 0.24140625 0.0296875 0.0296875
0 0.94453125 0.16953125 0.1109375 0.1078125
0 0.97421875 0.1203125 0.0515625 0.05625
0 0.98671875 0.053125 0.0265625 0.025
0 0.65 0.2859375 0.09375 0.0921875
0 0.609375 0.2484375 0.1296875 0.125
0 0.571875 0.18046875 0.0265625 0.0265625
0 0.50859375 0.6859375 0.0265625 0.0265625
0 0.4734375 0.63203125 0.159375 0.15625
0 0.2640625 0.6234375 0.03125 0.03125
0 0.1578125 0.55390625 0.10625 0.103125
0 0.3484375 0.4828125 0.0234375 0.025
0 0.36328125 0.44921875 0.0296875 0.0296875
0 0.196875 0.45078125 0.0265625 0.0265625
0 0.0453125 0.3421875 0.03125 0.03125
0 0.06875 0.24140625 0.053125 0.053125
0 0.21171875 0.296875 0.0265625 0.0265625
0 0.24140625 0.31015625 0.0265625 0.0234375
0 0.48671875 0.42421875 0.075 0.071875
0 0.4859375 0.52890625 0.1640625 0.159375
0 0.26953125 0.21015625 0.05625 0.053125
0 0.3421875 0.19921875 0.0265625 0.0265625
0 0.40390625 0.22578125 0.0453125 0.0453125
0 0.478125 0.31484375 0.03125 0.03125
0 0.584375 0.37109375 0.1609375 0.15625
0 0.4828125 0.1828125 0.0578125 0.05625
0 0.68984375 0.14921875 0.04375 0.04375
0 0.90234375 0.23828125 0.034375 0.03125
0 0.86171875 0.2234375 0.084375 0.0828125
0 0.6625 0.15859375 0.5515625 0.3171875
0 0.671875 0.053125 0.1015625 0.0984375
0 0.36796875 0.29453125 0.0296875 0.0296875
0 0.296875 0.1453125 0.03125 0.03125
0 0.3734375 0.3546875 0.1203125 0.11875
0 0.13203125 0.34375 0.1 0.0984375
0 0.09375 0.1390625 0.0390625 0.0359375
0 0.1109375 0.1078125 0.0328125 0.03125
0 0.1046875 0.07109375 0.04375 0.040625
0 0.19453125 0.2046875 0.0609375 0.0609375
0 0.26171875 0.61875 0.253125 0.2453125