0 0.03984375 0.9484375 0.034375 0.025
0 0.2078125 0.7515625 0.0875 0.0625
0 0.37265625 0.49375 0.0359375 0.0265625
0 0.60703125 0.5046875 0.0359375 0.0265625
0 0.84375 0.32109375 0.065625 0.0453125
0 0.84140625 0.353125 0.040625 0.0296875
0 0.8328125 0.375 0.040625 0.0296875
0 0.81484375 0.2984375 0.04375 0.03125
0 0.58671875 0.0828125 0.034375 0.025
0 0.303125 0.109375 0.040625 0.0296875
0 0.30390625 0.3578125 0.0484375 0.0328125
0 0.2609375 0.20546875 0.0546875 0.0390625
0 0.2234375 0.2875 0.0453125 0.03125
0 0.16953125 0.22734375 0.05625 0.0390625