0 0.725 0.98515625 0.03125 0.0296875
0 0.6859375 0.640625 0.028125 0.0296875
0 0.66015625 0.6296875 0.03125 0.03125
0 0.703125 0.58046875 0.0359375 0.0359375
0 0.83984375 0.39765625 0.0265625 0.0265625
0 0.66015625 0.48671875 0.134375 0.1328125
0 0.55546875 0.5453125 0.034375 0.034375
0 0.56953125 0.5890625 0.03125 0.028125
0 0.51953125 0.68984375 0.0484375 0.0484375
0 0.56875 0.8140625 0.034375 0.034375
0 0.5890625 0.928125 0.028125 0.0296875
0 0.5375 0.98203125 0.04375 0.0359375
0 0.321875 0.94609375 0.0296875 0.0265625
0 0.271875 0.9328125 0.0359375 0.0359375
0 0.14296875 0.63828125 0.0359375 0.0359375
0 0.1703125 0.65625 0.03125 0.03125
0 0.18515625 0.68125 0.03125 0.028125
0 0.453125 0.646875 0.03125 0.03125
0 0.27890625 0.7640625 0.0265625 0.0265625
0 0.47734375 0.853125 0.025 0.025
0 0.5109375 0.453125 0.0265625 0.0265625
0 0.2390625 0.44609375 0.0453125 0.0453125
0 0.57578125 0.85546875 0.0765625 0.075
0 0.4328125 0.803125 0.2578125 0.2546875
0 0.6453125 0.38671875 0.03125 0.03125
0 0.67421875 0.37265625 0.034375 0.03125
0 0.75390625 0.35234375 0.09375 0.09375
0 0.28125 0.35703125 0.16875 0.165625
0 0.39453125 0.3171875 0.034375 0.034375
0 0.3546875 0.2875 0.03125 0.03125
0 0.32578125 0.28359375 0.0265625 0.0265625
0 0.3109375 0.24296875 0.0484375 0.0484375
0 0.2828125 0.20703125 0.04375 0.04375
0 0.7703125 0.2234375 0.034375 0.034375
0 0.7609375 0.18515625 0.0234375 0.025
0 0.828125 0.29453125 0.0296875 0.0296875
0 0.8796875 0.3546875 0.04375 0.040625
0 0.53515625 0.23671875 0.271875 0.2703125
0 0.59375 0.109375 0.03125 0.0296875
0 0.271875 0.08984375 0.071875 0.071875
0 0.040625 0.3078125 0.0390625 0.0359375
0 0.01171875 0.38125 0.0234375 0.025
0 0.14453125 0.38203125 0.0921875 0.0890625
0 0.0828125 0.33671875 0.0765625 0.0765625
0 0.16484375 0.2515625 0.0515625 0.0515625
0 0.1203125 0.24296875 0.0265625 0.0265625
0 0.1046875 0.21484375 0.0671875 0.0671875
0 0.08671875 0.1703125 0.034375 0.0328125
0 0.0453125 0.17421875 0.0359375 0.0359375
0 0.0515625 0.140625 0.0296875 0.0296875
0 0.33671875 0.48203125 0.0515625 0.0484375
0 0.46484375 0.46171875 0.03125 0.03125
0 0.49140625 0.52421875 0.025 0.0234375
0 0.3125 0.6390625 0.2546875 0.2515625
0 0.05546875 0.53515625 0.0296875 0.0296875
0 0.1703125 0.48203125 0.24375 0.240625
0 0.58671875 0.66015625 0.0484375 0.0484375
0 0.546875 0.6578125 0.0484375 0.0484375
0 0.5671875 0.6265625 0.03125 0.03125
0 0.6828125 0.7703125 0.0359375 0.0359375
0 0.65859375 0.79921875 0.0390625 0.0390625
0 0.13359375 0.08984375 0.053125 0.053125
0 0.3296875 0.16015625 0.03125 0.03125
0 0.4984375 0.046875 0.040625 0.040625
0 0.53359375 0.0328125 0.0265625 0.0265625
0 0.72265625 0.078125 0.065625 0.0625
0 0.9265625 0.2296875 0.0484375 0.0453125
0 0.23203125 0.1390625 0.0265625 0.0265625
0 0.96015625 0.08515625 0.0796875 0.084375
0 0.98046875 0.1515625 0.0390625 0.04375
0 0.96015625 0.1828125 0.04375 0.04375
0 0.921875 0.109375 0.0609375 0.0609375
0 0.88125 0.125 0.0609375 0.0578125
0 0.921875 0.1609375 0.0578125 0.0578125