0 0.19140625 0.271875 0.0921875 0.0796875
0 0.2390625 0.196875 0.0296875 0.025
0 0.33203125 0.3703125 0.0359375 0.0296875
0 0.36875 0.540625 0.0359375 0.03125
0 0.4375 0.62890625 0.0484375 0.040625
0 0.46484375 0.078125 0.0484375 0.040625
0 0.5578125 0.50625 0.0390625 0.03125
0 0.45546875 0.5953125 0.034375 0.028125
0 0.4515625 0.578125 0.0296875 0.025
0 0.61875 0.4828125 0.0359375 0.03125
0 0.86171875 0.0140625 0.0359375 0.028125
0 0.88125 0.46875 0.03125 0.0265625
0 0.96015625 0.86328125 0.034375 0.0296875
0 0.72109375 0.953125 0.034375 0.0296875
0 0.55625 0.890625 0.03125 0.0265625
0 0.4796875 0.9421875 0.03125 0.0265625
0 0.46015625 0.96875 0.071875 0.0609375
0 0.19140625 0.73203125 0.0390625 0.034375
0 0.16953125 0.71875 0.040625 0.034375
0 0.0171875 0.81953125 0.034375 0.0296875