0 0.00234375 0.00234375 0.003125 0.003125
0 0.25234375 0.20078125 0.03125 0.03125
0 0.30859375 0.33046875 0.0296875 0.0296875
0 0.14765625 0.24375 0.0453125 0.0453125
0 0.0671875 0.4390625 0.071875 0.071875
0 0.2125 0.53359375 0.0625 0.0625
0 0.11328125 0.7703125 0.0296875 0.028125
0 0.0703125 0.98515625 0.03125 0.0296875
0 0.15625 0.93359375 0.04375 0.04375
0 0.078125 0.928125 0.040625 0.040625
0 0.0984375 0.8125 0.0265625 0.0265625
0 0.34609375 0.60078125 0.0765625 0.0765625
0 0.41484375 0.4890625 0.0265625 0.025
0 0.30625 0.78359375 0.0625 0.0625
0 0.01171875 0.64453125 0.0234375 0.0265625
0 0.1109375 0.9265625 0.0265625 0.0265625