0 0.196875 0.82421875 0.30625 0.284375
0 0.975 0.9828125 0.0265625 0.025
0 0.93984375 0.9125 0.0671875 0.0625
0 0.803125 0.928125 0.0359375 0.034375
0 0.65625 0.98046875 0.04375 0.0390625
0 0.9734375 0.86640625 0.0265625 0.025
0 0.91328125 0.79453125 0.0296875 0.0265625
0 0.92578125 0.81640625 0.04375 0.040625
0 0.96015625 0.7359375 0.0796875 0.071875
0 0.74375 0.8171875 0.0796875 0.071875
0 0.0453125 0.96875 0.0296875 0.0265625
0 0.3765625 0.9234375 0.0328125 0.03125
0 0.60546875 0.7828125 0.04375 0.040625
0 0.63203125 0.79453125 0.03125 0.028125
0 0.04296875 0.9265625 0.0265625 0.025
0 0.01796875 0.88828125 0.0359375 0.0359375
0 0.021875 0.2234375 0.04375 0.040625
0 0.25625 0.009375 0.03125 0.01875
0 0.48203125 0.01953125 0.0578125 0.0390625
0 0.46171875 0.06875 0.0359375 0.034375
0 0.3609375 0.08671875 0.0515625 0.0453125
0 0.4125 0.01953125 0.0796875 0.0390625
0 0.3453125 0.0421875 0.0359375 0.0328125
0 0.20078125 0.1609375 0.0484375 0.0453125
0 0.1828125 0.12734375 0.071875 0.0671875
0 0.53515625 0.19609375 0.0484375 0.0453125
0 0.4421875 0.22578125 0.05625 0.053125
0 0.509375 0.2171875 0.0265625 0.025
0 0.37265625 0.26328125 0.0921875 0.084375
0 0.521875 0.2515625 0.0390625 0.0359375
0 0.17578125 0.365625 0.1859375 0.1703125
0 0.07421875 0.38125 0.0390625 0.0359375
0 0.03125 0.3796875 0.0359375 0.034375
0 0.13828125 0.4671875 0.0515625 0.0453125
0 0.19140625 0.459375 0.0453125 0.040625
0 0.2390625 0.4671875 0.0578125 0.053125
0 0.303125 0.4625 0.0625 0.0578125
0 0.4046875 0.4625 0.04375 0.0390625
0 0.375 0.50859375 0.0703125 0.065625
0 0.38828125 0.55625 0.0390625 0.0359375
0 0.275 0.5578125 0.1015625 0.09375
0 0.26171875 0.50390625 0.03125 0.0296875
0 0.1921875 0.50625 0.0578125 0.053125
0 0.1734375 0.540625 0.096875 0.0890625
0 0.1875 0.6046875 0.0671875 0.0625
0 0.2328125 0.62265625 0.0515625 0.0484375
0 0.196875 0.66015625 0.0484375 0.0453125
0 0.225 0.6453125 0.0609375 0.0546875
0 0.29453125 0.678125 0.0328125 0.03125
0 0.0328125 0.71484375 0.065625 0.0921875
0 0.20078125 0.27421875 0.0296875 0.0265625
0 0.1421875 0.21640625 0.0359375 0.034375
0 0.14765625 0.28125 0.05625 0.0515625
0 0.38125 0.3296875 0.0453125 0.04375
0 0.3453125 0.353125 0.0765625 0.0703125
0 0.3421875 0.3296875 0.0296875 0.0265625
0 0.44375 0.3640625 0.0359375 0.034375
0 0.4234375 0.3015625 0.040625 0.0390625
0 0.509375 0.29453125 0.0390625 0.0328125
0 0.5984375 0.39921875 0.0265625 0.0234375
0 0.58203125 0.41796875 0.053125 0.0484375
0 0.51171875 0.44609375 0.1765625 0.1625
0 0.78125 0.6140625 0.03125 0.028125
0 0.61171875 0.68515625 0.0390625 0.0359375
0 0.50625 0.72109375 0.034375 0.03125
0 0.44140625 0.58671875 0.03125 0.028125
0 0.39921875 0.57109375 0.0609375 0.0578125
0 0.71640625 0.72109375 0.0484375 0.0453125
0 0.73203125 0.75859375 0.0359375 0.034375
0 0.75625 0.72734375 0.028125 0.0265625
0 0.8953125 0.2875 0.0296875 0.0265625
0 0.78515625 0.31015625 0.16875 0.15625
0 0.63203125 0.3640625 0.10625 0.0984375
0 0.5625 0.32421875 0.065625 0.0609375
0 0.64296875 0.240625 0.1765625 0.1609375
0 0.7453125 0.4625 0.034375 0.03125
0 0.6453125 0.5828125 0.0453125 0.04375
0 0.81640625 0.44140625 0.053125 0.0484375
0 0.775 0.1671875 0.028125 0.0265625
0 0.875 0.02421875 0.0390625 0.0359375
0 0.796875 0.04921875 0.034375 0.03125
0 0.73046875 0.01328125 0.04375 0.0265625
0 0.94921875 0.06640625 0.03125 0.0296875
0 0.60234375 0.1078125 0.0359375 0.034375