0 0.00234375 0.0015625 0.0046875 0.003125
0 0.0265625 0.11640625 0.025 0.025
0 0.0484375 0.12109375 0.0328125 0.034375
0 0.046875 0.18125 0.03125 0.03125
0 0.00703125 0.15390625 0.0140625 0.0265625
0 0.01171875 0.24921875 0.0234375 0.0390625
0 0.053125 0.2921875 0.0484375 0.0484375
0 0.0203125 0.28125 0.040625 0.04375
0 0.12109375 0.2859375 0.05625 0.0546875
0 0.046875 0.25 0.03125 0.03125
0 0.1390625 0.2390625 0.05625 0.05625
0 0.08203125 0.36328125 0.0578125 0.0578125
0 0.02734375 0.35703125 0.025 0.0234375
0 0.01796875 0.31875 0.0296875 0.0296875
0 0.0625 0.4359375 0.09375 0.09375
0 0.13671875 0.1203125 0.2734375 0.240625
0 0.21015625 0.3953125 0.0578125 0.0578125
0 0.21015625 0.37265625 0.0796875 0.0796875
0 0.16796875 0.40625 0.0296875 0.0296875
0 0.1140625 0.46875 0.0265625 0.0265625
0 0.10546875 0.49296875 0.0265625 0.0265625
0 0.24140625 0.46171875 0.03125 0.03125
0 0.25625 0.5890625 0.0296875 0.0265625
0 0.36875 0.4125 0.053125 0.053125
0 0.41953125 0.57421875 0.0265625 0.0265625
0 0.44375 0.490625 0.0765625 0.075
0 0.5265625 0.38359375 0.0984375 0.0984375
0 0.50703125 0.44921875 0.0234375 0.025
0 0.50390625 0.5453125 0.0609375 0.059375
0 0.46015625 0.58671875 0.025 0.0234375
0 0.32265625 0.01171875 0.0296875 0.0234375
0 0.29921875 0.02734375 0.0234375 0.025
0 0.22734375 0.2171875 0.0265625 0.0265625
0 0.3859375 0.3390625 0.03125 0.0296875
0 0.58671875 0.13359375 0.0359375 0.034375
0 0.5765625 0.1109375 0.0359375 0.0359375
0 0.61640625 0.09375 0.04375 0.04375
0 0.6609375 0.084375 0.04375 0.04375
0 0.72734375 0.0296875 0.04375 0.04375
0 0.69453125 0.03515625 0.028125 0.0296875
0 0.8296875 0.1078125 0.21875 0.215625
0 0.83046875 0.2671875 0.2125 0.209375
0 0.69609375 0.3890625 0.040625 0.040625
0 0.69609375 0.41796875 0.028125 0.0296875
0 0.61640625 0.36640625 0.0234375 0.0234375
0 0.6765625 0.54921875 0.0984375 0.0984375
0 0.60703125 0.521875 0.1078125 0.10625
0 0.62734375 0.60703125 0.090625 0.0890625
0 0.3546875 0.74375 0.0234375 0.025
0 0.81484375 0.65234375 0.0390625 0.0390625
0 0.8953125 0.6578125 0.040625 0.040625
0 0.9171875 0.82421875 0.0359375 0.0359375
0 0.77734375 0.80859375 0.03125 0.03125
0 0.68125 0.83203125 0.04375 0.04375
0 0.64453125 0.81640625 0.034375 0.034375
0 0.72265625 0.83515625 0.03125 0.03125
0 0.696875 0.8453125 0.03125 0.03125
0 0.834375 0.9 0.040625 0.040625
0 0.70703125 0.89921875 0.0265625 0.0265625
0 0.30546875 0.9359375 0.0296875 0.0265625
0 0.95703125 0.75 0.053125 0.053125
0 0.93515625 0.9078125 0.03125 0.0296875
0 0.95546875 0.525 0.0578125 0.05625
0 0.96171875 0.2796875 0.0625 0.0625
0 0.9125 0.88671875 0.0390625 0.0390625
0 0.3234375 0.8109375 0.3890625 0.378125
0 0.12890625 0.63125 0.0390625 0.0390625
0 0.16484375 0.78828125 0.0328125 0.034375
0 0.06953125 0.8890625 0.04375 0.040625
0 0.08671875 0.8296875 0.03125 0.03125
0 0.053125 0.82578125 0.0265625 0.0265625
0 0.00703125 0.6828125 0.0140625 0.0265625
0 0.09140625 0.74140625 0.0265625 0.0265625
0 0.51171875 0.259375 0.11875 0.115625