0 0.68984375 0.046875 0.1375 0.09375
0 0.2609375 0.08515625 0.0765625 0.05625
0 0.02734375 0.0421875 0.0546875 0.0625
0 0.17890625 0.46015625 0.0890625 0.065625
0 0.1625 0.5 0.065625 0.0453125
0 0.16953125 0.6546875 0.053125 0.0359375
0 0.22578125 0.7921875 0.0828125 0.0578125
0 0.2921875 0.7515625 0.040625 0.028125
0 0.34140625 0.74375 0.0515625 0.0359375
0 0.5046875 0.775 0.1015625 0.071875
0 0.43515625 0.6828125 0.0390625 0.0265625
0 0.5328125 0.60078125 0.0484375 0.034375
0 0.44609375 0.63671875 0.0390625 0.0265625
0 0.10703125 0.5984375 0.040625 0.028125
0 0.07421875 0.56640625 0.1484375 0.1296875
0 0.271875 0.15625 0.0625 0.0453125
0 0.2171875 0.134375 0.04375 0.03125
0 0.4203125 0.21875 0.040625 0.0296875
0 0.571875 0.37734375 0.0578125 0.040625
0 0.62265625 0.2359375 0.0515625 0.0359375
0 0.58515625 0.2078125 0.0859375 0.0625
0 0.67421875 0.17890625 0.04375 0.03125
0 0.525 0.13359375 0.0390625 0.0265625
0 0.33046875 0.1359375 0.071875 0.053125
0 0.76171875 0.28125 0.04375 0.03125
0 0.821875 0.2515625 0.040625 0.0296875
0 0.81640625 0.303125 0.0515625 0.0359375
0 0.80859375 0.3421875 0.0609375 0.04375
0 0.77734375 0.3609375 0.0359375 0.0265625
0 0.73671875 0.38203125 0.0359375 0.0234375
0 0.7234375 0.3265625 0.0625 0.0453125
0 0.384375 0.3390625 0.2171875 0.1546875
0 0.603125 0.2984375 0.2046875 0.146875
0 0.56015625 0.5671875 0.2 0.1421875