0 0.94609375 0.8125 0.03125 0.0296875
0 0.9390625 0.834375 0.0265625 0.0265625
0 0.8890625 0.53828125 0.0578125 0.0546875
0 0.93046875 0.571875 0.075 0.071875
0 0.00234375 0.00234375 0.0015625 0.0015625
0 0.75234375 0.93359375 0.0875 0.084375
0 0.5453125 0.796875 0.0265625 0.0265625
0 0.85078125 0.65 0.065625 0.0625
0 0.8578125 0.69140625 0.0484375 0.0453125
0 0.81953125 0.69921875 0.0296875 0.0265625
0 0.9 0.671875 0.034375 0.034375
0 0.65234375 0.69921875 0.053125 0.0515625
0 0.5453125 0.69453125 0.0890625 0.084375
0 0.4734375 0.70078125 0.040625 0.0390625
0 0.478125 0.66484375 0.025 0.0234375
0 0.56484375 0.89921875 0.0453125 0.0453125
0 0.459375 0.8640625 0.040625 0.0390625
0 0.38671875 0.81640625 0.034375 0.03125
0 0.4484375 0.9671875 0.0359375 0.034375
0 0.22578125 0.91328125 0.03125 0.0296875
0 0.27890625 0.7671875 0.1859375 0.178125
0 0.1421875 0.86796875 0.0296875 0.0265625
0 0.240625 0.884375 0.04375 0.040625
0 0.1421875 0.7765625 0.0796875 0.0765625
0 0.2296875 0.66796875 0.034375 0.034375
0 0.1921875 0.646875 0.03125 0.03125
0 0.7671875 0.59375 0.1140625 0.1078125
0 0.64765625 0.56015625 0.071875 0.0703125
0 0.79453125 0.446875 0.03125 0.03125
0 0.81484375 0.4828125 0.096875 0.09375
0 0.8328125 0.56015625 0.05625 0.053125
0 0.7828125 0.6765625 0.0265625 0.0265625
0 0.75 0.6703125 0.0265625 0.0265625
0 0.5921875 0.609375 0.128125 0.1234375
0 0.57578125 0.53359375 0.0625 0.059375
0 0.421875 0.5328125 0.0703125 0.0671875
0 0.30546875 0.38125 0.3578125 0.34375
0 0.1625 0.4953125 0.0265625 0.025
0 0.7390625 0.2828125 0.028125 0.0265625
0 0.69921875 0.27421875 0.040625 0.0390625
0 0.7953125 0.80546875 0.29375 0.284375
0 0.71015625 0.69453125 0.034375 0.034375
0 0.1078125 0.9671875 0.028125 0.0296875
0 0.09453125 0.9875 0.0265625 0.025
0 0.05390625 0.865625 0.028125 0.0296875
0 0.04453125 0.84765625 0.0265625 0.0265625
0 0.03515625 0.6296875 0.0265625 0.0265625
0 0.06953125 0.7515625 0.065625 0.0625
0 0.38671875 0.8609375 0.0671875 0.065625
0 0.04453125 0.328125 0.0890625 0.1078125
0 0.08203125 0.38359375 0.034375 0.03125
0 0.02421875 0.1421875 0.0296875 0.0265625
0 0.73828125 0.165625 0.034375 0.03125
0 0.54453125 0.1859375 0.0578125 0.05625
0 0.9203125 0.1703125 0.034375 0.03125
0 0.7484375 0.1453125 0.028125 0.0296875
0 0.859375 0.071875 0.10625 0.1015625