0 0.88828125 0.875 0.053125 0.053125
0 0.79921875 0.9578125 0.0875 0.084375
0 0.775 0.90390625 0.0390625 0.0390625
0 0.7203125 0.921875 0.034375 0.034375
0 0.64296875 0.90234375 0.03125 0.03125
0 0.71640625 0.7984375 0.0359375 0.0359375
0 0.7203125 0.7546875 0.0390625 0.0390625
0 0.85546875 0.68515625 0.0984375 0.0984375
0 0.94375 0.7125 0.065625 0.065625
0 0.740625 0.81953125 0.040625 0.040625
0 0.94140625 0.5875 0.034375 0.034375
0 0.8796875 0.60234375 0.04375 0.040625
0 0.86640625 0.5484375 0.034375 0.034375
0 0.86796875 0.52734375 0.0296875 0.0296875
0 0.88359375 0.46484375 0.025 0.025
0 0.85546875 0.41484375 0.0390625 0.0390625
0 0.7390625 0.540625 0.1453125 0.1421875
0 0.9703125 0.48671875 0.0390625 0.0390625
0 0.44453125 0.92890625 0.0390625 0.0390625
0 0.0734375 0.890625 0.0828125 0.0828125
0 0.20546875 0.69453125 0.0296875 0.028125
0 0.2015625 0.72265625 0.025 0.025
0 0.275 0.70078125 0.0234375 0.025
0 0.0328125 0.709375 0.040625 0.040625
0 0.18359375 0.7953125 0.1765625 0.1765625
0 0.2234375 0.9828125 0.0296875 0.0296875
0 0.31953125 0.6390625 0.034375 0.034375
0 0.1546875 0.65 0.0296875 0.028125
0 0.0734375 0.65625 0.0390625 0.0390625
0 0.53828125 0.65859375 0.03125 0.03125
0 0.02265625 0.3578125 0.0453125 0.0578125
0 0.20078125 0.44453125 0.1375 0.1375
0 0.1703125 0.5421875 0.053125 0.053125
0 0.2234375 0.546875 0.025 0.025
0 0.046875 0.5015625 0.09375 0.1859375
0 0.08203125 0.478125 0.0359375 0.0359375
0 0.1203125 0.53359375 0.0359375 0.0359375
0 0.2671875 0.41796875 0.0234375 0.025
0 0.0484375 0.29296875 0.096875 0.096875
0 0.2875 0.046875 0.0296875 0.0296875
0 0.26796875 0.06953125 0.0296875 0.0296875
0 0.140625 0.1140625 0.0296875 0.0296875
0 0.3609375 0.234375 0.0328125 0.034375
0 0.3796875 0.26171875 0.0359375 0.0359375
0 0.4265625 0.2859375 0.03125 0.03125
0 0.3734375 0.08671875 0.0515625 0.0515625
0 0.39921875 0.1625 0.1609375 0.1609375
0 0.51796875 0.14296875 0.028125 0.0296875
0 0.62890625 0.04296875 0.0265625 0.0265625
0 0.7046875 0.06953125 0.1390625 0.1390625
0 0.69453125 0.0828125 0.028125 0.0296875
0 0.6859375 0.35 0.24375 0.240625
0 0.63671875 0.53828125 0.1546875 0.1546875
0 0.83515625 0.35234375 0.0359375 0.0359375
0 0.8234375 0.38125 0.0453125 0.0453125
0 0.521875 0.3296875 0.0265625 0.0265625
0 0.58203125 0.36796875 0.084375 0.084375
0 0.4890625 0.44609375 0.35625 0.35625
0 0.34140625 0.49609375 0.03125 0.03125
0 0.91953125 0.15625 0.025 0.025
0 0.9796875 0.2328125 0.025 0.025
0 0.0359375 0.89453125 0.071875 0.0765625