0 0.8015625 0.203125 0.0359375 0.0265625
0 0.33515625 0.11328125 0.065625 0.0484375
0 0.31015625 0.27265625 0.0390625 0.0296875
0 0.36171875 0.35 0.0453125 0.0328125
0 0.1234375 0.459375 0.0390625 0.0296875
0 0.1828125 0.1140625 0.0390625 0.0296875
0 0.11640625 0.7453125 0.096875 0.0703125
0 0.14453125 0.72265625 0.0390625 0.0265625
0 0.08125 0.97421875 0.075 0.0515625
0 0.09609375 0.8859375 0.1921875 0.1765625
0 0.2125 0.8125 0.0484375 0.034375
0 0.225 0.77734375 0.090625 0.065625
0 0.61875 0.75859375 0.040625 0.028125
0 0.571875 0.7921875 0.034375 0.0234375
0 0.6875 0.82421875 0.0609375 0.04375
0 0.5421875 0.49765625 0.0765625 0.0578125
0 0.40625 0.55546875 0.0703125 0.0515625
0 0.1875 0.49765625 0.375 0.3640625