0 0.9421875 0.32109375 0.0453125 0.040625
0 0.946875 0.046875 0.0359375 0.034375
0 0.48828125 0.12734375 0.034375 0.03125
0 0.5359375 0.2671875 0.028125 0.0265625
0 0.7953125 0.4125 0.03125 0.0296875
0 0.61875 0.25625 0.321875 0.30625
0 0.29921875 0.2875 0.0296875 0.0265625
0 0.3328125 0.4359375 0.034375 0.03125
0 0.1515625 0.26953125 0.03125 0.03125
0 0.1046875 0.65625 0.0359375 0.034375
0 0.2484375 0.62265625 0.0359375 0.034375
0 0.4078125 0.634375 0.03125 0.028125
0 0.80390625 0.6578125 0.0484375 0.0453125
0 0.2546875 0.41796875 0.04375 0.040625
0 0.05625 0.2046875 0.1125 0.1875
0 0.053125 0.3765625 0.0515625 0.0484375
0 0.13203125 0.37734375 0.04375 0.040625
0 0.18984375 0.0203125 0.0703125 0.040625
0 0.05859375 0.0625 0.075 0.071875
0 0.0171875 0.0203125 0.034375 0.03125
0 0.30859375 0.1609375 0.0671875 0.0625
0 0.02734375 0.334375 0.0515625 0.0484375
0 0.03984375 0.72578125 0.0578125 0.0546875
0 0.66328125 0.8234375 0.0484375 0.0453125
0 0.58046875 0.4890625 0.0265625 0.0265625
0 0.61171875 0.5109375 0.034375 0.03125
0 0.72734375 0.89296875 0.1421875 0.1328125
0 0.0015625 0.00234375 0.0015625 0.0015625
0 0.603125 0.93359375 0.1453125 0.1328125
0 0.6140625 0.63828125 0.028125 0.0265625