0 0.1421875 0.03828125 0.0296875 0.0234375
0 0.1859375 0.12890625 0.0265625 0.025
0 0.178125 0.275 0.0296875 0.0265625
0 0.078125 0.2359375 0.0265625 0.025
0 0.05625 0.29921875 0.0296875 0.0265625
0 0.3796875 0.19609375 0.034375 0.03125
0 0.3390625 0.1515625 0.0296875 0.0265625
0 0.7359375 0.42421875 0.0359375 0.034375
0 0.5625 0.625 0.0515625 0.0453125
0 0.5734375 0.68046875 0.0359375 0.034375
0 0.62109375 0.57421875 0.0265625 0.025
0 0.8203125 0.04296875 0.103125 0.0859375
0 0.9109375 0.83984375 0.0359375 0.034375
0 0.86796875 0.8140625 0.034375 0.028125
0 0.83984375 0.83203125 0.040625 0.0390625
0 0.8078125 0.8265625 0.028125 0.0265625
0 0.76953125 0.8375 0.0296875 0.0265625
0 0.2640625 0.89453125 0.0484375 0.04375
0 0.33515625 0.60703125 0.0359375 0.03125
0 0.24375 0.6625 0.0296875 0.025
0 0.24765625 0.80078125 0.0390625 0.034375
0 0.1234375 0.77265625 0.040625 0.0359375
0 0.11796875 0.88828125 0.0578125 0.0515625
0 0.15390625 0.84609375 0.053125 0.0453125
0 0.58984375 0.6265625 0.0296875 0.0265625
0 0.16484375 0.7953125 0.0625 0.05625