0 0.69921875 0.64921875 0.290625 0.271875
0 0.640625 0.1734375 0.0296875 0.0265625
0 0.71484375 0.2015625 0.0265625 0.025
0 0.3859375 0.08515625 0.034375 0.03125
0 0.3578125 0.05546875 0.03125 0.0296875
0 0.353125 0.02265625 0.0328125 0.03125
0 0.234375 0.07109375 0.0609375 0.0578125
0 0.06015625 0.228125 0.0296875 0.0296875
0 0.0484375 0.37109375 0.0328125 0.03125
0 0.23671875 0.28359375 0.03125 0.0296875
0 0.22734375 0.540625 0.034375 0.03125
0 0.10703125 0.6234375 0.034375 0.03125
0 0.12109375 0.665625 0.03125 0.028125
0 0.009375 0.81640625 0.01875 0.0265625
0 0.01328125 0.8421875 0.0265625 0.0296875
0 0.13828125 0.7921875 0.0296875 0.028125
0 0.21015625 0.81484375 0.0296875 0.0265625
0 0.6140625 0.41328125 0.0390625 0.0359375
0 0.27421875 0.38828125 0.0359375 0.0328125
0 0.3296875 0.53515625 0.0265625 0.025
0 0.64453125 0.2015625 0.0484375 0.0453125
0 0.47265625 0.1609375 0.1640625 0.1546875
0 0.23046875 0.125 0.0265625 0.0265625
0 0.0484375 0.446875 0.040625 0.0390625
0 0.69921875 0.96640625 0.04375 0.040625