0 0.203125 0.64453125 0.0390625 0.0296875
0 0.19453125 0.2796875 0.04375 0.0328125
0 0.21875 0.38125 0.084375 0.065625
0 0.67890625 0.146875 0.0484375 0.0359375
0 0.63671875 0.109375 0.04375 0.034375
0 0.39921875 0.14921875 0.125 0.096875
0 0.8296875 0.05859375 0.053125 0.040625
0 0.8859375 0.109375 0.040625 0.03125
0 0.71015625 0.46015625 0.0546875 0.04375
0 0.85703125 0.55859375 0.065625 0.0484375
0 0.9734375 0.9515625 0.0390625 0.0296875
0 0.83515625 0.9546875 0.0390625 0.0296875
0 0.62265625 0.896875 0.034375 0.025
0 0.6984375 0.84140625 0.0796875 0.0609375
0 0.521875 0.74609375 0.0390625 0.0296875
0 0.1703125 0.85078125 0.0359375 0.0296875
0 0.16484375 0.8703125 0.053125 0.0390625
0 0.15859375 0.89921875 0.04375 0.03125
0 0.88046875 0.971875 0.0890625 0.05625