0 0.32109375 0.08203125 0.0296875 0.0265625
0 0.41484375 0.09375 0.03125 0.0296875
0 0.5359375 0.1984375 0.028125 0.0265625
0 0.515625 0.17578125 0.04375 0.0390625
0 0.48046875 0.22734375 0.034375 0.0296875
0 0.27421875 0.31015625 0.0515625 0.0453125
0 0.9125 0.5890625 0.0390625 0.034375
0 0.42578125 0.57109375 0.0296875 0.0234375
0 0.52890625 0.61171875 0.075 0.0671875
0 0.12109375 0.40390625 0.0296875 0.0265625
0 0.7140625 0.01171875 0.03125 0.0234375
0 0.71640625 0.09375 0.028125 0.0265625
0 0.540625 0.41484375 0.134375 0.1203125
0 0.640625 0.4328125 0.0703125 0.0625
0 0.9078125 0.02890625 0.0296875 0.0265625
0 0.9390625 0.74609375 0.0296875 0.025
0 0.43359375 0.9203125 0.0359375 0.03125
0 0.52421875 0.8390625 0.0984375 0.0890625
0 0.6234375 0.89296875 0.034375 0.03125
0 0.60703125 0.66328125 0.0359375 0.03125
0 0.15390625 0.6625 0.09375 0.084375