0 0.01796875 0.43125 0.0359375 0.03125
0 0.11640625 0.6671875 0.0359375 0.028125
0 0.18125 0.69375 0.04375 0.034375
0 0.35078125 0.7359375 0.1328125 0.1078125
0 0.37734375 0.80625 0.04375 0.0359375
0 0.25390625 0.8546875 0.053125 0.04375
0 0.1765625 0.8296875 0.0359375 0.0296875
0 0.146875 0.8171875 0.03125 0.0265625
0 0.32109375 0.8796875 0.0484375 0.0390625
0 0.37109375 0.8453125 0.040625 0.034375
0 0.43515625 0.9890625 0.03125 0.021875
0 0.56875 0.80390625 0.05625 0.0453125
0 0.49140625 0.9125 0.03125 0.025
0 0.54296875 0.85234375 0.1453125 0.11875
0 0.540625 0.71640625 0.1375 0.1109375
0 0.51796875 0.65859375 0.05625 0.0453125
0 0.8453125 0.79453125 0.1515625 0.125
0 0.69921875 0.87265625 0.1203125 0.0984375
0 0.64296875 0.63828125 0.034375 0.0265625
0 0.2125 0.59609375 0.034375 0.028125
0 0.5875 0.5328125 0.05625 0.0453125
0 0.30859375 0.4734375 0.03125 0.025
0 0.4546875 0.43515625 0.053125 0.04375
0 0.115625 0.28984375 0.0359375 0.0296875
0 0.2453125 0.30546875 0.0359375 0.0296875
0 0.21640625 0.1546875 0.11875 0.09375
0 0.4578125 0.30859375 0.0671875 0.05625
0 0.40859375 0.2671875 0.11875 0.09375
0 0.83046875 0.36875 0.04375 0.0359375
0 0.85546875 0.62890625 0.040625 0.034375
0 0.634375 0.4890625 0.053125 0.04375
0 0.8453125 0.17890625 0.034375 0.0265625
0 0.8296875 0.15390625 0.034375 0.0265625