0 0.8953125 0.275 0.03125 0.0296875
0 0.8703125 0.03828125 0.0265625 0.0234375
0 0.62109375 0.11171875 0.034375 0.03125
0 0.5828125 0.0890625 0.0265625 0.0265625
0 0.74375 0.17890625 0.03125 0.03125
0 0.725 0.3078125 0.028125 0.0296875
0 0.4265625 0.3859375 0.0296875 0.0296875
0 0.0359375 0.46015625 0.0296875 0.0265625
0 0.3296875 0.49765625 0.0296875 0.0296875
0 0.2234375 0.609375 0.040625 0.0390625
0 0.10546875 0.625 0.103125 0.0984375
0 0.196875 0.85078125 0.0265625 0.0265625
0 0.3171875 0.93046875 0.0265625 0.0265625
0 0.6609375 0.50234375 0.0265625 0.0265625
0 0.6390625 0.58203125 0.040625 0.0390625
0 0.615625 0.61328125 0.0359375 0.0359375
0 0.68046875 0.678125 0.0359375 0.034375
0 0.384375 0.853125 0.0328125 0.03125
0 0.4421875 0.87890625 0.03125 0.0296875
0 0.52265625 0.8609375 0.0359375 0.034375
0 0.54921875 0.9734375 0.034375 0.034375
0 0.5203125 0.93359375 0.03125 0.03125
0 0.41484375 0.96171875 0.0484375 0.0484375
0 0.56640625 0.8078125 0.0390625 0.0390625
0 0.62734375 0.78828125 0.028125 0.0265625
0 0.65859375 0.76796875 0.03125 0.028125
0 0.74140625 0.72265625 0.0390625 0.0359375
0 0.78125 0.4734375 0.096875 0.0921875
0 0.97109375 0.60234375 0.0296875 0.028125
0 0.875 0.59140625 0.0296875 0.028125
0 0.74375 0.59609375 0.0625 0.0625
0 0.9734375 0.75390625 0.0359375 0.034375
0 0.78515625 0.9625 0.0296875 0.0265625
0 0.05390625 0.96171875 0.0359375 0.034375
0 0.20546875 0.7984375 0.0265625 0.0265625
0 0.38203125 0.72109375 0.0390625 0.0359375
0 0.9171875 0.834375 0.0296875 0.0296875
0 0.39765625 0.0734375 0.0484375 0.0453125
0 0.57109375 0.4640625 0.040625 0.040625
0 0.55078125 0.75703125 0.025 0.0234375