0 0.00078125 0.00234375 0.0015625 0.0015625
0 0.303125 0.75390625 0.2546875 0.2390625
0 0.178125 0.6703125 0.0625 0.0578125
0 0.05859375 0.77265625 0.0703125 0.065625
0 0.1 0.8265625 0.03125 0.0296875
0 0.0734375 0.95703125 0.034375 0.03125
0 0.05390625 0.98046875 0.028125 0.0265625
0 0.225 0.50859375 0.0578125 0.053125
0 0.18046875 0.57578125 0.134375 0.125
0 0.08046875 0.44140625 0.1609375 0.2390625
0 0.515625 0.50703125 0.040625 0.0390625
0 0.50859375 0.5515625 0.071875 0.0671875
0 0.5671875 0.7765625 0.04375 0.040625
0 0.884375 0.959375 0.065625 0.0609375
0 0.8921875 0.928125 0.053125 0.0515625
0 0.8234375 0.95546875 0.053125 0.0484375
0 0.7328125 0.9375 0.0484375 0.0453125
0 0.6859375 0.9859375 0.0265625 0.0265625
0 0.70078125 0.86875 0.034375 0.03125
0 0.7453125 0.86796875 0.0578125 0.05625
0 0.77421875 0.75234375 0.0609375 0.05625
0 0.765625 0.7640625 0.0265625 0.0265625
0 0.86796875 0.6203125 0.0578125 0.0546875
0 0.72109375 0.6703125 0.028125 0.0265625
0 0.65859375 0.6546875 0.040625 0.0390625
0 0.68984375 0.734375 0.028125 0.0265625
0 0.50234375 0.67578125 0.059375 0.05625
0 0.37734375 0.55390625 0.1328125 0.125
0 0.771875 0.515625 0.1421875 0.1328125
0 0.97578125 0.5203125 0.0484375 0.0453125
0 0.95703125 0.4953125 0.0265625 0.025
0 0.90234375 0.44453125 0.04375 0.0390625
0 0.68984375 0.36875 0.134375 0.125
0 0.57109375 0.35078125 0.0703125 0.065625
0 0.4625 0.22265625 0.134375 0.125
0 0.8578125 0.09375 0.103125 0.096875
0 0.91328125 0.18046875 0.1140625 0.103125
0 0.915625 0.25703125 0.084375 0.0796875
0 0.8578125 0.25390625 0.05625 0.0515625
0 0.69375 0.0765625 0.1296875 0.1203125
0 0.6578125 0.03125 0.1328125 0.0625
0 0.6734375 0.15625 0.0484375 0.04375
0 0.5890625 0.1078125 0.065625 0.0609375
0 0.63203125 0.1421875 0.0890625 0.0828125
0 0.56953125 0.28515625 0.0359375 0.034375
0 0.553125 0.25 0.034375 0.03125
0 0.71015625 0.46015625 0.0546875 0.053125
0 0.5171875 0.4375 0.03125 0.0296875
0 0.2640625 0.42578125 0.0515625 0.0453125
0 0.3328125 0.20703125 0.03125 0.0296875
0 0.3390625 0.18125 0.03125 0.0296875
0 0.2703125 0.07421875 0.040625 0.0390625
0 0.228125 0.2640625 0.03125 0.0296875
0 0.2828125 0.23046875 0.0328125 0.03125
0 0.196875 0.34375 0.0765625 0.071875
0 0.12109375 0.225 0.115625 0.1078125
0 0.00234375 0.00234375 0.0015625 0.0015625
0 0.03828125 0.09375 0.0765625 0.0828125