0 0.03828125 0.3328125 0.0296875 0.0296875
0 0.44609375 0.0609375 0.0359375 0.0359375
0 0.45703125 0.0921875 0.0578125 0.05625
0 0.40859375 0.1 0.0265625 0.025
0 0.42890625 0.3390625 0.084375 0.0828125
0 0.61640625 0.328125 0.10625 0.1015625
0 0.4984375 0.40234375 0.05625 0.053125
0 0.4796875 0.30390625 0.034375 0.034375
0 0.6765625 0.484375 0.04375 0.040625
0 0.734375 0.48046875 0.040625 0.0390625
0 0.5296875 0.48203125 0.1078125 0.10625
0 0.7015625 0.5265625 0.34375 0.334375
0 0.51796875 0.071875 0.053125 0.0515625
0 0.896875 0.1140625 0.03125 0.03125
0 0.74765625 0.16015625 0.03125 0.03125
0 0.66796875 0.209375 0.0703125 0.0671875
0 0.6359375 0.25 0.0578125 0.05625
0 0.8640625 0.20078125 0.0265625 0.0265625
0 0.95703125 0.665625 0.0390625 0.0359375
0 0.6203125 0.74375 0.0265625 0.0265625
0 0.515625 0.80078125 0.05625 0.05625
0 0.51796875 0.88359375 0.028125 0.0296875
0 0.5015625 0.834375 0.04375 0.040625
0 0.73671875 0.8703125 0.034375 0.03125
0 0.0015625 0.0015625 0.0015625 0.0015625
0 0.2953125 0.928125 0.0296875 0.0296875
0 0.00859375 0.63125 0.0171875 0.025