0 0.05859375 0.51953125 0.1171875 0.1984375
0 0.2359375 0.7796875 0.065625 0.065625
0 0.146875 0.7859375 0.0265625 0.0265625
0 0.29921875 0.75390625 0.0359375 0.0359375
0 0.24140625 0.7390625 0.0234375 0.0234375
0 0.1109375 0.63359375 0.0265625 0.0265625
0 0.14296875 0.50859375 0.0359375 0.0359375
0 0.2828125 0.48671875 0.0515625 0.0515625
0 0.0625 0.30859375 0.125 0.1328125
0 0.6140625 0.6546875 0.034375 0.034375
0 0.58203125 0.76328125 0.0296875 0.028125
0 0.34609375 0.65859375 0.0328125 0.034375
0 0.5015625 0.43125 0.0625 0.0625
0 0.48046875 0.38359375 0.04375 0.04375
0 0.37109375 0.41015625 0.0265625 0.0265625
0 0.44453125 0.56015625 0.0671875 0.0671875
0 0.39296875 0.54296875 0.053125 0.053125
0 0.37109375 0.50859375 0.03125 0.03125
0 0.3171875 0.10546875 0.03125 0.03125
0 0.22734375 0.19140625 0.0625 0.0625
0 0.54921875 0.36640625 0.0828125 0.0828125
0 0.5921875 0.3328125 0.028125 0.0296875
0 0.59375 0.36328125 0.0296875 0.0296875
0 0.50234375 0.209375 0.0484375 0.0484375
0 0.48828125 0.2640625 0.0625 0.0625
0 0.30625 0.27421875 0.15625 0.15625
0 0.2015625 0.32578125 0.0625 0.0625
0 0.1140625 0.39765625 0.096875 0.096875
0 0.73046875 0.6109375 0.0265625 0.0265625
0 0.8171875 0.37734375 0.0265625 0.0265625
0 0.6875 0.228125 0.240625 0.240625
0 0.6859375 0.65 0.071875 0.071875
0 0.7546875 0.63828125 0.0671875 0.0671875
0 0.85703125 0.646875 0.0625 0.0625
0 0.8765625 0.69375 0.0578125 0.0578125
0 0.859375 0.56640625 0.0296875 0.0296875
0 0.82421875 0.54921875 0.03125 0.03125
0 0.75 0.56875 0.0515625 0.0515625
0 0.9015625 0.46015625 0.071875 0.071875
0 0.92421875 0.52421875 0.0515625 0.0515625
0 0.946875 0.56875 0.0453125 0.0453125
0 0.83984375 0.49140625 0.04375 0.04375
0 0.946875 0.1359375 0.0578125 0.0578125
0 0.88125 0.1703125 0.0453125 0.0453125
0 0.00234375 0.00078125 0.0015625 0.0015625
0 0.84375 0.59765625 0.0453125 0.0453125
0 0.87734375 0.5484375 0.0875 0.0875
0 0.89296875 0.01796875 0.034375 0.0328125