0 0.6296875 0.0734375 0.0390625 0.03125
0 0.165625 0.046875 0.071875 0.0578125
0 0.17421875 0.1046875 0.0796875 0.0625
0 0.2546875 0.07421875 0.065625 0.053125
0 0.3234375 0.11328125 0.04375 0.034375
0 0.41484375 0.12109375 0.0453125 0.0359375
0 0.00234375 0.00078125 0.0015625 0.0015625
0 0.671875 0.19609375 0.1921875 0.153125
0 0.9234375 0.47578125 0.1234375 0.0984375
0 0.57421875 0.49609375 0.040625 0.034375
0 0.53359375 0.49765625 0.03125 0.025
0 0.35078125 0.5 0.084375 0.065625
0 0.17421875 0.5515625 0.05625 0.04375
0 0.1609375 0.5890625 0.0453125 0.0359375
0 0.11328125 0.60234375 0.040625 0.03125
0 0.10234375 0.58203125 0.03125 0.025
0 0.12109375 0.56015625 0.040625 0.034375
0 0.11875 0.37734375 0.221875 0.1765625
0 0.0140625 0.21171875 0.028125 0.0296875
0 0.45546875 0.80078125 0.040625 0.034375
0 0.31875 0.71640625 0.0703125 0.05625
0 0.05625 0.94453125 0.053125 0.040625
0 0.34765625 0.921875 0.04375 0.034375
0 0.7078125 0.6578125 0.034375 0.0265625
0 0.9671875 0.6703125 0.0390625 0.03125
0 0.6234375 0.8453125 0.0453125 0.0359375
0 0.65 0.73203125 0.0984375 0.0765625
0 0.8078125 0.771875 0.0453125 0.0359375
0 0.0015625 0.0015625 0.0015625 0.0015625
0 0.3546875 0.31640625 0.0359375 0.0296875
0 0.8703125 0.6609375 0.040625 0.03125
0 0.81640625 0.6421875 0.0453125 0.0359375
0 0.7234375 0.95703125 0.071875 0.05625
0 0.428125 0.540625 0.0390625 0.03125