0 0.334375 0.375 0.4890625 0.3796875
0 0.0015625 0.0015625 0.003125 0.003125
0 0.053125 0.790625 0.03125 0.025
0 0.92578125 0.32109375 0.146875 0.115625
0 0.66796875 0.2859375 0.0359375 0.0265625
0 0.52734375 0.2671875 0.04375 0.0328125
0 0.36796875 0.30546875 0.040625 0.034375
0 0.71640625 0.23203125 0.153125 0.1203125
0 0.2390625 0.0984375 0.04375 0.034375
0 0.0140625 0.19375 0.028125 0.040625
0 0.0640625 0.29921875 0.0875 0.0671875
0 0.03515625 0.4578125 0.0390625 0.0296875
0 0.7984375 0.31953125 0.04375 0.034375
0 0.63359375 0.10078125 0.040625 0.03125
0 0.321875 0.01953125 0.0359375 0.0265625
0 0.2390625 0.0625 0.0453125 0.034375
0 0.16484375 0.2203125 0.04375 0.034375
0 0.28515625 0.61171875 0.053125 0.040625
0 0.71640625 0.70703125 0.0359375 0.0296875
0 0.0765625 0.578125 0.071875 0.05625