0 0.040625 0.87890625 0.053125 0.0484375
0 0.53125 0.834375 0.0359375 0.034375
0 0.48046875 0.80859375 0.0453125 0.040625
0 0.5640625 0.8890625 0.053125 0.0484375
0 0.584375 0.8578125 0.03125 0.0296875
0 0.5640625 0.98515625 0.0375 0.0296875
0 0.3234375 0.9125 0.0359375 0.034375
0 0.38203125 0.83046875 0.0484375 0.04375
0 0.1140625 0.78828125 0.040625 0.0390625
0 0.0359375 0.81640625 0.0296875 0.0265625
0 0.1359375 0.8484375 0.0375 0.034375
0 0.05625 0.7234375 0.0390625 0.034375
0 0.1265625 0.7140625 0.0296875 0.0234375
0 0.08046875 0.665625 0.03125 0.028125
0 0.0578125 0.6203125 0.040625 0.0390625
0 0.134375 0.5984375 0.0296875 0.0265625
0 0.18125 0.6578125 0.03125 0.028125
0 0.17421875 0.6921875 0.0390625 0.034375
0 0.2390625 0.6734375 0.040625 0.0359375
0 0.103125 0.96015625 0.0296875 0.0265625
0 0.015625 0.76796875 0.0296875 0.0265625
0 0.0109375 0.69453125 0.021875 0.0234375
0 0.38125 0.259375 0.0265625 0.025
0 0.37890625 0.21640625 0.0359375 0.034375
0 0.4203125 0.37734375 0.0296875 0.0265625
0 0.51796875 0.27421875 0.0359375 0.034375
0 0.4390625 0.446875 0.0390625 0.034375
0 0.4234375 0.546875 0.0359375 0.03125
0 0.36171875 0.59140625 0.03125 0.028125
0 0.375 0.5 0.034375 0.03125
0 0.3328125 0.540625 0.0296875 0.0265625
0 0.30390625 0.5296875 0.0265625 0.025
0 0.203125 0.5109375 0.0296875 0.0265625
0 0.2296875 0.19375 0.0296875 0.0265625
0 0.1734375 0.2015625 0.0265625 0.025
0 0.21015625 0.23046875 0.034375 0.0296875
0 0.09609375 0.19375 0.028125 0.0265625
0 0.0609375 0.1734375 0.0359375 0.03125
0 0.040625 0.1515625 0.0296875 0.0265625
0 0.171875 0.07109375 0.03125 0.0296875
0 0.525 0.0640625 0.0796875 0.071875
0 0.36171875 0.01953125 0.0296875 0.025
0 0.32109375 0.06015625 0.0453125 0.040625
0 0.040625 0.59375 0.0390625 0.0359375
0 0.3484375 0.9421875 0.0359375 0.03125
0 0.44140625 0.78125 0.0671875 0.0609375
0 0.1359375 0.77265625 0.053125 0.0484375
0 0.021875 0.134375 0.040625 0.0390625
0 0.06484375 0.20078125 0.034375 0.03125