0 0.85 0.28984375 0.04375 0.034375
0 0.6734375 0.26328125 0.0359375 0.0265625
0 0.7140625 0.51796875 0.0703125 0.053125
0 0.9 0.73828125 0.0609375 0.0453125
0 0.91953125 0.78984375 0.053125 0.040625
0 0.64296875 0.9171875 0.034375 0.0265625
0 0.46484375 0.3140625 0.0453125 0.0328125
0 0.296875 0.8265625 0.0359375 0.0265625
0 0.05859375 0.75 0.0359375 0.0265625
0 0.08046875 0.88671875 0.034375 0.0265625
0 0.2625 0.02734375 0.146875 0.0546875
0 0.51171875 0.1109375 0.0765625 0.0578125
0 0.6875 0.2125 0.034375 0.0265625
0 0.0765625 0.64296875 0.153125 0.1421875
0 0.11796875 0.3140625 0.2359375 0.2828125