0 0.9515625 0.03984375 0.0890625 0.0703125
0 0.9046875 0.04921875 0.0578125 0.0453125
0 0.878125 0.01171875 0.0625 0.0234375
0 0.578125 0.02421875 0.0703125 0.0484375
0 0.06953125 0.8640625 0.03125 0.025
0 0.05625 0.89453125 0.0390625 0.0296875
0 0.34609375 0.86875 0.04375 0.034375
0 0.31015625 0.81484375 0.0609375 0.0453125
0 0.3015625 0.8921875 0.0515625 0.0390625
0 0.36328125 0.7328125 0.04375 0.034375
0 0.2390625 0.6234375 0.053125 0.040625
0 0.1828125 0.615625 0.0578125 0.0453125
0 0.13203125 0.63671875 0.09375 0.071875
0 0.03359375 0.53984375 0.05625 0.04375
0 0.11171875 0.16953125 0.075 0.0578125
0 0.30390625 0.43984375 0.034375 0.0265625
0 0.05859375 0.3546875 0.1171875 0.103125
0 0.2359375 0.49765625 0.1015625 0.0796875
0 0.115625 0.4734375 0.0609375 0.0453125
0 0.053125 0.64453125 0.10625 0.084375
0 0.5 0.775 0.04375 0.034375
0 0.64296875 0.68125 0.034375 0.025
0 0.7046875 0.73046875 0.0390625 0.0296875
0 0.9578125 0.79921875 0.04375 0.034375
0 0.9640625 0.56875 0.053125 0.040625
0 0.86171875 0.48828125 0.0390625 0.0296875
0 0.81484375 0.25234375 0.190625 0.1484375
0 0.68359375 0.94921875 0.0390625 0.0296875
0 0.5828125 0.9375 0.1328125 0.1015625
0 0.4890625 0.9125 0.0671875 0.053125
0 0.53125 0.9890625 0.034375 0.021875
0 0.71484375 0.02421875 0.053125 0.040625
0 0.30625 0.9484375 0.0703125 0.05625