0 0.24140625 0.9796875 0.0265625 0.025
0 0.0625 0.52421875 0.03125 0.028125
0 0.08984375 0.5203125 0.034375 0.03125
0 0.08515625 0.47734375 0.0296875 0.0296875
0 0.18046875 0.38203125 0.0328125 0.03125
0 0.3390625 0.8015625 0.0265625 0.025
0 0.38125 0.6140625 0.0359375 0.034375
0 0.56953125 0.36875 0.03125 0.0296875
0 0.7125 0.3890625 0.028125 0.0265625
0 0.58203125 0.81015625 0.03125 0.028125
0 0.51953125 0.978125 0.0296875 0.0265625
0 0.87265625 0.40859375 0.0265625 0.025
0 0.7921875 0.484375 0.04375 0.040625
0 0.725 0.5359375 0.028125 0.028125
0 0.95546875 0.703125 0.034375 0.03125
0 0.80859375 0.29921875 0.0625 0.0578125
0 0.95703125 0.34609375 0.034375 0.03125
0 0.98515625 0.34140625 0.0296875 0.0328125
0 0.4328125 0.1703125 0.034375 0.03125
0 0.4421875 0.3140625 0.04375 0.040625
0 0.21640625 0.2390625 0.0265625 0.025
0 0.1921875 0.0875 0.0296875 0.0265625
0 0.453125 0.9890625 0.0296875 0.021875
0 0.75234375 0.48828125 0.0359375 0.034375
0 0.75703125 0.4578125 0.028125 0.0296875