0 0.61875 0.0484375 0.0453125 0.0328125
0 0.515625 0.12734375 0.0578125 0.040625
0 0.5984375 0.24765625 0.0515625 0.0359375
0 0.1546875 0.24296875 0.040625 0.03125
0 0.8328125 0.02265625 0.034375 0.0265625
0 0.96640625 0.2328125 0.053125 0.0390625
0 0.5609375 0.60546875 0.040625 0.0296875
0 0.45078125 0.4625 0.034375 0.025
0 0.16484375 0.3859375 0.0328125 0.0234375
0 0.1046875 0.5640625 0.0609375 0.04375
0 0.27734375 0.63828125 0.034375 0.025
0 0.2234375 0.68359375 0.040625 0.03125
0 0.24296875 0.79453125 0.0671875 0.0484375
0 0.23203125 0.83671875 0.0828125 0.0578125
0 0.19140625 0.87265625 0.0703125 0.0515625
0 0.41484375 0.88828125 0.0453125 0.034375
0 0.521875 0.5140625 0.0453125 0.034375
0 0.60234375 0.29296875 0.04375 0.03125
0 0.29453125 0.4984375 0.103125 0.075
0 0.16484375 0.8015625 0.0484375 0.0359375
0 0.053125 0.87265625 0.10625 0.0984375