0 0.696875 0.65390625 0.03125 0.025
0 0.54453125 0.875 0.034375 0.0296875
0 0.5109375 0.85546875 0.0484375 0.0390625
0 0.48828125 0.93125 0.04375 0.034375
0 0.72109375 0.98203125 0.03125 0.0265625
0 0.39296875 0.8921875 0.053125 0.04375
0 0.33515625 0.9109375 0.034375 0.0265625
0 0.2875 0.9109375 0.0328125 0.0265625
0 0.48828125 0.7546875 0.034375 0.0265625
0 0.44140625 0.6609375 0.0609375 0.0484375
0 0.44453125 0.6 0.0671875 0.05625
0 0.43125 0.55546875 0.05625 0.04375
0 0.64296875 0.70078125 0.1328125 0.10625
0 0.19609375 0.91484375 0.11875 0.09375
0 0.11171875 0.9578125 0.09375 0.075
0 0.2875 0.80625 0.134375 0.1078125
0 0.97734375 0.43515625 0.04375 0.034375
0 0.91328125 0.41953125 0.0578125 0.0453125
0 0.9 0.47109375 0.071875 0.0578125
0 0.5875 0.49296875 0.03125 0.025
0 0.6734375 0.5984375 0.0671875 0.053125
0 0.5578125 0.62265625 0.04375 0.0359375
0 0.53359375 0.584375 0.05625 0.04375
0 0.5 0.4 0.084375 0.0671875
0 0.52890625 0.43046875 0.0453125 0.0359375
0 0.44453125 0.475 0.2 0.159375
0 0.415625 0.34140625 0.0703125 0.0546875
0 0.30078125 0.3140625 0.071875 0.0578125
0 0.240625 0.31875 0.121875 0.0953125
0 0.7453125 0.6046875 0.075 0.059375
0 0.65390625 0.5609375 0.0359375 0.028125
0 0.5171875 0.70703125 0.034375 0.0265625
0 0.8640625 0.53125 0.03125 0.0265625
0 0.646875 0.63671875 0.0765625 0.0609375
0 0.0890625 0.73828125 0.0890625 0.0703125
0 0.03828125 0.484375 0.0765625 0.075
0 0.20078125 0.63359375 0.040625 0.03125
0 0.03359375 0.3328125 0.0515625 0.0390625
0 0.32421875 0.046875 0.034375 0.0265625
0 0.32109375 0.0609375 0.115625 0.0921875
0 0.46640625 0.1109375 0.034375 0.0265625
0 0.2703125 0.2125 0.0609375 0.0484375
0 0.1265625 0.3078125 0.0328125 0.0265625
0 0.02734375 0.2140625 0.0546875 0.0625
0 0.01953125 0.1140625 0.0390625 0.034375
0 0.1671875 0.4015625 0.053125 0.040625
0 0.8125 0.34140625 0.0875 0.0703125
0 0.78984375 0.19609375 0.0703125 0.05625
0 0.61875 0.25234375 0.0625 0.0515625
0 0.96171875 0.3234375 0.040625 0.034375
0 0.85703125 0.41484375 0.053125 0.040625
0 0.984375 0.2046875 0.03125 0.025
0 0.00234375 0.00234375 0.0015625 0.0015625