0 0.21015625 0.9734375 0.0515625 0.0484375
0 0.478125 0.9671875 0.03125 0.0296875
0 0.2796875 0.6734375 0.0671875 0.0625
0 0.359375 0.7015625 0.03125 0.028125
0 0.3125 0.6046875 0.040625 0.0390625
0 0.27734375 0.57578125 0.0453125 0.04375
0 0.22578125 0.58046875 0.04375 0.040625
0 0.26171875 0.82421875 0.071875 0.0671875
0 0.2703125 0.73828125 0.0984375 0.0921875
0 0.71875 0.8765625 0.03125 0.03125
0 0.6078125 0.72265625 0.24375 0.2265625
0 0.459375 0.59375 0.0796875 0.075
0 0.578125 0.60234375 0.071875 0.0671875
0 0.646875 0.546875 0.059375 0.05625
0 0.65234375 0.58203125 0.0875 0.0828125
0 0.49609375 0.5328125 0.075 0.0703125
0 0.37265625 0.521875 0.0296875 0.0265625
0 0.09609375 0.321875 0.034375 0.03125
0 0.1265625 0.27734375 0.090625 0.084375
0 0.26796875 0.2984375 0.04375 0.0390625
0 0.43984375 0.8109375 0.053125 0.0515625
0 0.39921875 0.6109375 0.03125 0.028125
0 0.38359375 0.57109375 0.0359375 0.034375
0 0.33203125 0.4421875 0.0265625 0.025
0 0.42890625 0.359375 0.0609375 0.0578125
0 0.51328125 0.421875 0.04375 0.040625
0 0.55625 0.42890625 0.034375 0.03125
0 0.61328125 0.44140625 0.0515625 0.0453125
0 0.61875 0.51328125 0.028125 0.0265625
0 0.790625 0.52734375 0.04375 0.040625
0 0.8890625 0.49296875 0.05625 0.053125
0 0.8484375 0.50625 0.0296875 0.0265625
0 0.82578125 0.45703125 0.040625 0.0390625
0 0.65234375 0.38828125 0.04375 0.040625
0 0.59609375 0.3765625 0.028125 0.0296875
0 0.56015625 0.365625 0.028125 0.0265625
0 0.453125 0.44375 0.03125 0.0296875
0 0.30625 0.41953125 0.0328125 0.03125
0 0.0578125 0.59140625 0.115625 0.1296875
0 0.0578125 0.58984375 0.0265625 0.0265625
0 0.97734375 0.69375 0.0453125 0.04375
0 0.96484375 0.68359375 0.0359375 0.034375
0 0.91015625 0.69921875 0.034375 0.03125
0 0.93984375 0.9015625 0.1203125 0.1140625
0 0.9328125 0.55390625 0.0359375 0.034375
0 0.946875 0.14296875 0.0703125 0.065625
0 0.86640625 0.0296875 0.0296875 0.0265625
0 0.8390625 0.16953125 0.034375 0.03125
0 0.8703125 0.31015625 0.0296875 0.0265625
0 0.71875 0.19609375 0.0703125 0.0640625
0 0.6578125 0.1453125 0.03125 0.0296875
0 0.7234375 0.28515625 0.03125 0.0296875
0 0.56015625 0.15859375 0.059375 0.05625
0 0.484375 0.24375 0.040625 0.0390625
0 0.47578125 0.16328125 0.0359375 0.0328125
0 0.41953125 0.08671875 0.0609375 0.0578125
0 0.28359375 0.0578125 0.0625 0.0578125
0 0.2671875 0.1265625 0.04375 0.0390625
0 0.00703125 0.00703125 0.0140625 0.0140625
0 0.55078125 0.25390625 0.034375 0.03125