0 0.9421875 0.24609375 0.0359375 0.03125
0 0.8734375 0.30859375 0.0390625 0.0359375
0 0.9171875 0.55859375 0.034375 0.03125
0 0.89921875 0.62890625 0.0296875 0.025
0 0.89921875 0.853125 0.053125 0.0484375
0 0.78828125 0.84765625 0.040625 0.0359375
0 0.71484375 0.02265625 0.040625 0.0359375
0 0.60234375 0.24296875 0.034375 0.0296875
0 0.43046875 0.17890625 0.03125 0.0296875
0 0.15703125 0.01171875 0.0296875 0.0234375
0 0.08359375 0.0140625 0.0328125 0.028125
0 0.0296875 0.0578125 0.03125 0.0265625
0 0.23203125 0.109375 0.0984375 0.0890625
0 0.14765625 0.21015625 0.0484375 0.04375
0 0.515625 0.078125 0.0296875 0.0265625
0 0.50234375 0.06015625 0.0265625 0.025
0 0.10078125 0.2796875 0.065625 0.0578125
0 0.04921875 0.5890625 0.0390625 0.0359375
0 0.06640625 0.56953125 0.0390625 0.034375
0 0.0765625 0.5515625 0.028125 0.0234375
0 0.3265625 0.546875 0.0359375 0.03125
0 0.27890625 0.5796875 0.0296875 0.0265625
0 0.38359375 0.5828125 0.0609375 0.053125
0 0.3578125 0.40234375 0.0296875 0.0265625
0 0.0515625 0.72109375 0.0359375 0.034375
0 0.3453125 0.81875 0.075 0.0671875
0 0.0203125 0.88359375 0.0390625 0.034375
0 0.0515625 0.9234375 0.0296875 0.025
0 0.01171875 0.91171875 0.0234375 0.0265625
0 0.009375 0.8140625 0.01875 0.028125
0 0.06640625 0.75 0.071875 0.0625
0 0.3078125 0.95703125 0.0296875 0.0265625
0 0.44140625 0.86171875 0.03125 0.0296875
0 0.4390625 0.82578125 0.0359375 0.03125
0 0.42890625 0.7515625 0.03125 0.0265625
0 0.4265625 0.9234375 0.1515625 0.134375
0 0.375 0.74375 0.4734375 0.4203125
0 0.39765625 0.6734375 0.04375 0.0390625
0 0.36171875 0.64921875 0.0703125 0.0625
0 0.490625 0.7140625 0.03125 0.028125
0 0.521875 0.665625 0.03125 0.0265625
0 0.52421875 0.6859375 0.028125 0.0265625
0 0.55390625 0.665625 0.0359375 0.03125
0 0.1078125 0.52734375 0.04375 0.0390625
0 0.59765625 0.52734375 0.03125 0.0296875
0 0.60703125 0.47578125 0.034375 0.03125
0 0.6296875 0.50234375 0.040625 0.0359375
0 0.44921875 0.31953125 0.0296875 0.0265625
0 0.66484375 0.52734375 0.03125 0.0265625
0 0.72734375 0.5328125 0.0515625 0.0453125
0 0.625 0.5796875 0.0359375 0.03125
0 0.6359375 0.625 0.034375 0.0296875
0 0.60234375 0.65859375 0.0390625 0.034375
0 0.75234375 0.4984375 0.0796875 0.0703125
0 0.7015625 0.88671875 0.028125 0.0265625