0 0.00234375 0.0015625 0.0015625 0.0015625
0 0.1078125 0.7125 0.04375 0.03125
0 0.14765625 0.61875 0.040625 0.03125
0 0.39921875 0.553125 0.0515625 0.0359375
0 0.06640625 0.74296875 0.0765625 0.0546875
0 0.60703125 0.47109375 0.0515625 0.0359375
0 0.6140625 0.5015625 0.1296875 0.09375
0 0.9078125 0.61328125 0.034375 0.025
0 0.8140625 0.6890625 0.0515625 0.0390625
0 0.76953125 0.53125 0.084375 0.0625
0 0.69140625 0.64453125 0.0359375 0.0265625
0 0.73046875 0.43515625 0.053125 0.0390625
0 0.3796875 0.9703125 0.0390625 0.0296875
0 0.3609375 0.9328125 0.0359375 0.0265625
0 0.05546875 0.8546875 0.075 0.05625
0 0.03984375 0.9203125 0.0796875 0.0765625
0 0.6703125 0.79453125 0.0828125 0.059375
0 0.87734375 0.0515625 0.103125 0.075
0 0.95078125 0.2828125 0.05625 0.0390625
0 0.4484375 0.3140625 0.040625 0.0296875
0 0.6046875 0.15390625 0.1765625 0.128125
0 0.6421875 0.0921875 0.0875 0.0625
0 0.83203125 0.30546875 0.0609375 0.04375
0 0.78984375 0.375 0.084375 0.0609375
0 0.74140625 0.328125 0.071875 0.053125