0 0.984375 0.009375 0.03125 0.01875
0 0.74375 0.0453125 0.028125 0.0265625
0 0.72109375 0.046875 0.03125 0.0265625
0 0.9671875 0.42421875 0.0515625 0.0453125
0 0.90859375 0.4984375 0.0484375 0.04375
0 0.59375 0.54453125 0.04375 0.0359375
0 0.65390625 0.3953125 0.05625 0.0484375
0 0.73203125 0.39765625 0.034375 0.0296875
0 0.81484375 0.23203125 0.05625 0.0484375
0 0.75234375 0.24609375 0.03125 0.0265625
0 0.56640625 0.24765625 0.209375 0.1828125
0 0.4640625 0.1765625 0.034375 0.0296875
0 0.90859375 0.103125 0.034375 0.0296875
0 0.52734375 0.6265625 0.1296875 0.1140625
0 0.0265625 0.3703125 0.053125 0.0609375
0 0.3375 0.42890625 0.075 0.065625
0 0.3078125 0.640625 0.0453125 0.0390625
0 0.30859375 0.77890625 0.04375 0.0359375
0 0.22578125 0.98671875 0.0296875 0.025
0 0.14765625 0.6984375 0.03125 0.028125
0 0.1140625 0.72734375 0.0359375 0.03125
0 0.74765625 0.828125 0.0515625 0.04375
0 0.6921875 0.83203125 0.0359375 0.03125
0 0.5625 0.8921875 0.0390625 0.034375
0 0.87265625 0.72109375 0.0453125 0.0390625
0 0.32578125 0.31875 0.0296875 0.0265625
0 0.5296875 0.75 0.0453125 0.040625
0 0.303125 0.91015625 0.0390625 0.034375