0 0.6828125 0.40859375 0.3296875 0.3125
0 0.0015625 0.0015625 0.003125 0.003125
0 0.0265625 0.04453125 0.053125 0.0890625
0 0.1109375 0.1390625 0.0265625 0.025
0 0.10703125 0.16328125 0.03125 0.0296875
0 0.31640625 0.37265625 0.1875 0.178125
0 0.225 0.44375 0.0296875 0.0265625
0 0.33515625 0.5734375 0.0625 0.059375
0 0.41328125 0.584375 0.03125 0.028125
0 0.4515625 0.57421875 0.0296875 0.0296875
0 0.53984375 0.3953125 0.1609375 0.1546875
0 0.41796875 0.29453125 0.05625 0.053125
0 0.50859375 0.21171875 0.0265625 0.0265625
0 0.196875 0.21171875 0.0703125 0.0671875
0 0.32109375 0.0421875 0.034375 0.0328125
0 0.31640625 0.0953125 0.03125 0.03125
0 0.8859375 0.06640625 0.0359375 0.034375
0 0.5875 0.08515625 0.090625 0.0875
0 0.59609375 0.0375 0.1015625 0.075
0 0.14921875 0.63671875 0.040625 0.0390625
0 0.4375 0.603125 0.03125 0.028125
0 0.2859375 0.50703125 0.1015625 0.096875
0 0.4796875 0.490625 0.0296875 0.028125
0 0.6234375 0.60546875 0.0390625 0.0390625
0 0.86171875 0.5265625 0.0359375 0.034375
0 0.79921875 0.603125 0.0265625 0.0265625
0 0.8765625 0.47578125 0.034375 0.03125
0 0.80546875 0.521875 0.0265625 0.025
0 0.9171875 0.4734375 0.040625 0.0390625
0 0.7921875 0.65625 0.028125 0.0265625
0 0.73671875 0.67890625 0.040625 0.0390625
0 0.83671875 0.71015625 0.034375 0.03125
0 0.92890625 0.41328125 0.03125 0.0296875
0 0.86796875 0.43515625 0.0890625 0.084375
0 0.9703125 0.53359375 0.0484375 0.0453125
0 0.9625 0.2765625 0.0515625 0.0484375
0 0.6875 0.06875 0.1078125 0.103125
0 0.86875 0.884375 0.0359375 0.0359375
0 0.83203125 0.82578125 0.0796875 0.075
0 0.71015625 0.83203125 0.04375 0.040625
0 0.671875 0.8484375 0.0359375 0.034375
0 0.6671875 0.875 0.0265625 0.0265625
0 0.6546875 0.915625 0.0484375 0.0453125
0 0.65 0.93984375 0.028125 0.0296875
0 0.4375 0.97578125 0.0265625 0.025
0 0.7234375 0.765625 0.0265625 0.0265625
0 0.740625 0.91484375 0.034375 0.03125
0 0.4640625 0.81953125 0.0265625 0.025
0 0.2828125 0.63125 0.075 0.0703125
0 0.1109375 0.58515625 0.1140625 0.1078125
0 0.01171875 0.85546875 0.0234375 0.0359375
0 0.59375 0.83515625 0.0390625 0.0359375