0 0.65859375 0.15390625 0.396875 0.3078125
0 0.3078125 0.3640625 0.178125 0.178125
0 0.7359375 0.859375 0.1421875 0.1421875
0 0.1078125 0.8140625 0.0578125 0.0578125
0 0.1453125 0.771875 0.025 0.025
0 0.16953125 0.7046875 0.10625 0.10625
0 0.14453125 0.5640625 0.053125 0.053125
0 0.03359375 0.171875 0.0671875 0.071875
0 0.0578125 0.2171875 0.065625 0.065625
0 0.1265625 0.10546875 0.05625 0.05625
0 0.24765625 0.1984375 0.025 0.025
0 0.2984375 0.4828125 0.16875 0.16875
0 0.19609375 0.4125 0.03125 0.03125
0 0.0765625 0.3109375 0.0359375 0.0359375
0 0.0734375 0.4984375 0.0296875 0.028125
0 0.0421875 0.6046875 0.084375 0.1140625
0 0.140625 0.615625 0.0515625 0.0515625
0 0.1609375 0.24609375 0.0578125 0.0578125
0 0.1515625 0.821875 0.0328125 0.034375
0 0.38828125 0.9171875 0.0234375 0.025
0 0.43984375 0.94921875 0.025 0.025
0 0.5734375 0.8109375 0.0578125 0.0578125
0 0.75625 0.775 0.028125 0.028125
0 0.625 0.74375 0.0265625 0.0265625
0 0.625 0.5328125 0.0390625 0.0390625
0 0.6421875 0.603125 0.0515625 0.0515625
0 0.68125 0.6921875 0.0265625 0.0265625
0 0.4953125 0.59140625 0.0265625 0.0265625
0 0.41953125 0.6390625 0.0265625 0.0265625
0 0.3890625 0.68515625 0.025 0.025
0 0.31875 0.8546875 0.0578125 0.0578125
0 0.48671875 0.94609375 0.0484375 0.0484375
0 0.6984375 0.3453125 0.103125 0.103125
0 0.615625 0.3296875 0.0625 0.0625
0 0.5578125 0.30625 0.034375 0.03125
0 0.44375 0.42890625 0.0609375 0.0609375
0 0.5328125 0.4015625 0.0265625 0.0265625
0 0.60078125 0.21484375 0.028125 0.0296875
0 0.921875 0.3078125 0.0609375 0.0609375
0 0.00234375 0.00078125 0.0015625 0.0015625
0 0.91328125 0.75 0.0296875 0.0296875
0 0.9640625 0.9109375 0.0484375 0.0453125