0 0.415625 0.1 0.0390625 0.0375
0 0.41015625 0.28125 0.0296875 0.0296875
0 0.32578125 0.41953125 0.0265625 0.0265625
0 0.08515625 0.51171875 0.034375 0.034375
0 0.39921875 0.515625 0.0296875 0.0296875
0 0.40390625 0.43515625 0.0234375 0.025
0 0.5046875 0.31953125 0.0484375 0.0484375
0 0.571875 0.45078125 0.0578125 0.0578125
0 0.5265625 0.5 0.0578125 0.05625
0 0.671875 0.703125 0.0265625 0.0265625
0 0.62265625 0.759375 0.0625 0.0625
0 0.60078125 0.7984375 0.028125 0.028125
0 0.64453125 0.859375 0.125 0.125
0 0.53828125 0.828125 0.1109375 0.1109375
0 0.53125 0.7671875 0.115625 0.115625
0 0.578125 0.56875 0.0359375 0.0359375
0 0.32578125 0.52265625 0.0328125 0.034375
0 0.36796875 0.46640625 0.03125 0.03125
0 0.38359375 0.45546875 0.034375 0.034375
0 0.29296875 0.490625 0.03125 0.03125
0 0.30078125 0.50234375 0.03125 0.03125
0 0.5578125 0.52421875 0.065625 0.065625
0 0.3953125 0.10078125 0.0984375 0.0984375
0 0.28828125 0.10234375 0.03125 0.0296875
0 0.3453125 0.28515625 0.0453125 0.04375
0 0.25625 0.0359375 0.0640625 0.065625
0 0.4484375 0.4 0.103125 0.103125
0 0.609375 0.53515625 0.0484375 0.0453125