0 0.334375 0.58984375 0.4328125 0.4265625
0 0.11640625 0.8375 0.2328125 0.325
0 0.0578125 0.04453125 0.0359375 0.034375
0 0.25390625 0.178125 0.03125 0.03125
0 0.92421875 0.890625 0.0453125 0.0453125
0 0.890625 0.88125 0.040625 0.0390625
0 0.94453125 0.81953125 0.0625 0.059375
0 0.83671875 0.9875 0.0359375 0.025
0 0.821875 0.98203125 0.0265625 0.025
0 0.93359375 0.7046875 0.040625 0.040625
0 0.95546875 0.40234375 0.0296875 0.0296875
0 0.8453125 0.3921875 0.0296875 0.0296875
0 0.9015625 0.47109375 0.1375 0.134375
0 0.765625 0.4640625 0.03125 0.03125
0 0.6703125 0.58671875 0.184375 0.1828125
0 0.5609375 0.4890625 0.028125 0.0296875
0 0.5578125 0.515625 0.0265625 0.0265625
0 0.22109375 0.38671875 0.0265625 0.0265625
0 0.15234375 0.66328125 0.053125 0.0515625
0 0.0515625 0.7640625 0.0296875 0.028125
0 0.2203125 0.92890625 0.05625 0.05625
0 0.75859375 0.83046875 0.034375 0.034375
0 0.7203125 0.74296875 0.040625 0.040625
0 0.68125 0.71640625 0.0265625 0.0265625
0 0.60546875 0.74609375 0.0265625 0.025
0 0.7703125 0.2609375 0.034375 0.034375
0 0.5515625 0.328125 0.034375 0.034375
0 0.51796875 0.27265625 0.040625 0.0390625
0 0.51953125 0.46875 0.0265625 0.0265625
0 0.53828125 0.44921875 0.034375 0.034375
0 0.521875 0.3484375 0.18125 0.1765625
0 0.46875 0.91015625 0.0609375 0.0609375
0 0.03984375 0.42578125 0.0625 0.0609375
0 0.08984375 0.546875 0.1609375 0.159375
0 0.2875 0.17421875 0.36875 0.3484375
0 0.54296875 0.0828125 0.040625 0.0390625
0 0.60546875 0.0890625 0.0484375 0.0484375
0 0.44921875 0.33984375 0.040625 0.040625