0 0.17421875 0.98203125 0.0296875 0.0296875
0 0.97109375 0.9796875 0.0515625 0.040625
0 0.978125 0.65390625 0.03125 0.028125
0 0.9671875 0.67578125 0.0390625 0.0359375
0 0.94453125 0.6046875 0.0625 0.0578125
0 0.875 0.56015625 0.075 0.0703125
0 0.834375 0.828125 0.0359375 0.034375
0 0.85 0.88203125 0.040625 0.0390625
0 0.7234375 0.81015625 0.028125 0.0265625
0 0.70703125 0.90859375 0.03125 0.03125
0 0.6515625 0.9265625 0.034375 0.03125
0 0.921875 0.7453125 0.134375 0.128125
0 0.9640625 0.50234375 0.0296875 0.028125
0 0.9359375 0.52421875 0.065625 0.0625
0 0.81015625 0.421875 0.0515625 0.0484375
0 0.71484375 0.52734375 0.2390625 0.2265625
0 0.6734375 0.72109375 0.0359375 0.034375
0 0.6921875 0.775 0.0546875 0.053125
0 0.74375 0.74609375 0.0390625 0.0359375
0 0.7609375 0.83984375 0.04375 0.040625
0 0.66484375 0.8328125 0.0546875 0.053125
0 0.63828125 0.86796875 0.040625 0.0390625
0 0.5375 0.86796875 0.040625 0.0390625
0 0.60234375 0.7078125 0.0265625 0.0265625
0 0.5921875 0.5953125 0.0265625 0.025
0 0.5421875 0.65234375 0.0265625 0.0265625
0 0.8375 0.47265625 0.0390625 0.0359375
0 0.65 0.353125 0.05625 0.0515625
0 0.584375 0.35546875 0.03125 0.0296875
0 0.81484375 0.2859375 0.0359375 0.034375
0 0.71875 0.38828125 0.0296875 0.0296875
0 0.6859375 0.38125 0.0265625 0.0234375
0 0.553125 0.93984375 0.0390625 0.0359375
0 0.4328125 0.79296875 0.0296875 0.0296875
0 0.43046875 0.83671875 0.0671875 0.0625
0 0.31015625 0.77265625 0.03125 0.03125
0 0.234375 0.790625 0.071875 0.0671875
0 0.18515625 0.8390625 0.075 0.0703125
0 0.18046875 0.74375 0.0328125 0.034375
0 0.28515625 0.74140625 0.0296875 0.028125
0 0.29453125 0.83203125 0.09375 0.0890625
0 0.24609375 0.85703125 0.034375 0.03125
0 0.2546875 0.9015625 0.0453125 0.04375
0 0.2984375 0.92421875 0.1015625 0.096875
0 0.1140625 0.92421875 0.1375 0.1296875
0 0.02890625 0.96875 0.0296875 0.0265625
0 0.209375 0.6046875 0.0796875 0.0765625
0 0.2359375 0.56015625 0.053125 0.0515625
0 0.27734375 0.56015625 0.0875 0.0828125
0 0.3328125 0.53515625 0.040625 0.0390625
0 0.23046875 0.50234375 0.0265625 0.025
0 0.2078125 0.5296875 0.0296875 0.028125
0 0.1203125 0.5921875 0.0609375 0.05625
0 0.07109375 0.61640625 0.0484375 0.0453125
0 0.0453125 0.6515625 0.0484375 0.04375
0 0.15234375 0.5140625 0.0515625 0.0453125
0 0.171875 0.55546875 0.040625 0.0390625
0 0.13359375 0.5484375 0.040625 0.0390625
0 0.38828125 0.55390625 0.0296875 0.0265625
0 0.2703125 0.6140625 0.0265625 0.0265625
0 0.27890625 0.634375 0.0328125 0.03125
0 0.22578125 0.646875 0.0265625 0.0265625
0 0.44609375 0.603125 0.0265625 0.025
0 0.42890625 0.6265625 0.040625 0.0390625
0 0.56015625 0.41796875 0.03125 0.03125
0 0.45703125 0.37265625 0.0390625 0.0359375
0 0.4546875 0.421875 0.04375 0.040625
0 0.44921875 0.509375 0.0296875 0.0265625
0 0.1875 0.39765625 0.053125 0.0484375
0 0.11328125 0.4390625 0.034375 0.034375
0 0.1140625 0.48203125 0.0296875 0.0265625
0 0.0625 0.4421875 0.075 0.0703125
0 0.1265625 0.69140625 0.0328125 0.03125
0 0.28125 0.3609375 0.040625 0.0390625
0 0.19375 0.26953125 0.0328125 0.03125
0 0.17890625 0.303125 0.0359375 0.0328125
0 0.20546875 0.32109375 0.053125 0.0515625
0 0.2609375 0.25234375 0.0390625 0.0359375
0 0.0890625 0.28359375 0.05625 0.053125
0 0.1046875 0.146875 0.209375 0.23125
0 0.27734375 0.0984375 0.0359375 0.0359375
0 0.48828125 0.16953125 0.05625 0.053125
0 0.4390625 0.2875 0.0265625 0.0234375
0 0.2828125 0.1515625 0.0359375 0.0328125
0 0.0921875 0.103125 0.034375 0.03125
0 0.44609375 0.08203125 0.15625 0.146875
0 0.06015625 0.140625 0.0390625 0.0359375
0 0.27890625 0.21484375 0.040625 0.0390625
0 0.23046875 0.26171875 0.0296875 0.0265625
0 0.88125 0.68046875 0.1078125 0.1015625