0 0.19140625 0.05078125 0.0515625 0.0484375
0 0.1140625 0.05078125 0.034375 0.034375
0 0.9796875 0.11328125 0.040625 0.0453125
0 0.87734375 0.30390625 0.0296875 0.0296875
0 0.66015625 0.2859375 0.18125 0.1765625
0 0.6203125 0.1 0.03125 0.028125
0 0.68046875 0.4640625 0.028125 0.0265625
0 0.709375 0.59765625 0.0453125 0.0453125
0 0.58515625 0.6453125 0.040625 0.040625
0 0.3765625 0.6078125 0.0984375 0.0984375
0 0.37109375 0.52734375 0.09375 0.0921875
0 0.375 0.25390625 0.0296875 0.0296875
0 0.46875 0.334375 0.0765625 0.075
0 0.5 0.2609375 0.0671875 0.0671875
0 0.75 0.6078125 0.0453125 0.04375
0 0.7359375 0.64296875 0.0390625 0.0390625
0 0.9890625 0.803125 0.021875 0.0296875
0 0.84609375 0.625 0.053125 0.0515625
0 0.07421875 0.50625 0.0453125 0.04375
0 0.1453125 0.59765625 0.0515625 0.0484375
0 0.10078125 0.88828125 0.0296875 0.0296875
0 0.1234375 0.79453125 0.0265625 0.0265625
0 0.6515625 0.8890625 0.15625 0.1546875
0 0.7796875 0.8734375 0.0265625 0.0265625
0 0.78359375 0.90390625 0.0359375 0.034375
0 0.96875 0.89921875 0.0625 0.065625
0 0.03203125 0.01171875 0.0359375 0.0234375
0 0.6421875 0.18515625 0.028125 0.0296875
0 0.615625 0.14765625 0.034375 0.0328125
0 0.521875 0.84375 0.0625 0.0609375