0 0.88671875 0.4109375 0.071875 0.071875
0 0.86640625 0.35078125 0.084375 0.084375
0 0.66015625 0.29296875 0.03125 0.03125
0 0.6546875 0.36796875 0.04375 0.04375
0 0.87734375 0.71171875 0.03125 0.03125
0 0.85546875 0.8125 0.03125 0.03125
0 0.728125 0.8859375 0.10625 0.10625
0 0.62109375 0.86640625 0.0265625 0.0265625
0 0.58203125 0.81484375 0.03125 0.03125
0 0.48671875 0.88828125 0.0484375 0.0484375
0 0.39765625 0.94375 0.04375 0.04375
0 0.5625 0.95546875 0.034375 0.034375
0 0.5109375 0.9734375 0.0578125 0.053125
0 0.853125 0.88125 0.0703125 0.0703125
0 0.80546875 0.91015625 0.0296875 0.0296875
0 0.909375 0.5546875 0.18125 0.184375
0 0.8390625 0.475 0.0859375 0.0875
0 0.76171875 0.2546875 0.0515625 0.0515625
0 0.60078125 0.3546875 0.0484375 0.0484375
0 0.65390625 0.5734375 0.03125 0.03125
0 0.76953125 0.65859375 0.0296875 0.028125
0 0.6546875 0.7609375 0.028125 0.028125
0 0.7171875 0.8234375 0.025 0.025
0 0.703125 0.86796875 0.04375 0.04375
0 0.4640625 0.81875 0.065625 0.065625
0 0.35703125 0.81640625 0.0296875 0.0296875
0 0.5625 0.58046875 0.0390625 0.0390625
0 0.43984375 0.2078125 0.0296875 0.0296875
0 0.25859375 0.4234375 0.034375 0.034375
0 0.68359375 0.66328125 0.1328125 0.1328125
0 0.6765625 0.45078125 0.0859375 0.0875
0 0.4625 0.37734375 0.025 0.0234375
0 0.2125 0.44375 0.0390625 0.0390625
0 0.2828125 0.91484375 0.053125 0.053125
0 0.27890625 0.8734375 0.03125 0.03125
0 0.28125 0.8234375 0.0296875 0.0296875
0 0.32578125 0.84375 0.0625 0.0625
0 0.13203125 0.8578125 0.034375 0.034375
0 0.16015625 0.97734375 0.0390625 0.0390625
0 0.05390625 0.84375 0.1078125 0.1109375
0 0.12890625 0.196875 0.0390625 0.0390625
0 0.328125 0.4203125 0.0515625 0.0515625
0 0.040625 0.41015625 0.08125 0.0859375
0 0.0140625 0.35 0.028125 0.040625
0 0.01953125 0.6 0.0359375 0.0359375
0 0.25625 0.74140625 0.0328125 0.034375
0 0.1765625 0.865625 0.0484375 0.0484375
0 0.16953125 0.02734375 0.0359375 0.0359375
0 0.11796875 0.09765625 0.040625 0.040625
0 0.1515625 0.08671875 0.0375 0.0390625
0 0.021875 0.021875 0.0265625 0.0265625
0 0.43046875 0.071875 0.0359375 0.0359375
0 0.48046875 0.1703125 0.034375 0.0328125
0 0.34375 0.15625 0.0453125 0.0453125
0 0.74765625 0.084375 0.04375 0.04375
0 0.9078125 0.1734375 0.03125 0.03125