0 0.6203125 0.02890625 0.0890625 0.0578125
0 0.00234375 0.00078125 0.0015625 0.0015625
0 0.8453125 0.1875 0.0796875 0.0671875
0 0.72578125 0.2859375 0.03125 0.0265625
0 0.66796875 0.4234375 0.0390625 0.03125
0 0.49375 0.475 0.0625 0.053125
0 0.4203125 0.51171875 0.0359375 0.03125
0 0.42890625 0.40625 0.0609375 0.053125
0 0.3921875 0.384375 0.0296875 0.0234375
0 0.36796875 0.33203125 0.0296875 0.025
0 0.29921875 0.328125 0.0484375 0.040625
0 0.3390625 0.2765625 0.0296875 0.0234375
0 0.45703125 0.21171875 0.04375 0.0375
0 0.390625 0.1546875 0.040625 0.0328125
0 0.56953125 0.1546875 0.0390625 0.0328125
0 0.6046875 0.2828125 0.1078125 0.09375
0 0.51171875 0.271875 0.128125 0.1109375
0 0.5109375 0.359375 0.1375 0.11875
0 0.478125 0.43359375 0.0484375 0.040625
0 0.65390625 0.3703125 0.1296875 0.1109375
0 0.65234375 0.56484375 0.040625 0.0359375
0 0.88671875 0.55859375 0.03125 0.0265625
0 0.8953125 0.13125 0.0921875 0.0796875
0 0.73828125 0.16796875 0.1859375 0.159375
0 0.56484375 0.1421875 0.228125 0.196875
0 0.890625 0.08046875 0.1703125 0.15
0 0.1515625 0.13359375 0.0375 0.03125
0 0.25390625 0.0375 0.0359375 0.03125
0 0.375 0.0625 0.1109375 0.096875
0 0.35078125 0.1296875 0.0484375 0.040625
0 0.31015625 0.22109375 0.0546875 0.0484375
0 0.19453125 0.35546875 0.0296875 0.0265625
0 0.14453125 0.490625 0.103125 0.0890625
0 0.0734375 0.4703125 0.0578125 0.0515625
0 0.0484375 0.5375 0.0296875 0.025
0 0.178125 0.35078125 0.10625 0.0921875
0 0.178125 0.4078125 0.0296875 0.0234375
0 0.203125 0.26796875 0.178125 0.1546875
0 0.09375 0.4125 0.1328125 0.1140625
0 0.2515625 0.4578125 0.0515625 0.04375
0 0.08515625 0.04453125 0.1703125 0.0890625
0 0.16796875 0.7046875 0.04375 0.0359375
0 0.1109375 0.67578125 0.04375 0.0390625
0 0.1625 0.58046875 0.03125 0.028125
0 0.18515625 0.59375 0.05625 0.0453125
0 0.16484375 0.6203125 0.0328125 0.028125
0 0.38125 0.61796875 0.0359375 0.03125
0 0.4265625 0.75625 0.0296875 0.025
0 0.396875 0.75234375 0.034375 0.028125
0 0.384375 0.80625 0.0609375 0.0515625
0 0.2640625 0.828125 0.071875 0.0609375
0 0.00078125 0.00234375 0.0015625 0.0015625
0 0.53125 0.77734375 0.0359375 0.03125
0 0.48046875 0.7546875 0.0296875 0.0234375
0 0.32578125 0.66953125 0.0359375 0.03125
0 0.1046875 0.734375 0.0296875 0.025
0 0.8015625 0.89921875 0.034375 0.0296875
0 0.725 0.68984375 0.028125 0.025
0 0.67578125 0.66953125 0.03125 0.0265625
0 0.5875 0.6859375 0.034375 0.028125
0 0.74296875 0.6515625 0.034375 0.028125
0 0.9125 0.66328125 0.0609375 0.053125
0 0.4796875 0.7875 0.034375 0.0296875
0 0.38828125 0.67890625 0.10625 0.090625
0 0.53984375 0.678125 0.2 0.1703125
0 0.57109375 0.5828125 0.034375 0.028125
0 0.26171875 0.6078125 0.04375 0.0359375
0 0.18046875 0.8265625 0.103125 0.0875
0 0.07578125 0.8546875 0.0765625 0.065625
0 0.640625 0.89765625 0.1765625 0.15
0 0.7328125 0.5375 0.053125 0.0453125
0 0.9421875 0.74140625 0.034375 0.028125
0 0.8796875 0.65234375 0.128125 0.1078125