0 0.74296875 0.0265625 0.040625 0.034375
0 0.4265625 0.05078125 0.0515625 0.040625
0 0.85 0.36171875 0.0890625 0.071875
0 0.81953125 0.4375 0.1109375 0.0921875
0 0.65390625 0.15 0.190625 0.15625
0 0.44921875 0.10234375 0.0390625 0.03125
0 0.446875 0.18984375 0.0484375 0.040625
0 0.4203125 0.27734375 0.034375 0.0265625
0 0.51796875 0.35 0.04375 0.0359375
0 0.35 0.36640625 0.0546875 0.0453125
0 0.165625 0.4265625 0.03125 0.025
0 0.13671875 0.5171875 0.1828125 0.15
0 0.29921875 0.4671875 0.075 0.0609375
0 0.9125 0.26328125 0.1109375 0.0921875
0 0.025 0.28125 0.05 0.053125
0 0.06015625 0.4484375 0.1203125 0.146875
0 0.140625 0.2125 0.03125 0.025
0 0.52734375 0.3375 0.2453125 0.2015625
0 0.04453125 0.9109375 0.0890625 0.125
0 0.31640625 0.88125 0.034375 0.0296875
0 0.3484375 0.7609375 0.2 0.1640625
0 0.4671875 0.821875 0.0625 0.0515625
0 0.68125 0.7640625 0.065625 0.053125
0 0.53515625 0.7453125 0.1328125 0.1078125
0 0.9015625 0.88671875 0.0359375 0.0296875
0 0.00234375 0.00234375 0.0015625 0.0015625
0 0.7796875 0.75 0.2 0.1609375
0 0.73671875 0.74140625 0.053125 0.04375