0 0.39921875 0.8703125 0.0671875 0.0609375
0 0.16796875 0.8484375 0.065625 0.0578125
0 0.1625 0.88125 0.0359375 0.03125
0 0.234375 0.77890625 0.0671875 0.059375
0 0.2453125 0.9125 0.0296875 0.0265625
0 0.203125 0.98671875 0.034375 0.0265625
0 0.27734375 0.96171875 0.0515625 0.0453125
0 0.35234375 0.7359375 0.053125 0.0453125
0 0.3265625 0.6828125 0.0484375 0.040625
0 0.2234375 0.64453125 0.0671875 0.0578125
0 0.1828125 0.5953125 0.0671875 0.0578125
0 0.17578125 0.55859375 0.0390625 0.034375
0 0.14765625 0.53125 0.03125 0.0296875
0 0.11328125 0.62734375 0.03125 0.0265625
0 0.053125 0.44140625 0.10625 0.1109375
0 0.17578125 0.36328125 0.1921875 0.16875
0 0.1421875 0.26796875 0.0359375 0.03125
0 0.02734375 0.23828125 0.0546875 0.0578125
0 0.29296875 0.78984375 0.03125 0.0265625
0 0.07109375 0.7609375 0.1421875 0.1703125
0 0.02421875 0.696875 0.0484375 0.0453125
0 0.07578125 0.6984375 0.0578125 0.0515625
0 0.0984375 0.08671875 0.0515625 0.04375
0 0.134375 0.171875 0.03125 0.0265625
0 0.13671875 0.2171875 0.04375 0.0390625
0 0.05390625 0.1421875 0.065625 0.0578125
0 0.0421875 0.05625 0.0328125 0.0296875
0 0.0109375 0.06015625 0.021875 0.0296875
0 0.6453125 0.75703125 0.090625 0.0796875
0 0.73671875 0.64765625 0.0515625 0.04375
0 0.6671875 0.68046875 0.065625 0.0546875
0 0.82421875 0.5140625 0.0484375 0.04375
0 0.57421875 0.5140625 0.034375 0.03125
0 0.41328125 0.4234375 0.0390625 0.034375
0 0.38828125 0.53359375 0.03125 0.028125
0 0.46015625 0.228125 0.0484375 0.040625
0 0.38203125 0.225 0.034375 0.03125
0 0.58984375 0.2546875 0.0390625 0.034375
0 0.4734375 0.49765625 0.0625 0.053125
0 0.30859375 0.4546875 0.0390625 0.034375
0 0.40625 0.64921875 0.053125 0.0453125
0 0.446875 0.58203125 0.03125 0.0296875
0 0.83984375 0.69375 0.034375 0.03125
0 0.63828125 0.11171875 0.059375 0.0515625
0 0.515625 0.0984375 0.075 0.065625
0 0.4984375 0.1234375 0.0515625 0.0453125
0 0.51171875 0.20703125 0.0359375 0.03125
0 0.525 0.2296875 0.0609375 0.053125
0 0.43515625 0.18515625 0.05625 0.0484375
0 0.353125 0.0765625 0.0625 0.053125
0 0.3328125 0.140625 0.075 0.065625
0 0.30078125 0.1875 0.03125 0.0265625
0 0.4546875 0.1140625 0.0296875 0.025
0 0.6703125 0.1859375 0.0390625 0.0328125
0 0.97578125 0.11328125 0.0296875 0.0265625
0 0.88359375 0.10703125 0.03125 0.0265625
0 0.79296875 0.0875 0.0578125 0.0515625
0 0.828125 0.02265625 0.0453125 0.0390625
0 0.46015625 0.0375 0.0515625 0.04375
0 0.73828125 0.103125 0.0484375 0.04375
0 0.38125 0.484375 0.0296875 0.0265625
0 0.02109375 0.025 0.0421875 0.05
0 0.00078125 0.00234375 0.0015625 0.0015625