0 0.64609375 0.01171875 0.0328125 0.0234375
0 0.11875 0.06015625 0.0359375 0.03125
0 0.1546875 0.196875 0.04375 0.0390625
0 0.165625 0.084375 0.0296875 0.0265625
0 0.3703125 0.1046875 0.040625 0.0359375
0 0.43359375 0.11171875 0.0453125 0.040625
0 0.44609375 0.2015625 0.0453125 0.040625
0 0.41484375 0.34140625 0.0390625 0.0328125
0 0.6140625 0.2359375 0.0453125 0.040625
0 0.38203125 0.046875 0.0828125 0.071875
0 0.59609375 0.08046875 0.0390625 0.034375
0 0.61328125 0.0296875 0.040625 0.0359375
0 0.5828125 0.0109375 0.0359375 0.021875
0 0.58984375 0.15234375 0.165625 0.146875
0 0.509375 0.05390625 0.0296875 0.0265625
0 0.73046875 0.109375 0.084375 0.075
0 0.6921875 0.0671875 0.028125 0.025
0 0.97578125 0.0296875 0.03125 0.0265625
0 0.8953125 0.03125 0.0296875 0.0265625
0 0.93046875 0.0609375 0.0296875 0.0265625
0 0.77734375 0.44453125 0.0296875 0.025
0 0.79453125 0.4578125 0.134375 0.1203125
0 0.78828125 0.32578125 0.0390625 0.0359375
0 0.65859375 0.3109375 0.034375 0.0296875
0 0.85 0.09765625 0.0296875 0.025
0 0.321875 0.4578125 0.03125 0.0265625
0 0.1546875 0.55546875 0.03125 0.0265625
0 0.1890625 0.603125 0.0296875 0.025
0 0.24765625 0.81640625 0.0359375 0.03125
0 0.0015625 0.00234375 0.0015625 0.0015625
0 0.046875 0.7984375 0.0296875 0.025
0 0.02265625 0.8125 0.040625 0.0359375
0 0.23671875 0.5015625 0.4734375 0.521875
0 0.0203125 0.73671875 0.040625 0.0515625