0 0.84765625 0.6140625 0.0390625 0.0359375
0 0.82578125 0.51796875 0.0625 0.059375
0 0.93984375 0.5515625 0.0296875 0.0265625
0 0.97109375 0.54453125 0.0296875 0.0265625
0 0.9640625 0.5046875 0.0515625 0.0453125
0 0.74609375 0.390625 0.0796875 0.075
0 0.634375 0.3734375 0.03125 0.03125
0 0.95703125 0.28984375 0.04375 0.040625
0 0.9234375 0.3140625 0.0703125 0.0640625
0 0.9046875 0.365625 0.0484375 0.0453125
0 0.84765625 0.35546875 0.0359375 0.034375
0 0.81640625 0.38125 0.0453125 0.04375
0 0.86640625 0.396875 0.0609375 0.0578125
0 0.82109375 0.228125 0.0359375 0.034375
0 0.9640625 0.01953125 0.071875 0.0390625
0 0.9015625 0.1359375 0.03125 0.03125
0 0.76171875 0.0640625 0.0453125 0.04375
0 0.64921875 0.2828125 0.03125 0.0296875
0 0.43046875 0.90390625 0.0296875 0.0265625
0 0.3078125 0.8640625 0.053125 0.0515625
0 0.46015625 0.55078125 0.0265625 0.025
0 0.25625 0.75234375 0.0359375 0.034375
0 0.24375 0.70078125 0.0359375 0.034375
0 0.2046875 0.69609375 0.03125 0.028125
0 0.2390625 0.640625 0.1234375 0.115625
0 0.296875 0.47109375 0.1296875 0.121875
0 0.1234375 0.50390625 0.134375 0.125
0 0.02265625 0.76171875 0.0265625 0.025
0 0.2046875 0.40859375 0.065625 0.0609375
0 0.25625 0.36328125 0.0921875 0.084375
0 0.1734375 0.23828125 0.03125 0.0296875
0 0.01796875 0.38203125 0.0359375 0.0359375
0 0.03984375 0.41015625 0.0453125 0.04375
0 0.0625 0.4375 0.0390625 0.0359375
0 0.04296875 0.46015625 0.0265625 0.025
0 0.0890625 0.4078125 0.04375 0.040625
0 0.06640625 0.37734375 0.04375 0.040625
0 0.03125 0.4984375 0.0625 0.084375
0 0.2953125 0.33046875 0.0328125 0.03125
0 0.234375 0.23828125 0.03125 0.0296875
0 0.06875 0.13125 0.0421875 0.0390625
0 0.34375 0.115625 0.0296875 0.0265625
0 0.34375 0.14453125 0.0390625 0.0359375
0 0.45078125 0.17890625 0.05625 0.053125
0 0.3109375 0.19375 0.1140625 0.10625
0 0.36484375 0.0140625 0.0359375 0.028125
0 0.29453125 0.0140625 0.0421875 0.028125
0 0.1890625 0.01328125 0.0359375 0.0265625
0 0.49140625 0.07421875 0.065625 0.0625
0 0.4828125 0.1234375 0.05625 0.0515625
0 0.44375 0.00859375 0.0296875 0.0171875
0 0.88203125 0.1078125 0.03125 0.028125
0 0.865625 0.134375 0.0296875 0.0296875