0 0.00234375 0.0015625 0.0046875 0.003125
0 0.85703125 0.71171875 0.034375 0.034375
0 0.31015625 0.9796875 0.0328125 0.034375
0 0.54296875 0.9234375 0.04375 0.04375
0 0.20078125 0.9046875 0.0484375 0.0484375
0 0.1828125 0.93046875 0.0359375 0.0359375
0 0.275 0.96171875 0.0328125 0.034375
0 0.00859375 0.41328125 0.0171875 0.0296875
0 0.11640625 0.66484375 0.0515625 0.0515625
0 0.05859375 0.6 0.0484375 0.0484375
0 0.0484375 0.3546875 0.0484375 0.0484375
0 0.06875 0.39765625 0.028125 0.0296875
0 0.1 0.46484375 0.0359375 0.034375
0 0.165625 0.4328125 0.04375 0.04375
0 0.13671875 0.38125 0.0296875 0.0296875
0 0.11796875 0.41015625 0.0359375 0.0359375
0 0.265625 0.53359375 0.071875 0.0703125
0 0.3296875 0.85546875 0.1703125 0.16875
0 0.25625 0.69921875 0.25 0.2484375
0 0.2828125 0.1421875 0.25 0.2484375
0 0.41328125 0.1265625 0.0265625 0.0265625
0 0.1578125 0.04296875 0.0328125 0.034375
0 0.3859375 0.25 0.0265625 0.0265625
0 0.44609375 0.1390625 0.040625 0.040625
0 0.48828125 0.13671875 0.0484375 0.0453125
0 0.36171875 0.31953125 0.0984375 0.0984375
0 0.49296875 0.40234375 0.03125 0.03125
0 0.46171875 0.475 0.0296875 0.0296875
0 0.1515625 0.78359375 0.0328125 0.034375
0 0.13359375 0.80859375 0.0296875 0.0296875
0 0.58046875 0.671875 0.0265625 0.0265625
0 0.46171875 0.61796875 0.0265625 0.0265625
0 0.5453125 0.47265625 0.028125 0.0296875
0 0.6671875 0.6609375 0.146875 0.146875
0 0.7453125 0.37265625 0.0453125 0.0453125
0 0.7046875 0.2296875 0.075 0.071875
0 0.62734375 0.1046875 0.0515625 0.0515625
0 0.6140625 0.06953125 0.0390625 0.0390625
0 0.6109375 0.1890625 0.0453125 0.0453125
0 0.8953125 0.0375 0.034375 0.034375
0 0.78984375 0.09609375 0.1078125 0.1078125
0 0.8546875 0.275 0.0359375 0.0359375
0 0.82421875 0.2828125 0.103125 0.103125
0 0.33984375 0.71640625 0.040625 0.040625
0 0.93984375 0.24609375 0.0296875 0.0296875
0 0.6421875 0.7921875 0.3125 0.309375