0 0.1921875 0.490625 0.384375 0.4703125
0 0.984375 0.21484375 0.0265625 0.0265625
0 0.9078125 0.44140625 0.0265625 0.0265625
0 0.8484375 0.4375 0.0390625 0.0390625
0 0.790625 0.296875 0.03125 0.03125
0 0.7390625 0.5453125 0.059375 0.059375
0 0.6921875 0.5796875 0.053125 0.053125
0 0.6421875 0.984375 0.0359375 0.03125
0 0.509375 0.859375 0.0484375 0.0484375
0 0.42578125 0.91484375 0.0625 0.0625
0 0.44609375 0.86640625 0.0578125 0.0578125
0 0.4 0.79296875 0.0296875 0.0296875
0 0.3375 0.80078125 0.0328125 0.034375
0 0.17890625 0.88359375 0.0265625 0.0265625
0 0.2015625 0.94609375 0.040625 0.040625
0 0.77890625 0.86796875 0.1109375 0.1109375
0 0.625 0.865625 0.0890625 0.0890625
0 0.390625 0.65 0.0921875 0.090625
0 0.43125 0.725 0.1296875 0.1296875
0 0.5 0.78125 0.1515625 0.15
0 0.39453125 0.8015625 0.0875 0.0875
0 0.45703125 0.9484375 0.0453125 0.0453125
0 0.5421875 0.303125 0.034375 0.0328125
0 0.38125 0.415625 0.0265625 0.0265625
0 0.33671875 0.15 0.0453125 0.0453125
0 0.1546875 0.2828125 0.146875 0.1453125
0 0.07578125 0.23828125 0.11875 0.115625
0 0.12890625 0.1296875 0.1921875 0.190625
0 0.35 0.00859375 0.03125 0.0171875
0 0.72578125 0.15390625 0.075 0.075
0 0.87109375 0.209375 0.065625 0.065625
0 0.7859375 0.109375 0.0578125 0.0578125
0 0.696875 0.1046875 0.053125 0.053125
0 0.678125 0.0671875 0.0703125 0.0703125
0 0.584375 0.1515625 0.2 0.196875
0 0.7296875 0.3078125 0.028125 0.0296875
0 0.22578125 0.7859375 0.0625 0.0625
0 0.50234375 0.2234375 0.115625 0.115625
0 0.60078125 0.275 0.1921875 0.1890625
0 0.53359375 0.4796875 0.2390625 0.2359375
0 0.40859375 0.334375 0.16875 0.165625
0 0.44375 0.071875 0.1375 0.134375
0 0.5171875 0.0375 0.1078125 0.075