0 0.0015625 0.0015625 0.003125 0.003125
0 0.96640625 0.32109375 0.0578125 0.0546875
0 0.9109375 0.4375 0.0296875 0.0296875
0 0.9640625 0.5296875 0.065625 0.0625
0 0.4421875 0.52890625 0.0390625 0.0359375
0 0.19921875 0.571875 0.0453125 0.04375
0 0.209375 0.609375 0.0515625 0.0484375
0 0.25390625 0.5890625 0.065625 0.0625
0 0.3375 0.540625 0.0609375 0.05625
0 0.2015625 0.12109375 0.0265625 0.025
0 0.8171875 0.4734375 0.0828125 0.0765625
0 0.7828125 0.1 0.0265625 0.0265625
0 0.1578125 0.39296875 0.040625 0.0390625
0 0.93984375 0.91953125 0.0265625 0.0265625
0 0.73828125 0.7953125 0.1109375 0.10625
0 0.9484375 0.2328125 0.0265625 0.0265625
0 0.8484375 0.1921875 0.0265625 0.025
0 0.78828125 0.25859375 0.028125 0.0296875
0 0.4203125 0.0734375 0.0359375 0.0359375
0 0.23828125 0.02421875 0.0265625 0.0265625
0 0.3578125 0.33203125 0.0546875 0.053125
0 0.09609375 0.01796875 0.04375 0.0359375
0 0.0515625 0.5421875 0.0484375 0.0453125
0 0.02890625 0.49765625 0.040625 0.0390625