0 0.0203125 0.928125 0.040625 0.071875
0 0.32421875 0.478125 0.0359375 0.034375
0 0.44921875 0.72109375 0.0921875 0.0828125
0 0.328125 0.82578125 0.1546875 0.1390625
0 0.40234375 0.6390625 0.15625 0.1421875
0 0.5296875 0.50390625 0.28125 0.2546875
0 0.57421875 0.6609375 0.0484375 0.04375
0 0.6109375 0.50625 0.04375 0.0390625
0 0.78828125 0.40234375 0.0390625 0.0359375
0 0.85546875 0.42421875 0.075 0.0671875
0 0.83515625 0.63203125 0.0703125 0.0625
0 0.00234375 0.00234375 0.0015625 0.0015625
0 0.65859375 0.9578125 0.034375 0.0296875
0 0.23046875 0.671875 0.4609375 0.459375
0 0.2453125 0.43046875 0.0609375 0.05625
0 0.671875 0.3546875 0.0390625 0.034375
0 0.70703125 0.43984375 0.0296875 0.0265625
0 0.953125 0.2640625 0.065625 0.0578125
0 0.94921875 0.08046875 0.0515625 0.0453125
0 0.81875 0.13828125 0.03125 0.0296875
0 0.69453125 0.05859375 0.053125 0.0484375
0 0.665625 0.09140625 0.0625 0.0578125
0 0.66171875 0.01171875 0.0296875 0.0234375
0 0.3796875 0.12109375 0.0828125 0.075
0 0.38359375 0.3109375 0.0390625 0.0328125
0 0.36796875 0.2828125 0.0296875 0.0265625
0 0.58671875 0.321875 0.04375 0.0390625
0 0.23046875 0.29296875 0.075 0.0671875
0 0.08515625 0.28828125 0.0296875 0.0265625
0 0.015625 0.30859375 0.0296875 0.0265625
0 0.03828125 0.203125 0.0296875 0.0265625
0 0.06953125 0.17890625 0.04375 0.040625
0 0.16953125 0.1453125 0.0484375 0.04375
0 0.06015625 0.05625 0.1203125 0.1125
0 0.1296875 0.13828125 0.0265625 0.025
0 0.2296875 0.0578125 0.0484375 0.04375