0 0.0015625 0.0015625 0.003125 0.003125
0 0.9375 0.4265625 0.0890625 0.0671875
0 0.9359375 0.29921875 0.04375 0.0328125
0 0.90390625 0.328125 0.034375 0.025
0 0.9046875 0.35234375 0.0359375 0.0296875
0 0.896875 0.38828125 0.0390625 0.0296875
0 0.9546875 0.0921875 0.0359375 0.0265625
0 0.92890625 0.10546875 0.0390625 0.0296875
0 0.85703125 0.18515625 0.0453125 0.034375
0 0.81875 0.22265625 0.0359375 0.0265625
0 0.584375 0.1890625 0.0578125 0.0453125
0 0.7859375 0.61171875 0.16875 0.128125
0 0.90234375 0.70703125 0.03125 0.025
0 0.65859375 0.62890625 0.0359375 0.0265625
0 0.56015625 0.615625 0.1328125 0.1015625
0 0.55390625 0.4578125 0.053125 0.0390625
0 0.45546875 0.421875 0.1015625 0.0765625
0 0.3859375 0.44453125 0.075 0.05625
0 0.3859375 0.36640625 0.1109375 0.084375
0 0.2078125 0.40625 0.04375 0.034375
0 0.19140625 0.4546875 0.1296875 0.0984375
0 0.2703125 0.49296875 0.0703125 0.053125
0 0.3234375 0.6296875 0.0625 0.0484375
0 0.23828125 0.69140625 0.0828125 0.0625
0 0.19921875 0.63203125 0.05625 0.04375
0 0.44375 0.07578125 0.0390625 0.028125
0 0.228125 0.13203125 0.034375 0.0265625
0 0.20703125 0.53125 0.0609375 0.0453125
0 0.27890625 0.7390625 0.0484375 0.0359375
0 0.21171875 0.76328125 0.0359375 0.0265625
0 0.328125 0.86796875 0.040625 0.03125
0 0.31015625 0.80546875 0.0578125 0.04375
0 0.3609375 0.7984375 0.0390625 0.028125
0 0.49765625 0.76171875 0.04375 0.034375
0 0.4953125 0.728125 0.040625 0.03125
0 0.8890625 0.81484375 0.071875 0.05625
0 0.8125 0.86171875 0.0484375 0.0359375
0 0.884375 0.9046875 0.0625 0.0484375
0 0.91484375 0.9515625 0.0453125 0.034375
0 0.8703125 0.94453125 0.0359375 0.0265625
0 0.8453125 0.928125 0.04375 0.034375
0 0.4578125 0.82578125 0.0828125 0.0625
0 0.4625 0.5640625 0.071875 0.05625
0 0.10703125 0.45546875 0.096875 0.071875
0 0.328125 0.2546875 0.03125 0.025
0 0.553125 0.35546875 0.09375 0.071875
0 0.125 0.97109375 0.0828125 0.0578125
0 0.61796875 0.959375 0.0671875 0.0515625
0 0.321875 0.94921875 0.0671875 0.0515625
0 0.50234375 0.92578125 0.0359375 0.0265625
0 0.5640625 0.91328125 0.103125 0.0765625
0 0.525 0.7515625 0.0359375 0.0265625
0 0.71484375 0.97734375 0.0359375 0.0296875
0 0.6078125 0.08984375 0.034375 0.0265625
0 0.33671875 0.4859375 0.065625 0.0484375