0 0.00234375 0.00078125 0.0015625 0.0015625
0 0.07109375 0.24140625 0.0625 0.0578125
0 0.146875 0.32578125 0.03125 0.0296875
0 0.1390625 0.38125 0.05625 0.0515625
0 0.2828125 0.33515625 0.0453125 0.040625
0 0.265625 0.4078125 0.03125 0.0265625
0 0.446875 0.3484375 0.0296875 0.0265625
0 0.4125 0.35 0.0515625 0.0453125
0 0.671875 0.3765625 0.05625 0.0515625
0 0.85 0.2984375 0.034375 0.03125
0 0.80859375 0.0375 0.034375 0.0296875
0 0.2859375 0.02890625 0.040625 0.0359375
0 0.23125 0.01171875 0.03125 0.0234375
0 0.9578125 0.0265625 0.084375 0.053125
0 0.8953125 0.6546875 0.03125 0.028125
0 0.85703125 0.740625 0.0390625 0.034375
0 0.678125 0.6109375 0.053125 0.0484375
0 0.51953125 0.55078125 0.034375 0.03125
0 0.32421875 0.55546875 0.0578125 0.053125
0 0.3546875 0.66015625 0.0546875 0.0515625
0 0.34140625 0.69609375 0.0296875 0.0265625
0 0.33046875 0.7203125 0.03125 0.0265625
0 0.44921875 0.74375 0.0296875 0.0265625
0 0.3859375 0.74296875 0.0296875 0.0265625
0 0.37109375 0.93046875 0.11875 0.10625
0 0.6546875 0.821875 0.03125 0.0265625
0 0.515625 0.8640625 0.0296875 0.0265625
0 0.5296875 0.821875 0.0703125 0.0625
0 0.35546875 0.84765625 0.034375 0.0296875
0 0.45703125 0.9390625 0.0875 0.0796875
0 0.196875 0.67578125 0.0390625 0.034375
0 0.1265625 0.6671875 0.0515625 0.0453125
0 0.084375 0.85546875 0.040625 0.0390625
0 0.06015625 0.9515625 0.084375 0.075
0 0.109375 0.97265625 0.0609375 0.053125
0 0.15390625 0.8390625 0.05625 0.0484375
0 0.08046875 0.47109375 0.0390625 0.0359375
0 0.07109375 0.775 0.0390625 0.0359375