0 0.0296875 0.015625 0.0359375 0.03125
0 0.18984375 0.1828125 0.04375 0.040625
0 0.265625 0.3015625 0.025 0.0234375
0 0.290625 0.2953125 0.0796875 0.0796875
0 0.34765625 0.3140625 0.034375 0.0328125
0 0.15625 0.0375 0.025 0.025
0 0.28828125 0.06875 0.0453125 0.0453125
0 0.978125 0.23671875 0.0390625 0.0390625
0 0.94609375 0.23671875 0.0296875 0.0296875
0 0.9515625 0.1984375 0.0578125 0.05625
0 0.91796875 0.5515625 0.0609375 0.0578125
0 0.8296875 0.578125 0.071875 0.071875
0 0.8328125 0.6265625 0.03125 0.03125
0 0.72578125 0.60703125 0.059375 0.059375
0 0.6421875 0.6671875 0.0390625 0.0390625
0 0.6625 0.72734375 0.0359375 0.0359375
0 0.759375 0.821875 0.034375 0.034375
0 0.95546875 0.48203125 0.040625 0.040625
0 0.94609375 0.51328125 0.053125 0.053125
0 0.8546875 0.3734375 0.0515625 0.0515625
0 0.8328125 0.4125 0.040625 0.0390625
0 0.85 0.44609375 0.0765625 0.0765625
0 0.80078125 0.2875 0.053125 0.0515625
0 0.9171875 0.1765625 0.03125 0.03125
0 0.890625 0.303125 0.034375 0.0328125
0 0.92890625 0.44140625 0.025 0.025
0 0.975 0.2984375 0.040625 0.0390625
0 0.98515625 0.26484375 0.0296875 0.0296875
0 0.72578125 0.1296875 0.0625 0.0625
0 0.7828125 0.09140625 0.0265625 0.0265625
0 0.57109375 0.09765625 0.028125 0.0296875
0 0.50390625 0.3609375 0.2890625 0.2859375
0 0.4046875 0.703125 0.03125 0.03125
0 0.26328125 0.44453125 0.040625 0.040625
0 0.02890625 0.49609375 0.0296875 0.0296875
0 0.0828125 0.1578125 0.096875 0.09375
0 0.13125 0.4109375 0.0890625 0.0890625
0 0.21015625 0.5109375 0.1109375 0.1109375
0 0.05625 0.70703125 0.0578125 0.0578125
0 0.0609375 0.8609375 0.040625 0.040625
0 0.4953125 0.85078125 0.0359375 0.0359375
0 0.66015625 0.834375 0.0359375 0.0359375
0 0.6515625 0.86640625 0.0265625 0.0265625
0 0.65390625 0.9640625 0.059375 0.0578125
0 0.8703125 0.8609375 0.03125 0.03125
0 0.8703125 0.88671875 0.0484375 0.0484375