0 0.884375 0.37890625 0.034375 0.0265625
0 0.8328125 0.36171875 0.034375 0.0265625
0 0.81953125 0.31484375 0.03125 0.0265625
0 0.8453125 0.19140625 0.0390625 0.03125
0 0.92421875 0.12890625 0.040625 0.034375
0 0.915625 0.16328125 0.03125 0.025
0 0.66796875 0.07421875 0.034375 0.0296875
0 0.6609375 0.12109375 0.03125 0.025
0 0.634375 0.0734375 0.03125 0.025
0 0.38359375 0.5796875 0.0765625 0.0625
0 0.3421875 0.5109375 0.0515625 0.040625
0 0.796875 0.6421875 0.0515625 0.040625
0 0.86328125 0.64921875 0.05625 0.0453125
0 0.71015625 0.65390625 0.115625 0.09375
0 0.65 0.696875 0.0515625 0.040625
0 0.34609375 0.5609375 0.3171875 0.259375
0 0.0296875 0.76328125 0.059375 0.0546875
0 0.06875 0.8921875 0.0828125 0.0671875
0 0.04921875 0.4984375 0.034375 0.028125
0 0.0265625 0.69453125 0.053125 0.0796875
0 0.4828125 0.2609375 0.1109375 0.0921875
0 0.8265625 0.94453125 0.1390625 0.1109375
0 0.72578125 0.8796875 0.1328125 0.1078125
0 0.303125 0.9125 0.1390625 0.1140625
0 0.2546875 0.84140625 0.1265625 0.103125
0 0.6046875 0.9359375 0.084375 0.0703125
0 0.834375 0.84765625 0.071875 0.0578125