0 0.05390625 0.08671875 0.028125 0.0296875
0 0.046875 0.1296875 0.03125 0.03125
0 0.21484375 0.11640625 0.03125 0.03125
0 0.01953125 0.2328125 0.0390625 0.04375
0 0.01953125 0.3796875 0.0390625 0.053125
0 0.02734375 0.34765625 0.0453125 0.0453125
0 0.40859375 0.33515625 0.0453125 0.04375
0 0.3796875 0.35546875 0.0296875 0.0296875
0 0.421875 0.39765625 0.04375 0.040625
0 0.32578125 0.20703125 0.040625 0.040625
0 0.3703125 0.1765625 0.0296875 0.0296875
0 0.4421875 0.20703125 0.0359375 0.0359375
0 0.4484375 0.1671875 0.034375 0.0328125
0 0.4390625 0.0421875 0.0484375 0.0453125
0 0.2046875 0.02734375 0.0265625 0.0265625
0 0.1109375 0.2703125 0.0515625 0.0515625
0 0.396875 0.12265625 0.0296875 0.0265625
0 0.37265625 0.14453125 0.0265625 0.0265625
0 0.9703125 0.25859375 0.025 0.025
0 0.66953125 0.0265625 0.025 0.025
0 0.6734375 0.05390625 0.0265625 0.0265625
0 0.90625 0.578125 0.0265625 0.0265625
0 0.78828125 0.5515625 0.028125 0.028125
0 0.7359375 0.68359375 0.0625 0.0609375
0 0.884375 0.95703125 0.0390625 0.0390625
0 0.7015625 0.8421875 0.028125 0.0296875
0 0.5421875 0.5921875 0.0359375 0.0359375
0 0.54921875 0.6453125 0.03125 0.03125
0 0.49375 0.61796875 0.0296875 0.028125
0 0.33671875 0.64296875 0.03125 0.03125
0 0.49296875 0.6875 0.0265625 0.0265625
0 0.415625 0.5359375 0.0296875 0.028125
0 0.18515625 0.50859375 0.0296875 0.0296875
0 0.23671875 0.95546875 0.0265625 0.0265625
0 0.28828125 0.93515625 0.0296875 0.0265625
0 0.47578125 0.8578125 0.034375 0.03125
0 0.53359375 0.8921875 0.0265625 0.0265625
0 0.5953125 0.984375 0.03125 0.03125
0 0.10234375 0.334375 0.0359375 0.0359375
0 0.09609375 0.23203125 0.0359375 0.0359375
0 0.1296875 0.30078125 0.034375 0.03125
0 0.2390625 0.34765625 0.0265625 0.0265625
0 0.50703125 0.240625 0.0546875 0.05625
0 0.80546875 0.8453125 0.025 0.025
0 0.64765625 0.86171875 0.0265625 0.0265625
0 0.36640625 0.98046875 0.0234375 0.025