0 0.3375 0.7390625 0.4203125 0.30625
0 0.03359375 0.21640625 0.065625 0.0484375
0 0.11171875 0.26171875 0.0578125 0.04375
0 0.20546875 0.03359375 0.1296875 0.0671875
0 0.82109375 0.1203125 0.2125 0.15625
0 0.79921875 0.30546875 0.071875 0.053125
0 0.8015625 0.34140625 0.0359375 0.0265625
0 0.38125 0.17890625 0.0390625 0.0296875
0 0.25234375 0.109375 0.0359375 0.0265625
0 0.68046875 0.084375 0.221875 0.1640625
0 0.6390625 0.82578125 0.075 0.053125
0 0.62890625 0.79453125 0.0453125 0.034375
0 0.5421875 0.928125 0.0484375 0.0359375
0 0.8734375 0.61640625 0.034375 0.0234375
0 0.8390625 0.62890625 0.0390625 0.0296875
0 0.6875 0.734375 0.0765625 0.05625
0 0.62734375 0.7015625 0.065625 0.0484375
0 0.58984375 0.6765625 0.071875 0.0515625
0 0.8125 0.5203125 0.0828125 0.0578125
0 0.81484375 0.5625 0.0515625 0.0390625
0 0.74765625 0.5671875 0.0453125 0.034375
0 0.75390625 0.5109375 0.0390625 0.0265625
0 0.9046875 0.39921875 0.0453125 0.034375
0 0.00234375 0.00078125 0.0015625 0.0015625
0 0.6546875 0.46015625 0.0484375 0.0359375
0 0.71640625 0.48828125 0.096875 0.0703125
0 0.759375 0.63359375 0.034375 0.0234375
0 0.13125 0.39921875 0.065625 0.0484375
0 0.2359375 0.51796875 0.1015625 0.075
0 0.02265625 0.609375 0.0453125 0.05625
0 0.1734375 0.834375 0.09375 0.0703125
0 0.55390625 0.9640625 0.04375 0.03125
0 0.49140625 0.515625 0.1140625 0.084375
0 0.2828125 0.08203125 0.04375 0.034375