0 0.8453125 0.97265625 0.0453125 0.04375
0 0.83671875 0.9328125 0.0265625 0.025
0 0.61640625 0.8890625 0.028125 0.0265625
0 0.47734375 0.875 0.0296875 0.0265625
0 0.8859375 0.9671875 0.03125 0.0296875
0 0.91796875 0.98671875 0.03125 0.0265625
0 0.390625 0.86328125 0.0265625 0.0265625
0 0.3921875 0.76171875 0.03125 0.0296875
0 0.36796875 0.625 0.03125 0.0296875
0 0.5296875 0.59609375 0.028125 0.0265625
0 0.834375 0.7828125 0.0296875 0.0265625
0 0.97421875 0.78671875 0.0515625 0.0484375
0 0.61328125 0.33046875 0.03125 0.0296875
0 0.5359375 0.1296875 0.0484375 0.0453125
0 0.04453125 0.1109375 0.0890625 0.1203125
0 0.59765625 0.09765625 0.05625 0.053125
0 0.59765625 0.1359375 0.0578125 0.053125
0 0.50703125 0.3578125 0.04375 0.040625