0 0.98515625 0.7515625 0.0296875 0.03125
0 0.87109375 0.12734375 0.0359375 0.0296875
0 0.89296875 0.2234375 0.115625 0.0953125
0 0.80859375 0.071875 0.103125 0.0875
0 0.86640625 0.55625 0.0296875 0.025
0 0.82578125 0.4 0.034375 0.0296875
0 0.76953125 0.45703125 0.034375 0.0296875
0 0.30078125 0.77421875 0.05625 0.0453125
0 0.4 0.10546875 0.0484375 0.040625
0 0.44453125 0.22578125 0.0296875 0.025
0 0.29921875 0.61171875 0.0765625 0.0625
0 0.5578125 0.71640625 0.03125 0.0265625
0 0.76796875 0.759375 0.028125 0.025
0 0.38828125 0.98203125 0.0359375 0.03125
0 0.83515625 0.88828125 0.0453125 0.0390625
0 0.88125 0.90390625 0.040625 0.034375
0 0.0015625 0.0015625 0.003125 0.003125