0 0.1671875 0.36171875 0.03125 0.0265625
0 0.084375 0.03828125 0.028125 0.0265625
0 0.334375 0.0171875 0.0296875 0.025
0 0.63671875 0.24296875 0.040625 0.0359375
0 0.62265625 0.275 0.028125 0.0234375
0 0.67421875 0.2828125 0.028125 0.0234375
0 0.771875 0.35546875 0.03125 0.0265625
0 0.85234375 0.2765625 0.03125 0.0265625
0 0.83984375 0.22578125 0.03125 0.0265625
0 0.7921875 0.17421875 0.0359375 0.03125
0 0.75234375 0.15 0.0484375 0.04375
0 0.71015625 0.0984375 0.03125 0.0265625
0 0.6515625 0.0578125 0.0546875 0.0453125
0 0.96875 0.34765625 0.0359375 0.03125
0 0.84375 0.1921875 0.034375 0.0296875
0 0.89765625 0.95546875 0.034375 0.0296875
0 0.84609375 0.9203125 0.0453125 0.0390625
0 0.615625 0.49296875 0.040625 0.034375
0 0.5625 0.9796875 0.04375 0.0359375
0 0.56875 0.9078125 0.03125 0.0265625
0 0.9703125 0.94375 0.04375 0.0390625
0 0.3484375 0.640625 0.034375 0.0296875
0 0.2796875 0.69140625 0.03125 0.0265625
0 0.09765625 0.7234375 0.034375 0.028125
0 0.7359375 0.2984375 0.0671875 0.0578125
0 0.978125 0.2515625 0.04375 0.040625