0 0.73046875 0.93515625 0.11875 0.10625
0 0.6734375 0.9875 0.028125 0.025
0 0.25390625 0.94375 0.0265625 0.025
0 0.709375 0.86171875 0.0390625 0.034375
0 0.61328125 0.79921875 0.0265625 0.025
0 0.77734375 0.77265625 0.0265625 0.0234375
0 0.484375 0.72578125 0.0609375 0.0546875
0 0.9125 0.7484375 0.0296875 0.0265625
0 0.7828125 0.64765625 0.028125 0.0234375
0 0.71015625 0.584375 0.0546875 0.0515625
0 0.6609375 0.53828125 0.03125 0.028125
0 0.72578125 0.51796875 0.0484375 0.04375
0 0.12109375 0.81640625 0.0890625 0.0796875
0 0.084375 0.75234375 0.0671875 0.059375
0 0.5734375 0.3609375 0.034375 0.03125
0 0.31875 0.27734375 0.0296875 0.0265625
0 0.421875 0.17890625 0.03125 0.0296875
0 0.1625 0.1859375 0.03125 0.0296875
0 0.25390625 0.0296875 0.0359375 0.03125
0 0.3421875 0.0328125 0.0515625 0.0453125
0 0.36875 0.01953125 0.0640625 0.0390625
0 0.4125 0.0203125 0.0796875 0.040625
0 0.3546875 0.115625 0.040625 0.0375
0 0.35546875 0.08046875 0.0453125 0.040625
0 0.66953125 0.3078125 0.0265625 0.0234375
0 0.6875 0.171875 0.0359375 0.03125
0 0.86171875 0.6515625 0.03125 0.028125
0 0.6203125 0.975 0.03125 0.0296875
0 0.36640625 0.58984375 0.0828125 0.075
0 0.85703125 0.20703125 0.03125 0.0296875