0 0.0140625 0.6203125 0.028125 0.053125
0 0.03515625 0.6609375 0.04375 0.04375
0 0.01171875 0.6875 0.0234375 0.03125
0 0.05859375 0.72578125 0.065625 0.065625
0 0.11640625 0.759375 0.071875 0.071875
0 0.24609375 0.09140625 0.0296875 0.0296875
0 0.16484375 0.2328125 0.04375 0.04375
0 0.16484375 0.2796875 0.0515625 0.0515625
0 0.0171875 0.33203125 0.034375 0.0359375
0 0.4515625 0.415625 0.034375 0.0328125
0 0.4390625 0.44609375 0.0296875 0.0296875
0 0.35234375 0.375 0.03125 0.03125
0 0.25625 0.41328125 0.040625 0.040625
0 0.521875 0.2203125 0.025 0.025
0 0.634375 0.18125 0.034375 0.0328125
0 0.49140625 0.259375 0.0359375 0.0359375
0 0.790625 0.0359375 0.040625 0.040625
0 0.7296875 0.1265625 0.0265625 0.0265625
0 0.63359375 0.2078125 0.0765625 0.0765625
0 0.5953125 0.428125 0.0796875 0.0796875
0 0.4578125 0.50625 0.05625 0.05625
0 0.66015625 0.525 0.04375 0.04375
0 0.734375 0.38671875 0.040625 0.040625
0 0.6859375 0.4015625 0.03125 0.03125
0 0.6234375 0.6109375 0.03125 0.03125
0 0.609375 0.71484375 0.03125 0.03125
0 0.15625 0.4328125 0.0828125 0.0828125
0 0.61328125 0.03125 0.0265625 0.0265625
0 0.584375 0.359375 0.0828125 0.0828125
0 0.78125 0.79453125 0.03125 0.03125
0 0.9484375 0.30078125 0.0296875 0.0296875
0 0.975 0.13203125 0.0265625 0.0265625
0 0.88359375 0.1828125 0.03125 0.03125
0 0.00234375 0.00078125 0.0015625 0.0015625
0 0.821875 0.42578125 0.0828125 0.0828125
0 0.91796875 0.321875 0.034375 0.0328125
0 0.040625 0.05546875 0.0296875 0.0296875