0 0.65859375 0.14765625 0.478125 0.2953125
0 0.7859375 0.4703125 0.3875 0.3875
0 0.15234375 0.1078125 0.0484375 0.0484375
0 0.29296875 0.2390625 0.0515625 0.0515625
0 0.47109375 0.35546875 0.0484375 0.0484375
0 0.37109375 0.521875 0.0890625 0.0890625
0 0.296875 0.5515625 0.0296875 0.028125
0 0.29296875 0.56953125 0.040625 0.040625
0 0.3140625 0.68515625 0.0328125 0.034375
0 0.21640625 0.6453125 0.034375 0.034375
0 0.04296875 0.67578125 0.03125 0.03125
0 0.15625 0.7984375 0.0265625 0.0265625
0 0.18359375 0.4484375 0.04375 0.04375
0 0.15234375 0.52421875 0.075 0.075
0 0.14765625 0.24609375 0.0359375 0.0359375
0 0.39921875 0.01328125 0.03125 0.0265625
0 0.6859375 0.45546875 0.03125 0.03125
0 0.78515625 0.6359375 0.034375 0.034375
0 0.48671875 0.65859375 0.0359375 0.0359375
0 0.453125 0.7953125 0.0265625 0.0265625
0 0.9515625 0.2015625 0.03125 0.03125
0 0.9015625 0.625 0.0359375 0.0359375
0 0.57421875 0.03359375 0.0359375 0.0359375
0 0.8953125 0.69453125 0.209375 0.2140625
0 0.71484375 0.7328125 0.0265625 0.0265625
0 0.4015625 0.73671875 0.0625 0.0625
0 0.47109375 0.61328125 0.0296875 0.0296875
0 0.72734375 0.78359375 0.18125 0.18125
0 0.0015625 0.0015625 0.003125 0.003125