0 0.0328125 0.43515625 0.0359375 0.034375
0 0.021875 0.490625 0.0265625 0.025
0 0.171875 0.625 0.040625 0.0359375
0 0.4703125 0.66015625 0.0265625 0.025
0 0.50703125 0.5609375 0.03125 0.028125
0 0.5265625 0.5421875 0.0265625 0.0234375
0 0.703125 0.54296875 0.040625 0.0359375
0 0.1203125 0.36171875 0.0265625 0.0234375
0 0.1734375 0.1203125 0.0265625 0.025
0 0.28125 0.18984375 0.0296875 0.0265625
0 0.2296875 0.24296875 0.0296875 0.0265625
0 0.2671875 0.265625 0.0296875 0.0265625
0 0.44609375 0.21640625 0.0265625 0.025
0 0.51328125 0.2703125 0.0515625 0.0453125
0 0.71015625 0.26796875 0.04375 0.0390625
0 0.6265625 0.18125 0.028125 0.0265625
0 0.89921875 0.93125 0.03125 0.0296875
0 0.8734375 0.89453125 0.03125 0.0265625
0 0.6 0.884375 0.03125 0.0265625
0 0.18046875 0.03828125 0.0375 0.034375
0 0.00703125 0.27890625 0.0140625 0.0265625
0 0.24296875 0.28125 0.0265625 0.025
0 0.3953125 0.1578125 0.0453125 0.040625
0 0.43046875 0.3734375 0.040625 0.0359375
0 0.32578125 0.915625 0.0265625 0.025