0 0.91796875 0.4109375 0.0265625 0.0265625
0 0.734375 0.5796875 0.04375 0.04375
0 0.6890625 0.62109375 0.025 0.025
0 0.43984375 0.40234375 0.0265625 0.0265625
0 0.35703125 0.45546875 0.0265625 0.0265625
0 0.2234375 0.5203125 0.0296875 0.028125
0 0.2296875 0.5609375 0.0296875 0.028125
0 0.2078125 0.61171875 0.0296875 0.0265625
0 0.14296875 0.5046875 0.0703125 0.0671875
0 0.134375 0.390625 0.0703125 0.0671875
0 0.05625 0.41484375 0.0265625 0.025
0 0.0921875 0.428125 0.040625 0.040625
0 0.0828125 0.4046875 0.0296875 0.0296875
0 0.5765625 0.18046875 0.034375 0.0328125
0 0.475 0.19140625 0.025 0.025
0 0.41328125 0.14765625 0.0265625 0.0265625
0 0.384375 0.2015625 0.0265625 0.0265625
0 0.1546875 0.1546875 0.03125 0.03125
0 0.03125 0.48046875 0.0625 0.0890625
0 0.96640625 0.76953125 0.034375 0.034375
0 0.196875 0.34140625 0.05625 0.0546875