0 0.90234375 0.75703125 0.0265625 0.0265625
0 0.53515625 0.81875 0.034375 0.03125
0 0.421875 0.63359375 0.0484375 0.04375
0 0.115625 0.63359375 0.0296875 0.0265625
0 0.16015625 0.775 0.0265625 0.025
0 0.01953125 0.10234375 0.0390625 0.0359375
0 0.4046875 0.10078125 0.0296875 0.0265625
0 0.54296875 0.084375 0.0265625 0.025
0 0.73828125 0.2546875 0.0390625 0.0359375
0 0.70078125 0.43125 0.040625 0.0390625
0 0.74140625 0.41328125 0.0265625 0.025
0 0.72109375 0.9578125 0.053125 0.0515625
0 0.3546875 0.72578125 0.0390625 0.0359375
0 0.0015625 0.00234375 0.003125 0.003125
0 0.040625 0.4640625 0.0453125 0.040625
0 0.3390625 0.0984375 0.0296875 0.0265625
0 0.8859375 0.19921875 0.0296875 0.0265625