0 0.134375 0.16796875 0.26875 0.3359375
0 0.94375 0.3796875 0.03125 0.03125
0 0.68515625 0.21484375 0.034375 0.034375
0 0.46875 0.01796875 0.05625 0.0359375
0 0.4578125 0.1296875 0.0453125 0.0453125
0 0.08203125 0.16015625 0.0578125 0.0578125
0 0.12734375 0.12890625 0.0265625 0.0265625
0 0.25234375 0.0328125 0.0640625 0.065625
0 0.21171875 0.00703125 0.0265625 0.0140625
0 0.20703125 0.9171875 0.0296875 0.0296875
0 0.36875 0.80078125 0.0453125 0.0453125
0 0.16796875 0.78515625 0.0265625 0.0265625
0 0.13828125 0.7125 0.0296875 0.028125
0 0.05390625 0.5296875 0.034375 0.034375
0 0.10234375 0.41953125 0.025 0.025
0 0.475 0.46015625 0.0296875 0.0296875
0 0.2015625 0.60234375 0.1015625 0.1015625
0 0.05546875 0.77890625 0.0921875 0.090625
0 0.6734375 0.7203125 0.025 0.025
0 0.41328125 0.69375 0.0265625 0.0265625
0 0.4265625 0.57109375 0.0671875 0.0671875
0 0.30078125 0.6296875 0.0453125 0.0453125
0 0.384375 0.0796875 0.0296875 0.028125
0 0.49765625 0.7609375 0.065625 0.065625
0 0.3546875 0.6578125 0.1109375 0.1109375
0 0.82109375 0.66953125 0.025 0.025
0 0.6578125 0.46015625 0.0515625 0.0515625
0 0.16328125 0.4703125 0.0265625 0.0265625