0 0.5140625 0.015625 0.0484375 0.03125
0 0.4171875 0.040625 0.0703125 0.0578125
0 0.4265625 0.07578125 0.0484375 0.0390625
0 0.47109375 0.0421875 0.034375 0.0265625
0 0.46015625 0.05859375 0.03125 0.0265625
0 0.56015625 0.1140625 0.05625 0.0453125
0 0.515625 0.1046875 0.103125 0.084375
0 0.38671875 0.125 0.04375 0.034375
0 0.375 0.16953125 0.0703125 0.0578125
0 0.2484375 0.2078125 0.03125 0.025
0 0.2828125 0.39765625 0.040625 0.03125
0 0.2203125 0.225 0.040625 0.034375
0 0.3640625 0.04453125 0.034375 0.0265625
0 0.43515625 0.240625 0.03125 0.025
0 0.46171875 0.25625 0.03125 0.025
0 0.58671875 0.4046875 0.0359375 0.0296875
0 0.4984375 0.4796875 0.065625 0.0515625
0 0.4328125 0.4671875 0.0359375 0.0296875
0 0.37109375 0.48671875 0.0578125 0.0453125
0 0.30859375 0.55546875 0.0703125 0.0546875
0 0.265625 0.5828125 0.0359375 0.028125
0 0.24609375 0.61328125 0.0390625 0.03125
0 0.38359375 0.66484375 0.0546875 0.0453125
0 0.0765625 0.546875 0.0703125 0.05625
0 0.04296875 0.62265625 0.0859375 0.0828125
0 0.10546875 0.60546875 0.0390625 0.03125
0 0.63125 0.646875 0.0359375 0.028125
0 0.6203125 0.6734375 0.034375 0.0265625
0 0.671875 0.521875 0.0390625 0.03125
0 0.69609375 0.49140625 0.0359375 0.0296875
0 0.771875 0.3921875 0.040625 0.0328125
0 0.81015625 0.0765625 0.040625 0.03125
0 0.9390625 0.15625 0.0453125 0.0359375
0 0.91015625 0.14296875 0.0484375 0.0390625
0 0.9515625 0.259375 0.053125 0.04375
0 0.91328125 0.3109375 0.0921875 0.075
0 0.88359375 0.40859375 0.09375 0.075
0 0.571875 0.96171875 0.04375 0.034375
0 0.80859375 0.8125 0.1140625 0.0921875
0 0.915625 0.5796875 0.04375 0.034375
0 0.56953125 0.740625 0.115625 0.09375
0 0.421875 0.7671875 0.1453125 0.115625
0 0.36328125 0.8703125 0.03125 0.025
0 0.3640625 0.9640625 0.1015625 0.071875
0 0.03515625 0.875 0.053125 0.04375
0 0.1453125 0.75703125 0.03125 0.0265625
0 0.3234375 0.47109375 0.040625 0.034375
0 0.27265625 0.4671875 0.0515625 0.040625