0 0.25625 0.3421875 0.03125 0.03125
0 0.16484375 0.3234375 0.0265625 0.0234375
0 0.12890625 0.2453125 0.0265625 0.0265625
0 0.33671875 0.1875 0.0484375 0.0453125
0 0.296875 0.0953125 0.0390625 0.0359375
0 0.1859375 0.02265625 0.0265625 0.0265625
0 0.5359375 0.04921875 0.0390625 0.0390625
0 0.365625 0.1046875 0.03125 0.03125
0 0.478125 0.23828125 0.03125 0.03125
0 0.37734375 0.23671875 0.0265625 0.0265625
0 0.4078125 0.3390625 0.0265625 0.0265625
0 0.5109375 0.38359375 0.04375 0.04375
0 0.4265625 0.415625 0.0296875 0.0296875
0 0.71015625 0.27265625 0.03125 0.0296875
0 0.96015625 0.2984375 0.040625 0.0390625
0 0.29921875 0.4671875 0.053125 0.053125
0 0.4734375 0.5765625 0.0265625 0.0265625
0 0.85703125 0.72578125 0.1515625 0.146875
0 0.84140625 0.9109375 0.0265625 0.0265625
0 0.8859375 0.93046875 0.025 0.025
0 0.9234375 0.55546875 0.040625 0.040625
0 0.5359375 0.6734375 0.0265625 0.0265625
0 0.25390625 0.83203125 0.0359375 0.034375
0 0.171875 0.81484375 0.0265625 0.0265625
0 0.103125 0.703125 0.0359375 0.0359375
0 0.07109375 0.94375 0.0296875 0.0265625
0 0.384375 0.79296875 0.03125 0.03125
0 0.22265625 0.63203125 0.2078125 0.2
0 0.93515625 0.58203125 0.0484375 0.0484375