0 0.91796875 0.59375 0.0296875 0.0265625
0 0.97265625 0.66015625 0.0359375 0.034375
0 0.7796875 0.5734375 0.040625 0.0359375
0 0.75703125 0.5 0.03125 0.0296875
0 0.7140625 0.58203125 0.028125 0.025
0 0.6875 0.725 0.0265625 0.025
0 0.9375 0.4 0.0359375 0.03125
0 0.77421875 0.2203125 0.028125 0.0265625
0 0.6984375 0.1828125 0.0625 0.0578125
0 0.7875 0.27421875 0.0359375 0.034375
0 0.7609375 0.24765625 0.03125 0.0296875
0 0.8109375 0.275 0.0265625 0.0234375
0 0.6828125 0.3078125 0.034375 0.03125
0 0.5484375 0.50703125 0.034375 0.03125
0 0.303125 0.959375 0.0484375 0.04375
0 0.24140625 0.9359375 0.0265625 0.025
0 0.01171875 0.92734375 0.0234375 0.0296875
0 0.0828125 0.93359375 0.0359375 0.034375
0 0.125 0.6765625 0.0359375 0.034375
0 0.1890625 0.6734375 0.0265625 0.025
0 0.16328125 0.82578125 0.0328125 0.03125
0 0.4015625 0.70078125 0.1875 0.1703125
0 0.32109375 0.3453125 0.0296875 0.0234375
0 0.271875 0.38671875 0.03125 0.0296875
0 0.2609375 0.43125 0.0359375 0.03125
0 0.23203125 0.41484375 0.0515625 0.0453125
0 0.1859375 0.3125 0.0265625 0.025
0 0.1046875 0.3953125 0.0359375 0.034375
0 0.1078125 0.43125 0.03125 0.0296875
0 0.0109375 0.4125 0.021875 0.0390625
0 0.48046875 0.57421875 0.034375 0.0296875
0 0.478125 0.5296875 0.0625 0.0578125
0 0.3234375 0.58203125 0.084375 0.0765625
0 0.04453125 0.1875 0.0265625 0.025
0 0.021875 0.23203125 0.0390625 0.0359375
0 0.01171875 0.1640625 0.0234375 0.0375
0 0.16015625 0.0140625 0.0390625 0.028125
0 0.146875 0.12265625 0.04375 0.0390625
0 0.49765625 0.134375 0.03125 0.0296875
0 0.9703125 0.08203125 0.034375 0.03125
0 0.68359375 0.66015625 0.03125 0.0296875
0 0.9625 0.00859375 0.03125 0.0171875
0 0.6625 0.30078125 0.03125 0.0296875