0 0.47578125 0.06640625 0.0359375 0.034375
0 0.58203125 0.071875 0.03125 0.0265625
0 0.69921875 0.165625 0.04375 0.0390625
0 0.796875 0.978125 0.034375 0.0296875
0 0.6546875 0.7671875 0.034375 0.028125
0 0.975 0.725 0.0296875 0.0265625
0 0.87265625 0.5625 0.0296875 0.0265625
0 0.81953125 0.49296875 0.0296875 0.025
0 0.72734375 0.384375 0.0578125 0.0515625
0 0.67890625 0.50390625 0.04375 0.0390625
0 0.63828125 0.540625 0.0359375 0.034375
0 0.45078125 0.49609375 0.0265625 0.025
0 0.1265625 0.84765625 0.0296875 0.025
0 0.2359375 0.38359375 0.0359375 0.03125
0 0.1703125 0.5140625 0.03125 0.028125
0 0.1921875 0.475 0.115625 0.103125
0 0.14921875 0.66484375 0.0359375 0.03125
0 0.33984375 0.703125 0.0265625 0.025