0 0.93359375 0.1671875 0.0265625 0.0265625
0 0.96015625 0.40390625 0.0265625 0.0265625
0 0.890625 0.2765625 0.0265625 0.0265625
0 0.86796875 0.32578125 0.0265625 0.0265625
0 0.85234375 0.44140625 0.03125 0.03125
0 0.78984375 0.475 0.05625 0.05625
0 0.88125 0.4703125 0.05625 0.05625
0 0.85703125 0.5671875 0.025 0.0234375
0 0.68515625 0.7328125 0.034375 0.034375
0 0.66953125 0.5671875 0.028125 0.028125
0 0.53984375 0.78984375 0.0359375 0.0359375
0 0.53984375 0.853125 0.0234375 0.025
0 0.32421875 0.7359375 0.025 0.025
0 0.24296875 0.71640625 0.0484375 0.0484375
0 0.26953125 0.75703125 0.034375 0.034375
0 0.91796875 0.25625 0.034375 0.0328125
0 0.90234375 0.04921875 0.025 0.025
0 0.80390625 0.06640625 0.0390625 0.0390625
0 0.96171875 0.19921875 0.0265625 0.0265625
0 0.396875 0.09140625 0.0265625 0.0265625
0 0.24609375 0.1515625 0.03125 0.03125
0 0.18984375 0.078125 0.03125 0.03125
0 0.11796875 0.3640625 0.034375 0.034375
0 0.01171875 0.428125 0.0234375 0.04375
0 0.0828125 0.56875 0.0390625 0.0390625
0 0.5203125 0.93515625 0.028125 0.0296875
0 0.95703125 0.8125 0.025 0.025
0 0.97734375 0.8578125 0.03125 0.03125
0 0.89765625 0.303125 0.0296875 0.0296875
0 0.56015625 0.05625 0.0265625 0.0265625
0 0.7296875 0.4515625 0.0234375 0.025
0 0.978125 0.8890625 0.03125 0.03125