0 0.91328125 0.17890625 0.0890625 0.084375
0 0.98671875 0.32578125 0.0265625 0.0296875
0 0.91484375 0.38671875 0.0296875 0.0265625
0 0.90234375 0.3171875 0.0265625 0.0265625
0 0.7078125 0.47265625 0.04375 0.040625
0 0.62890625 0.484375 0.03125 0.0296875
0 0.58203125 0.4359375 0.0296875 0.0296875
0 0.51328125 0.34140625 0.03125 0.0296875
0 0.484375 0.3453125 0.0265625 0.0265625
0 0.46015625 0.35078125 0.034375 0.03125
0 0.396875 0.42890625 0.0296875 0.0265625
0 0.46171875 0.5265625 0.0296875 0.0265625
0 0.38359375 0.58203125 0.0296875 0.0265625
0 0.76328125 0.478125 0.04375 0.040625
0 0.78515625 0.50625 0.053125 0.0484375
0 0.7359375 0.50703125 0.0484375 0.0453125
0 0.7171875 0.54453125 0.071875 0.0703125
0 0.55859375 0.0828125 0.0296875 0.0265625
0 0.36875 0.06875 0.0796875 0.075
0 0.16484375 0.2453125 0.0671875 0.065625
0 0.115625 0.28125 0.0265625 0.025
0 0.07109375 0.27421875 0.0296875 0.0296875
0 0.0203125 0.22578125 0.040625 0.0546875
0 0.0984375 0.2234375 0.0265625 0.025
0 0.134375 0.94609375 0.0265625 0.0265625
0 0.3390625 0.69140625 0.04375 0.040625
0 0.40625 0.81640625 0.0609375 0.05625
0 0.90390625 0.86875 0.071875 0.0671875