0 0.0015625 0.0015625 0.0015625 0.0015625
0 0.2640625 0.82578125 0.03125 0.0296875
0 0.446875 0.8125 0.0828125 0.071875
0 0.20078125 0.87734375 0.0390625 0.034375
0 0.978125 0.21640625 0.0296875 0.0265625
0 0.83671875 0.428125 0.034375 0.0296875
0 0.63359375 0.4640625 0.028125 0.025
0 0.76796875 0.3890625 0.040625 0.0359375
0 0.57421875 0.553125 0.0296875 0.025
0 0.603125 0.7171875 0.040625 0.0359375
0 0.5640625 0.85078125 0.028125 0.025
0 0.696875 0.88828125 0.0359375 0.03125
0 0.46015625 0.4 0.04375 0.0359375
0 0.2875 0.29296875 0.0515625 0.04375
0 0.196875 0.2828125 0.065625 0.0578125
0 0.1140625 0.28515625 0.0359375 0.03125
0 0.08984375 0.3078125 0.04375 0.0390625
0 0.228125 0.48203125 0.034375 0.0296875
0 0.10234375 0.62109375 0.0296875 0.025
0 0.428125 0.69140625 0.0390625 0.034375