0 0.6390625 0.040625 0.0578125 0.0515625
0 0.01796875 0.44453125 0.03125 0.0296875
0 0.203125 0.25234375 0.103125 0.0921875
0 0.7234375 0.0921875 0.034375 0.03125
0 0.6421875 0.275 0.03125 0.0265625
0 0.6546875 0.4484375 0.090625 0.0796875
0 0.63125 0.5578125 0.0671875 0.059375
0 0.60546875 0.5796875 0.0671875 0.059375
0 0.415625 0.61875 0.0390625 0.034375
0 0.37265625 0.8109375 0.0609375 0.053125
0 0.3796875 0.8375 0.03125 0.0265625
0 0.0421875 0.7234375 0.0265625 0.0234375
0 0.1578125 0.12265625 0.0296875 0.025
0 0.7796875 0.90390625 0.15625 0.1375
0 0.62109375 0.79921875 0.0296875 0.0265625
0 0.8015625 0.43046875 0.0296875 0.025
0 0.978125 0.68359375 0.0359375 0.03125
0 0.31875 0.5875 0.0328125 0.028125
0 0.35 0.14453125 0.04375 0.0390625
0 0.69921875 0.109375 0.0296875 0.0265625
0 0.74140625 0.15390625 0.034375 0.0296875
0 0.85703125 0.47734375 0.0296875 0.0265625
0 0.921875 0.56953125 0.0265625 0.0234375
0 0.3796875 0.9359375 0.034375 0.0296875