0 0.27265625 0.428125 0.5453125 0.728125
0 0.79453125 0.03515625 0.1375 0.0703125
0 0.1390625 0.4859375 0.0703125 0.065625
0 0.16484375 0.390625 0.03125 0.0296875
0 0.509375 0.52265625 0.053125 0.0515625
0 0.44375 0.6078125 0.0296875 0.0265625
0 0.6109375 0.609375 0.0390625 0.0359375
0 0.57578125 0.5625 0.146875 0.1390625
0 0.23046875 0.09375 0.0453125 0.04375
0 0.04296875 0.03828125 0.0296875 0.0265625
0 0.08515625 0.61328125 0.1703125 0.1703125
0 0.7046875 0.4984375 0.0453125 0.04375
0 0.90234375 0.459375 0.0265625 0.025
0 0.875 0.4984375 0.0265625 0.025
0 0.9109375 0.56875 0.03125 0.028125
0 0.80546875 0.725 0.09375 0.0890625
0 0.8546875 0.35546875 0.0625 0.0609375
0 0.71875 0.1453125 0.0765625 0.075
0 0.70078125 0.19921875 0.03125 0.03125
0 0.62265625 0.2140625 0.0359375 0.034375
0 0.46484375 0.09375 0.0515625 0.0484375
0 0.6578125 0.0671875 0.028125 0.0296875
0 0.2234375 0.03984375 0.034375 0.03125
0 0.19375 0.0296875 0.0265625 0.0265625
0 0.98203125 0.22578125 0.0359375 0.0359375
0 0.98046875 0.15859375 0.0390625 0.040625
0 0.78828125 0.1109375 0.1515625 0.1453125
0 0.79453125 0.1875 0.034375 0.034375
0 0.81640625 0.2328125 0.05625 0.0515625
0 0.92578125 0.146875 0.034375 0.03125
0 0.7125 0.25390625 0.159375 0.1515625
0 0.51953125 0.28984375 0.040625 0.0390625
0 0.9671875 0.86875 0.04375 0.040625
0 0.8640625 0.87265625 0.03125 0.03125
0 0.61328125 0.8015625 0.0703125 0.0671875
0 0.68046875 0.984375 0.0265625 0.0265625
0 0.50859375 0.96875 0.0265625 0.0265625
0 0.4953125 0.8125 0.0296875 0.0265625
0 0.2609375 0.82578125 0.0859375 0.0828125
0 0.14453125 0.828125 0.0359375 0.034375
0 0.32421875 0.9484375 0.0296875 0.0296875
0 0.3453125 0.97578125 0.0265625 0.025
0 0.803125 0.415625 0.10625 0.1015625