0 0.7703125 0.9515625 0.040625 0.040625
0 0.90859375 0.73046875 0.025 0.025
0 0.89921875 0.6703125 0.025 0.025
0 0.875 0.7703125 0.0265625 0.0265625
0 0.86796875 0.7296875 0.025 0.0234375
0 0.7921875 0.72265625 0.040625 0.040625
0 0.82109375 0.7796875 0.0390625 0.0390625
0 0.8140625 0.66796875 0.0484375 0.0484375
0 0.771875 0.615625 0.0515625 0.0515625
0 0.9328125 0.81640625 0.0578125 0.0578125
0 0.87109375 0.94453125 0.0265625 0.0265625
0 0.58671875 0.96875 0.0359375 0.034375
0 0.00078125 0.00234375 0.0015625 0.0015625
0 0.44375 0.81640625 0.0609375 0.0609375
0 0.275 0.79296875 0.0359375 0.034375
0 0.44453125 0.696875 0.034375 0.034375
0 0.69921875 0.66484375 0.0484375 0.0484375
0 0.68515625 0.69921875 0.025 0.025
0 0.5359375 0.71171875 0.0234375 0.0234375
0 0.5765625 0.8234375 0.121875 0.121875
0 0.6046875 0.8890625 0.028125 0.0296875
0 0.1515625 0.90625 0.071875 0.071875
0 0.0796875 0.84375 0.159375 0.178125
0 0.02734375 0.196875 0.04375 0.04375
0 0.2515625 0.43359375 0.0484375 0.0484375
0 0.23203125 0.39296875 0.040625 0.040625
0 0.4265625 0.25390625 0.0296875 0.0265625
0 0.0140625 0.4859375 0.028125 0.0375
0 0.0265625 0.09375 0.053125 0.0578125
0 0.05546875 0.165625 0.0484375 0.0453125
0 0.04921875 0.13125 0.05625 0.05625
0 0.05546875 0.2359375 0.0625 0.0625
0 0.33046875 0.08203125 0.0328125 0.034375
0 0.72109375 0.24296875 0.0359375 0.0359375
0 0.7984375 0.21640625 0.0265625 0.0265625
0 0.8328125 0.3375 0.0359375 0.0359375
0 0.928125 0.3921875 0.0390625 0.0359375
0 0.80625 0.46015625 0.028125 0.0296875
0 0.95078125 0.54921875 0.034375 0.03125
0 0.86328125 0.26796875 0.18125 0.1796875
0 0.7171875 0.48828125 0.059375 0.0609375
0 0.6828125 0.50234375 0.0703125 0.0703125
0 0.6359375 0.41484375 0.028125 0.0296875
0 0.33515625 0.3859375 0.0625 0.0625
0 0.4265625 0.77890625 0.065625 0.065625
0 0.1671875 0.23203125 0.03125 0.03125