0 0.2078125 0.025 0.0515625 0.0453125
0 0.34609375 0.08515625 0.053125 0.0515625
0 0.396875 0.05625 0.0296875 0.0265625
0 0.4421875 0.06640625 0.0703125 0.0625
0 0.48671875 0.0203125 0.059375 0.040625
0 0.1515625 0.06015625 0.03125 0.0296875
0 0.0515625 0.0375 0.03125 0.0296875
0 0.7765625 0.06484375 0.053125 0.0484375
0 0.79453125 0.08671875 0.0453125 0.040625
0 0.72265625 0.12890625 0.0828125 0.075
0 0.725 0.165625 0.059375 0.05625
0 0.84375 0.10546875 0.05625 0.053125
0 0.79296875 0.1453125 0.0625 0.0578125
0 0.91328125 0.13203125 0.0578125 0.053125
0 0.89453125 0.16328125 0.0453125 0.040625
0 0.875 0.2015625 0.0625 0.0578125
0 0.8390625 0.1671875 0.0453125 0.04375
0 0.9109375 0.28359375 0.146875 0.1328125
0 0.6546875 0.28984375 0.1921875 0.178125
0 0.6984375 0.3640625 0.03125 0.0296875
0 0.54453125 0.3734375 0.05625 0.0515625
0 0.47578125 0.384375 0.10625 0.0984375
0 0.46875 0.52734375 0.1921875 0.1765625
0 0.5921875 0.52734375 0.0359375 0.034375
0 0.7875 0.20703125 0.0390625 0.0359375
0 0.5984375 0.2015625 0.159375 0.1453125
0 0.56640625 0.07421875 0.1203125 0.1109375
0 0.5375 0.03125 0.03125 0.0296875
0 0.96875 0.015625 0.034375 0.03125
0 0.8796875 0.05390625 0.0390625 0.034375
0 0.97578125 0.196875 0.034375 0.03125
0 0.86328125 0.5828125 0.1015625 0.090625
0 0.80625 0.63203125 0.1109375 0.1015625
0 0.7296875 0.6546875 0.034375 0.03125
0 0.72109375 0.70078125 0.034375 0.03125
0 0.7171875 0.74375 0.034375 0.03125
0 0.53515625 0.7875 0.0875 0.0796875
0 0.59140625 0.6546875 0.190625 0.1734375
0 0.72578125 0.52265625 0.03125 0.028125
0 0.87734375 0.50703125 0.0671875 0.0625
0 0.33203125 0.17421875 0.03125 0.0296875
0 0.3015625 0.57109375 0.178125 0.1609375
0 0.10234375 0.4109375 0.0296875 0.0265625
0 0.046875 0.57109375 0.03125 0.028125
0 0.04296875 0.60703125 0.0390625 0.0359375
0 0.03359375 0.32109375 0.03125 0.0296875
0 0.2328125 0.38828125 0.0265625 0.0234375
0 0.01796875 0.82109375 0.0359375 0.0359375
0 0.2078125 0.7296875 0.03125 0.028125
0 0.39453125 0.9078125 0.1140625 0.1015625
0 0.46640625 0.95078125 0.0515625 0.0453125
0 0.6984375 0.9890625 0.03125 0.021875
0 0.97109375 0.96484375 0.040625 0.0359375
0 0.834375 0.8171875 0.075 0.0671875
0 0.98203125 0.74296875 0.0359375 0.0359375
0 0.959375 0.7046875 0.053125 0.0484375
0 0.8484375 0.39765625 0.2625 0.240625