0 0.0609375 0.125 0.034375 0.034375
0 0.41015625 0.3078125 0.034375 0.034375
0 0.546875 0.2234375 0.025 0.025
0 0.52890625 0.24609375 0.03125 0.0296875
0 0.484375 0.2984375 0.03125 0.03125
0 0.47578125 0.3109375 0.03125 0.0296875
0 0.42890625 0.35234375 0.03125 0.03125
0 0.4859375 0.34765625 0.04375 0.04375
0 0.5265625 0.375 0.0484375 0.0453125
0 0.56015625 0.3328125 0.0390625 0.0390625
0 0.59375 0.321875 0.04375 0.040625
0 0.709375 0.01328125 0.034375 0.0265625
0 0.740625 0.0109375 0.03125 0.021875
0 0.69375 0.03515625 0.0265625 0.025
0 0.67578125 0.05078125 0.03125 0.0296875
0 0.78828125 0.02421875 0.0359375 0.034375
0 0.75 0.0484375 0.053125 0.0515625
0 0.73671875 0.08203125 0.03125 0.03125
0 0.71015625 0.09765625 0.03125 0.0296875
0 0.77421875 0.61171875 0.0265625 0.0265625
0 0.646875 0.321875 0.0265625 0.0265625
0 0.55859375 0.5 0.0265625 0.025
0 0.359375 0.625 0.0359375 0.034375
0 0.38828125 0.8921875 0.0484375 0.0484375
0 0.25703125 0.51796875 0.03125 0.028125
0 0.38671875 0.28515625 0.0265625 0.025
0 0.51953125 0.30078125 0.034375 0.034375
0 0.5796875 0.46875 0.03125 0.0296875
0 0.8328125 0.01796875 0.0359375 0.0359375
0 0.4625 0.7546875 0.0296875 0.028125