0 0.9546875 0.85234375 0.03125 0.0296875
0 0.8125 0.95546875 0.034375 0.03125
0 0.86875 0.6546875 0.115625 0.1078125
0 0.78359375 0.73203125 0.0671875 0.065625
0 0.6578125 0.7484375 0.0765625 0.071875
0 0.6265625 0.70703125 0.0484375 0.0453125
0 0.5875 0.69140625 0.0453125 0.04375
0 0.634375 0.89765625 0.0265625 0.025
0 0.9484375 0.9671875 0.034375 0.034375
0 0.57578125 0.95859375 0.0921875 0.0828125
0 0.271875 0.98671875 0.03125 0.0265625
0 0.47265625 0.8078125 0.0453125 0.0453125
0 0.4203125 0.821875 0.0671875 0.065625
0 0.446875 0.9046875 0.1921875 0.1828125
0 0.19609375 0.8734375 0.0296875 0.0265625
0 0.02890625 0.95703125 0.034375 0.034375
0 0.109375 0.7765625 0.034375 0.034375
0 0.36171875 0.75 0.0390625 0.0359375
0 0.3765625 0.7640625 0.04375 0.040625
0 0.33203125 0.73671875 0.0265625 0.025
0 0.515625 0.69921875 0.0265625 0.0265625
0 0.08671875 0.678125 0.0515625 0.0484375
0 0.053125 0.6203125 0.053125 0.0515625
0 0.025 0.65234375 0.040625 0.0390625
0 0.08984375 0.49140625 0.0875 0.084375
0 0.0328125 0.39765625 0.034375 0.03125
0 0.11640625 0.58671875 0.1640625 0.15625
0 0.25234375 0.384375 0.0796875 0.075
0 0.2703125 0.334375 0.075 0.071875
0 0.42578125 0.2828125 0.034375 0.03125
0 0.5671875 0.3390625 0.0359375 0.0359375
0 0.5484375 0.365625 0.065625 0.0625
0 0.49296875 0.4125 0.04375 0.040625
0 0.44921875 0.4625 0.084375 0.0796875
0 0.5046875 0.5421875 0.128125 0.1203125
0 0.36171875 0.55390625 0.0796875 0.075
0 0.3265625 0.50625 0.0359375 0.034375
0 0.6625 0.5828125 0.0453125 0.04375
0 0.68515625 0.6453125 0.053125 0.0515625
0 0.74296875 0.665625 0.028125 0.028125
0 0.7015625 0.68046875 0.053125 0.0515625
0 0.72734375 0.7015625 0.040625 0.040625
0 0.6578125 0.67421875 0.0390625 0.0359375
0 0.75703125 0.5671875 0.028125 0.028125
0 0.90390625 0.5609375 0.096875 0.090625
0 0.8234375 0.4359375 0.059375 0.0578125
0 0.6421875 0.3078125 0.0515625 0.0484375
0 0.646875 0.24296875 0.0359375 0.034375
0 0.5046875 0.2203125 0.0453125 0.04375
0 0.38671875 0.47109375 0.0359375 0.0359375
0 0.2453125 0.259375 0.0703125 0.0671875
0 0.2953125 0.20703125 0.0265625 0.025
0 0.5 0.1671875 0.03125 0.0296875
0 0.60234375 0.07421875 0.075 0.071875
0 0.421875 0.07421875 0.0453125 0.04375
0 0.40390625 0.10234375 0.0453125 0.04375
0 0.225 0.12265625 0.03125 0.03125
0 0.0765625 0.08671875 0.028125 0.0265625
0 0.80390625 0.0109375 0.034375 0.021875
0 0.759375 0.0171875 0.04375 0.034375
0 0.74296875 0.0578125 0.0484375 0.0453125
0 0.72578125 0.0359375 0.0453125 0.04375
0 0.8453125 0.12890625 0.0359375 0.034375
0 0.8703125 0.16484375 0.0390625 0.0359375
0 0.74296875 0.1765625 0.0390625 0.0359375
0 0.875 0.3265625 0.040625 0.0390625
0 0.71015625 0.24296875 0.04375 0.040625
0 0.95703125 0.2484375 0.03125 0.0296875
0 0.9671875 0.584375 0.065625 0.0703125
0 0.7984375 0.54921875 0.0359375 0.034375
0 0.79921875 0.51953125 0.03125 0.0296875
0 0.86171875 0.50859375 0.034375 0.03125
0 0.0015625 0.00234375 0.003125 0.003125