0 0.10078125 0.03984375 0.0390625 0.034375
0 0.0265625 0.06875 0.0296875 0.025
0 0.2671875 0.03828125 0.040625 0.0359375
0 0.890625 0.0109375 0.0453125 0.021875
0 0.7859375 0.0109375 0.0296875 0.021875
0 0.90234375 0.06484375 0.04375 0.0359375
0 0.93984375 0.2796875 0.071875 0.0625
0 0.959375 0.4484375 0.0359375 0.03125
0 0.71015625 0.49765625 0.028125 0.025
0 0.64765625 0.4890625 0.0390625 0.034375
0 0.6109375 0.5328125 0.075 0.0625
0 0.61875 0.578125 0.0359375 0.03125
0 0.48671875 0.5671875 0.0515625 0.04375
0 0.65859375 0.56875 0.0484375 0.040625
0 0.6625 0.61875 0.075 0.065625
0 0.6140625 0.640625 0.04375 0.0390625
0 0.7015625 0.5921875 0.0359375 0.03125
0 0.734375 0.59609375 0.0296875 0.025
0 0.7953125 0.6109375 0.034375 0.028125
0 0.8640625 0.60546875 0.05625 0.0484375
0 0.77734375 0.459375 0.034375 0.0296875
0 0.69921875 0.37265625 0.0296875 0.0234375
0 0.7203125 0.3375 0.034375 0.0296875
0 0.71015625 0.31015625 0.03125 0.0265625
0 0.5609375 0.4484375 0.028125 0.025
0 0.5015625 0.42578125 0.0296875 0.025
0 0.415625 0.5578125 0.03125 0.0265625
0 0.553125 0.35 0.0390625 0.0328125
0 0.5734375 0.3015625 0.034375 0.0296875
0 0.6515625 0.26796875 0.040625 0.0328125
0 0.58984375 0.25390625 0.034375 0.0296875
0 0.55078125 0.24375 0.03125 0.0265625
0 0.515625 0.21875 0.040625 0.0359375
0 0.828125 0.24765625 0.0453125 0.0390625
0 0.75234375 0.17578125 0.028125 0.025
0 0.76171875 0.203125 0.05625 0.0484375
0 0.46015625 0.053125 0.053125 0.0453125
0 0.31640625 0.14296875 0.0359375 0.03125
0 0.40234375 0.1828125 0.128125 0.1109375
0 0.74765625 0.1203125 0.040625 0.0359375
0 0.24765625 0.21484375 0.0359375 0.03125
0 0.2171875 0.2046875 0.0296875 0.0265625
0 0.28515625 0.3484375 0.034375 0.0296875
0 0.25859375 0.3703125 0.0484375 0.040625
0 0.23828125 0.4328125 0.0359375 0.03125
0 0.20078125 0.4328125 0.034375 0.0296875
0 0.15859375 0.271875 0.040625 0.0359375
0 0.1046875 0.2234375 0.03125 0.0265625
0 0.0984375 0.25390625 0.03125 0.0265625
0 0.0359375 0.24765625 0.0359375 0.03125
0 0.0421875 0.31953125 0.0328125 0.0296875
0 0.03515625 0.15859375 0.040625 0.0359375
0 0.01328125 0.4484375 0.0265625 0.0296875
0 0.01171875 0.31328125 0.0234375 0.0359375
0 0.296875 0.09765625 0.0296875 0.025
0 0.05078125 0.4578125 0.0453125 0.0390625
0 0.08046875 0.44921875 0.034375 0.0296875
0 0.85234375 0.15 0.0453125 0.0390625
0 0.87734375 0.09140625 0.03125 0.0296875
0 0.03359375 0.4859375 0.0359375 0.03125
0 0.02265625 0.5875 0.040625 0.034375
0 0.0890625 0.71171875 0.053125 0.04375
0 0.15234375 0.6453125 0.04375 0.0359375
0 0.12734375 0.6 0.0390625 0.034375
0 0.0984375 0.63671875 0.065625 0.05625
0 0.19609375 0.55078125 0.03125 0.0265625
0 0.1671875 0.50625 0.0296875 0.025
0 0.12734375 0.48671875 0.0296875 0.025
0 0.240625 0.615625 0.034375 0.028125
0 0.33203125 0.6859375 0.0390625 0.034375
0 0.203125 0.9484375 0.04375 0.0390625
0 0.2671875 0.790625 0.03125 0.0265625
0 0.30546875 0.8078125 0.0296875 0.0234375
0 0.321875 0.8703125 0.0390625 0.034375
0 0.34375 0.8859375 0.0390625 0.03125
0 0.34140625 0.9625 0.0359375 0.03125
0 0.40625 0.9125 0.0453125 0.0390625
0 0.42890625 0.8859375 0.034375 0.0296875
0 0.42578125 0.61796875 0.03125 0.0265625
0 0.759375 0.72109375 0.05625 0.0453125
0 0.7390625 0.665625 0.0390625 0.034375
0 0.78515625 0.94453125 0.040625 0.034375
0 0.94921875 0.51171875 0.0296875 0.0265625
0 0.96875 0.5328125 0.0296875 0.025
0 0.9421875 0.58203125 0.04375 0.0359375
0 0.90859375 0.52734375 0.0296875 0.0265625
0 0.94921875 0.6078125 0.03125 0.0265625
0 0.98046875 0.66953125 0.034375 0.028125
0 0.85546875 0.69375 0.0453125 0.0390625
0 0.83203125 0.88828125 0.0578125 0.0484375
0 0.95078125 0.96015625 0.05625 0.0484375
0 0.8265625 0.95703125 0.040625 0.034375
0 0.86875 0.7453125 0.0296875 0.0234375
0 0.28828125 0.40625 0.0625 0.053125
0 0.928125 0.44375 0.0296875 0.025
0 0.775 0.3328125 0.0390625 0.034375