0 0.02734375 0.98203125 0.034375 0.0296875
0 0.06640625 0.9046875 0.0359375 0.03125
0 0.14296875 0.884375 0.0328125 0.0296875
0 0.115625 0.7875 0.09375 0.084375
0 0.01171875 0.63828125 0.0234375 0.0359375
0 0.19453125 0.7640625 0.084375 0.075
0 0.20703125 0.97578125 0.0296875 0.025
0 0.240625 0.84765625 0.03125 0.0265625
0 0.2359375 0.72109375 0.034375 0.03125
0 0.2328125 0.6265625 0.034375 0.03125
0 0.1390625 0.6890625 0.0578125 0.0515625
0 0.1671875 0.6453125 0.0671875 0.0578125
0 0.2484375 0.61640625 0.103125 0.090625
0 0.28515625 0.578125 0.034375 0.0296875
0 0.3375 0.59375 0.04375 0.0390625
0 0.396875 0.6078125 0.0390625 0.034375
0 0.396875 0.6984375 0.03125 0.028125
0 0.484375 0.66015625 0.0359375 0.03125
0 0.46640625 0.75859375 0.0390625 0.034375
0 0.65390625 0.96015625 0.03125 0.0265625
0 0.93515625 0.603125 0.034375 0.028125
0 0.71640625 0.678125 0.0359375 0.03125
0 0.2984375 0.35546875 0.1546875 0.134375
0 0.2203125 0.40234375 0.0671875 0.0609375
0 0.10078125 0.45546875 0.0296875 0.0265625
0 0.0625 0.30078125 0.040625 0.0359375
0 0.55625 0.45078125 0.034375 0.0296875
0 0.52734375 0.53828125 0.0515625 0.0453125
0 0.615625 0.50859375 0.0515625 0.0453125
0 0.78359375 0.640625 0.040625 0.0359375
0 0.77265625 0.0765625 0.03125 0.0265625
0 0.8703125 0.6140625 0.1953125 0.1703125
0 0.9828125 0.68515625 0.034375 0.028125