0 0.37265625 0.61796875 0.0265625 0.0265625
0 0.40859375 0.61171875 0.0296875 0.028125
0 0.4421875 0.46484375 0.0265625 0.0265625
0 0.2953125 0.38671875 0.0265625 0.0265625
0 0.36328125 0.396875 0.0578125 0.0578125
0 0.0296875 0.4265625 0.0265625 0.0265625
0 0.16953125 0.01953125 0.071875 0.0390625
0 0.11796875 0.1359375 0.0359375 0.034375
0 0.18125 0.35546875 0.0265625 0.0265625
0 0.33203125 0.08984375 0.05625 0.053125
0 0.38203125 0.146875 0.071875 0.0703125
0 0.4546875 0.0453125 0.0390625 0.0390625
0 0.5734375 0.03515625 0.1171875 0.0703125
0 0.69453125 0.56015625 0.0265625 0.0265625
0 0.87265625 0.5171875 0.0359375 0.0359375
0 0.9890625 0.40390625 0.021875 0.03125
0 0.3265625 0.66484375 0.0359375 0.034375
0 0.56953125 0.68125 0.04375 0.04375
0 0.75390625 0.0984375 0.04375 0.04375
0 0.2921875 0.31953125 0.0234375 0.0234375
0 0.865625 0.98203125 0.040625 0.0359375
0 0.8765625 0.634375 0.040625 0.040625
0 0.4796875 0.95703125 0.0703125 0.0671875
0 0.1390625 0.75703125 0.0390625 0.0359375
0 0.09375 0.8609375 0.0390625 0.0390625
0 0.1359375 0.6765625 0.025 0.0234375
0 0.67421875 0.290625 0.040625 0.040625
0 0.90859375 0.9125 0.084375 0.0828125
0 0.80859375 0.78828125 0.0359375 0.0359375
0 0.37890625 0.7640625 0.034375 0.03125
0 0.3328125 0.7875 0.03125 0.03125
0 0.30625 0.6984375 0.0359375 0.0359375
0 0.0640625 0.4 0.0484375 0.0453125
0 0.03828125 0.4 0.03125 0.0296875