0 0.75390625 0.06875 0.065625 0.065625
0 0.83515625 0.09375 0.03125 0.03125
0 0.9734375 0.06953125 0.0515625 0.0515625
0 0.97109375 0.1109375 0.0265625 0.0265625
0 0.96484375 0.134375 0.0265625 0.0265625
0 0.94921875 0.15 0.0390625 0.0359375
0 0.93125 0.109375 0.040625 0.040625
0 0.8921875 0.1984375 0.040625 0.040625
0 0.8328125 0.19375 0.0390625 0.0390625
0 0.98671875 0.3859375 0.0265625 0.0296875
0 0.9046875 0.4171875 0.0453125 0.0453125
0 0.87890625 0.37734375 0.0796875 0.0796875
0 0.66328125 0.32109375 0.059375 0.0609375
0 0.5875 0.35546875 0.053125 0.053125
0 0.58671875 0.265625 0.04375 0.04375
0 0.6984375 0.36796875 0.040625 0.040625
0 0.665625 0.3890625 0.0484375 0.0484375
0 0.88828125 0.2953125 0.1328125 0.1328125
0 0.8390625 0.5171875 0.0484375 0.0453125
0 0.603125 0.55625 0.084375 0.084375
0 0.5640625 0.6203125 0.0625 0.0625
0 0.45703125 0.634375 0.1078125 0.1078125
0 0.79453125 0.6296875 0.028125 0.028125
0 0.8734375 0.6875 0.0265625 0.0265625
0 0.9125 0.73203125 0.0484375 0.0484375
0 0.83203125 0.73828125 0.040625 0.040625
0 0.7984375 0.478125 0.028125 0.0296875
0 0.7046875 0.1875 0.04375 0.04375
0 0.61875 0.19921875 0.040625 0.040625
0 0.88125 0.04921875 0.03125 0.03125
0 0.3109375 0.08203125 0.125 0.125
0 0.21171875 0.21484375 0.1140625 0.1140625
0 0.03984375 0.1609375 0.025 0.025
0 0.10546875 0.4734375 0.0265625 0.0265625
0 0.6390625 0.42421875 0.0265625 0.0265625
0 0.2875 0.4125 0.0359375 0.0359375
0 0.31875 0.39296875 0.0546875 0.05625
0 0.259375 0.38125 0.0515625 0.0515625
0 0.26328125 0.47109375 0.0875 0.0875
0 0.2703125 0.5515625 0.0265625 0.0265625
0 0.1828125 0.50703125 0.071875 0.071875
0 0.29296875 0.725 0.040625 0.040625
0 0.334375 0.7296875 0.0453125 0.0453125
0 0.4640625 0.74609375 0.0671875 0.0671875
0 0.484375 0.83515625 0.0265625 0.0265625
0 0.49140625 0.87109375 0.071875 0.071875
0 0.32421875 0.81640625 0.053125 0.053125
0 0.334375 0.85234375 0.0453125 0.0453125
0 0.35 0.98515625 0.028125 0.0296875
0 0.38671875 0.90390625 0.0390625 0.0390625
0 0.4328125 0.91015625 0.0453125 0.0453125
0 0.43125 0.94453125 0.034375 0.034375
0 0.3234375 0.92421875 0.0234375 0.025
0 0.3375 0.89921875 0.0390625 0.0390625
0 0.36171875 0.8796875 0.0328125 0.034375
0 0.578125 0.82109375 0.0921875 0.0921875
0 0.4953125 0.95703125 0.0828125 0.0828125
0 0.07421875 0.93984375 0.0484375 0.0484375
0 0.78359375 0.9734375 0.03125 0.03125
0 0.7140625 0.88203125 0.040625 0.040625
0 0.62109375 0.7984375 0.0296875 0.028125
0 0.6515625 0.853125 0.0484375 0.0484375
0 0.5875 0.9421875 0.04375 0.04375
0 0.6859375 0.9328125 0.03125 0.03125
0 0.790625 0.1390625 0.0265625 0.0265625
0 0.7796875 0.17578125 0.0578125 0.0578125
0 0.7453125 0.16484375 0.0359375 0.0359375
0 0.69140625 0.21875 0.034375 0.034375
0 0.4953125 0.31015625 0.034375 0.0328125
0 0.61171875 0.31640625 0.040625 0.040625
0 0.22578125 0.1296875 0.16875 0.16875
0 0.48671875 0.34609375 0.0265625 0.0265625
0 0.11171875 0.828125 0.0265625 0.0265625
0 0.334375 0.5625 0.0609375 0.0609375
0 0.27265625 0.55546875 0.0765625 0.0765625
0 0.6515625 0.9 0.0984375 0.096875
0 0.6734375 0.79921875 0.0765625 0.0765625
0 0.5171875 0.4015625 0.0390625 0.0390625
0 0.7796875 0.521875 0.0578125 0.0578125
0 0.728125 0.55859375 0.0390625 0.0390625
0 0.83046875 0.4796875 0.0296875 0.0296875
0 0.5828125 0.69921875 0.0265625 0.0265625