0 0.0015625 0.0015625 0.003125 0.003125
0 0.053125 0.0828125 0.0453125 0.04375
0 0.33515625 0.10703125 0.0390625 0.0390625
0 0.740625 0.0265625 0.028125 0.0296875
0 0.725 0.06015625 0.0484375 0.0484375
0 0.69375 0.046875 0.0265625 0.025
0 0.4515625 0.1265625 0.0265625 0.0265625
0 0.44609375 0.16015625 0.0484375 0.0484375
0 0.40625 0.18125 0.025 0.025
0 0.43515625 0.19921875 0.0296875 0.0265625
0 0.84375 0.1078125 0.0359375 0.034375
0 0.77734375 0.10234375 0.0265625 0.0265625
0 0.91015625 0.11640625 0.040625 0.040625
0 0.7671875 0.24375 0.0515625 0.0484375
0 0.6078125 0.24140625 0.04375 0.04375
0 0.6 0.20546875 0.0359375 0.0359375
0 0.53359375 0.2078125 0.0359375 0.0359375
0 0.2359375 0.3015625 0.0484375 0.0484375
0 0.0140625 0.315625 0.028125 0.0375
0 0.37265625 0.3421875 0.0625 0.0625
0 0.4546875 0.34140625 0.040625 0.040625
0 0.5640625 0.3109375 0.05625 0.053125
0 0.68515625 0.478125 0.034375 0.034375
0 0.62890625 0.49140625 0.0359375 0.0359375
0 0.7984375 0.421875 0.0265625 0.0265625
0 0.8609375 0.478125 0.03125 0.03125
0 0.81953125 0.48671875 0.0453125 0.0453125
0 0.87265625 0.43515625 0.04375 0.04375
0 0.86640625 0.31484375 0.1375 0.1375
0 0.52265625 0.109375 0.040625 0.0390625
0 0.9640625 0.609375 0.0296875 0.0296875
0 0.9 0.62265625 0.034375 0.034375
0 0.86171875 0.625 0.0359375 0.0359375
0 0.8640625 0.584375 0.034375 0.03125
0 0.834375 0.58203125 0.0359375 0.034375
0 0.7609375 0.6625 0.065625 0.0625
0 0.78125 0.61640625 0.04375 0.04375
0 0.8578125 0.51171875 0.0296875 0.0296875
0 0.4890625 0.4171875 0.0625 0.0609375
0 0.66953125 0.32109375 0.03125 0.03125
0 0.58046875 0.6578125 0.0265625 0.0265625
0 0.56015625 0.79921875 0.0265625 0.025
0 0.490625 0.7953125 0.025 0.025
0 0.48828125 0.8953125 0.034375 0.034375
0 0.90859375 0.89296875 0.0265625 0.025
0 0.97109375 0.82109375 0.025 0.025
0 0.8546875 0.97265625 0.025 0.025
0 0.72109375 0.93359375 0.09375 0.0921875
0 0.665625 0.984375 0.034375 0.03125
0 0.771875 0.88125 0.04375 0.04375
0 0.78984375 0.85078125 0.034375 0.034375
0 0.790625 0.81875 0.0265625 0.0265625
0 0.7328125 0.8328125 0.0265625 0.0265625
0 0.696875 0.85234375 0.0265625 0.0265625
0 0.53984375 0.93515625 0.0265625 0.0265625
0 0.4859375 0.95078125 0.04375 0.04375
0 0.46171875 0.97265625 0.04375 0.04375
0 0.5796875 0.9375 0.040625 0.040625
0 0.4375 0.5984375 0.0359375 0.034375
0 0.4109375 0.5734375 0.0296875 0.028125
0 0.32421875 0.67578125 0.034375 0.03125
0 0.3796875 0.884375 0.0296875 0.0296875
0 0.02265625 0.96875 0.0265625 0.025
0 0.2921875 0.30546875 0.0765625 0.075
0 0.36171875 0.2859375 0.03125 0.03125
0 0.34375 0.30546875 0.03125 0.03125
0 0.02421875 0.38203125 0.0265625 0.0265625
0 0.06640625 0.6765625 0.0265625 0.0265625