0 0.0015625 0.0015625 0.0015625 0.0015625
0 0.9578125 0.759375 0.053125 0.053125
0 0.84140625 0.80546875 0.0578125 0.05625
0 0.8171875 0.83515625 0.0265625 0.025
0 0.7984375 0.85078125 0.03125 0.0296875
0 0.80078125 0.9 0.0796875 0.0765625
0 0.8703125 0.94453125 0.0359375 0.0359375
0 0.8390625 0.9703125 0.034375 0.034375
0 0.7984375 0.99140625 0.0265625 0.0171875
0 0.88125 0.89765625 0.040625 0.0390625
0 0.8796875 0.8453125 0.034375 0.03125
0 0.859375 0.8609375 0.0453125 0.04375
0 0.81640625 0.7671875 0.053125 0.0515625
0 0.71171875 0.7921875 0.0390625 0.0390625
0 0.7609375 0.81015625 0.084375 0.0828125
0 0.83203125 0.64453125 0.0265625 0.025
0 0.83046875 0.66328125 0.0265625 0.0265625
0 0.78515625 0.68359375 0.040625 0.040625
0 0.775 0.7125 0.028125 0.028125
0 0.74375 0.68046875 0.034375 0.03125
0 0.98203125 0.5578125 0.0265625 0.0265625
0 0.93125 0.47109375 0.0265625 0.0265625
0 0.88671875 0.4375 0.0359375 0.0359375
0 0.853125 0.453125 0.0359375 0.034375
0 0.80546875 0.44375 0.084375 0.0828125
0 0.7640625 0.51953125 0.04375 0.04375
0 0.68984375 0.47109375 0.053125 0.053125
0 0.67421875 0.490625 0.03125 0.028125
0 0.69453125 0.51953125 0.04375 0.040625
0 0.64765625 0.4390625 0.0578125 0.05625
0 0.61328125 0.60234375 0.034375 0.03125
0 0.7015625 0.7015625 0.0796875 0.0765625
0 0.60546875 0.66328125 0.040625 0.040625
0 0.4421875 0.6140625 0.04375 0.04375
0 0.40859375 0.64921875 0.0515625 0.0484375
0 0.38671875 0.68984375 0.0296875 0.028125
0 0.3640625 0.75625 0.0359375 0.0359375
0 0.47578125 0.61171875 0.1015625 0.096875
0 0.4625 0.65859375 0.053125 0.0515625
0 0.4203125 0.69609375 0.0296875 0.028125
0 0.4484375 0.71640625 0.03125 0.028125
0 0.48671875 0.7125 0.028125 0.028125
0 0.47109375 0.7390625 0.034375 0.03125
0 0.49375 0.81953125 0.0296875 0.0296875
0 0.3125 0.66796875 0.0296875 0.0296875
0 0.3890625 0.56640625 0.034375 0.034375
0 0.359375 0.6203125 0.0296875 0.028125
0 0.32109375 0.61796875 0.0296875 0.0265625
0 0.4375 0.42421875 0.0296875 0.0265625
0 0.31484375 0.4625 0.03125 0.03125
0 0.2921875 0.4953125 0.0296875 0.0265625
0 0.28359375 0.525 0.0328125 0.03125
0 0.2640625 0.56953125 0.0578125 0.0546875
0 0.17890625 0.546875 0.0609375 0.0578125
0 0.1890625 0.59140625 0.034375 0.03125
0 0.1515625 0.50859375 0.0296875 0.0296875
0 0.25234375 0.4484375 0.0390625 0.0359375
0 0.25390625 0.38828125 0.040625 0.0390625
0 0.21171875 0.415625 0.0296875 0.0296875
0 0.14453125 0.4328125 0.025 0.025
0 0.0890625 0.51171875 0.0265625 0.025
0 0.06875 0.52265625 0.0265625 0.0265625
0 0.07109375 0.546875 0.0296875 0.0296875
0 0.0609375 0.57109375 0.0296875 0.0265625
0 0.02890625 0.52734375 0.0578125 0.0796875
0 0.0875 0.59375 0.03125 0.0296875
0 0.2671875 0.725 0.0296875 0.0265625
0 0.70078125 0.9078125 0.0359375 0.034375
0 0.68984375 0.94453125 0.0515625 0.0484375
0 0.5921875 0.96171875 0.034375 0.03125
0 0.54453125 0.971875 0.0609375 0.05625
0 0.55078125 0.93125 0.04375 0.040625
0 0.23203125 0.87265625 0.0515625 0.0515625
0 0.00078125 0.00234375 0.0015625 0.0015625
0 0.3859375 0.90625 0.040625 0.0390625
0 0.546875 0.6828125 0.0515625 0.0515625
0 0.1046875 0.8390625 0.034375 0.03125
0 0.07578125 0.8265625 0.0359375 0.034375
0 0.00703125 0.82421875 0.0140625 0.025
0 0.0765625 0.328125 0.025 0.025
0 0.23671875 0.32578125 0.0296875 0.0265625
0 0.2328125 0.3609375 0.025 0.0234375
0 0.06953125 0.1671875 0.0578125 0.05625
0 0.1515625 0.0875 0.03125 0.0296875
0 0.08515625 0.103125 0.05625 0.053125
0 0.25625 0.2453125 0.0328125 0.03125
0 0.2640625 0.2765625 0.0296875 0.0265625
0 0.25390625 0.29453125 0.0265625 0.0234375
0 0.4890625 0.05625 0.0453125 0.04375
0 0.540625 0.03359375 0.0390625 0.0359375
0 0.5484375 0.07578125 0.0765625 0.075
0 0.5265625 0.125 0.0390625 0.0359375
0 0.4578125 0.13671875 0.03125 0.0296875
0 0.47734375 0.2125 0.09375 0.0921875
0 0.43984375 0.29921875 0.0390625 0.0390625
0 0.37265625 0.2859375 0.0328125 0.03125
0 0.5421875 0.28359375 0.103125 0.1015625
0 0.5203125 0.36328125 0.0359375 0.034375
0 0.61875 0.475 0.053125 0.0515625
0 0.740625 0.2296875 0.034375 0.03125
0 0.72109375 0.2015625 0.0453125 0.0453125
0 0.80390625 0.23203125 0.1015625 0.0984375
0 0.33515625 0.15 0.0265625 0.0265625
0 0.3703125 0.18359375 0.0296875 0.0296875
0 0.23203125 0.1234375 0.03125 0.0296875
0 0.2140625 0.09375 0.034375 0.03125
0 0.79453125 0.02890625 0.034375 0.034375