0 0.02734375 0.865625 0.0546875 0.053125
0 0.540625 0.74296875 0.03125 0.028125
0 0.70078125 0.9 0.028125 0.025
0 0.74765625 0.9546875 0.03125 0.0296875
0 0.56015625 0.91015625 0.0703125 0.0625
0 0.4640625 0.93515625 0.071875 0.0625
0 0.38125 0.90390625 0.0328125 0.0296875
0 0.4015625 0.9125 0.05625 0.0484375
0 0.1 0.978125 0.034375 0.0296875
0 0.0328125 0.94375 0.0359375 0.03125
0 0.04453125 0.771875 0.034375 0.028125
0 0.38828125 0.796875 0.0359375 0.03125
0 0.43515625 0.7546875 0.0390625 0.034375
0 0.50625 0.8296875 0.0359375 0.03125
0 0.1734375 0.84140625 0.1109375 0.0984375
0 0.21171875 0.95546875 0.0375 0.034375
0 0.66015625 0.29453125 0.0765625 0.0671875
0 0.8125 0.415625 0.0359375 0.03125
0 0.68125 0.4953125 0.053125 0.0453125
0 0.44140625 0.3453125 0.05625 0.0484375
0 0.38125 0.359375 0.0453125 0.040625
0 0.32421875 0.3640625 0.0390625 0.034375
0 0.4671875 0.40390625 0.0296875 0.0265625
0 0.59765625 0.30078125 0.0515625 0.04375
0 0.28828125 0.58671875 0.040625 0.0359375
0 0.3265625 0.5828125 0.04375 0.0390625
0 0.31875 0.6078125 0.03125 0.028125
0 0.25 0.6 0.040625 0.034375
0 0.1046875 0.47109375 0.03125 0.0296875
0 0.21640625 0.3484375 0.0390625 0.034375
0 0.0984375 0.5953125 0.034375 0.028125
0 0.234375 0.5515625 0.1765625 0.1546875
0 0.2125 0.3703125 0.040625 0.0359375
0 0.16484375 0.4234375 0.0578125 0.0515625
0 0.17578125 0.0796875 0.084375 0.075
0 0.59140625 0.0421875 0.15 0.084375
0 0.33515625 0.1421875 0.0453125 0.0390625
0 0.41484375 0.16796875 0.15625 0.134375
0 0.3796875 0.6515625 0.1859375 0.1609375
0 0.178125 0.9265625 0.0390625 0.034375
0 0.2921875 0.93984375 0.040625 0.0359375
0 0.3234375 0.928125 0.0484375 0.04375
0 0.13125 0.69453125 0.034375 0.028125
0 0.0984375 0.67421875 0.0390625 0.034375
0 0.22578125 0.63828125 0.034375 0.028125
0 0.4796875 0.25390625 0.034375 0.0296875
0 0.44375 0.3859375 0.4078125 0.35625
0 0.678125 0.709375 0.0515625 0.0453125
0 0.79453125 0.6984375 0.034375 0.028125
0 0.6421875 0.7640625 0.0890625 0.0765625
0 0.49765625 0.73671875 0.0453125 0.0390625
0 0.56875 0.73046875 0.0453125 0.0390625
0 0.72578125 0.2828125 0.0484375 0.040625
0 0.803125 0.15390625 0.05625 0.0484375
0 0.5484375 0.20546875 0.1109375 0.096875
0 0.2203125 0.453125 0.065625 0.0578125
0 0.7359375 0.74375 0.0765625 0.0671875
0 0.69609375 0.66953125 0.040625 0.0359375
0 0.09140625 0.78984375 0.0765625 0.0671875
0 0.459375 0.040625 0.128125 0.08125