0 0.1265625 0.14296875 0.2515625 0.2859375
0 0.5875 0.2296875 0.5625 0.459375
0 0.125 0.61875 0.034375 0.03125
0 0.22734375 0.57109375 0.034375 0.03125
0 0.28515625 0.5421875 0.0515625 0.0484375
0 0.25234375 0.57109375 0.04375 0.040625
0 0.27734375 0.59375 0.040625 0.0390625
0 0.30078125 0.61796875 0.0359375 0.034375
0 0.1234375 0.84609375 0.0515625 0.0484375
0 0.3609375 0.9578125 0.0453125 0.04375
0 0.37109375 0.8953125 0.0265625 0.0265625
0 0.61171875 0.9484375 0.0265625 0.0265625
0 0.578125 0.90390625 0.0671875 0.0625
0 0.396875 0.8484375 0.03125 0.0296875
0 0.22265625 0.94609375 0.0390625 0.0359375
0 0.41484375 0.80625 0.0296875 0.0265625
0 0.44609375 0.83203125 0.0578125 0.05625
0 0.49140625 0.6046875 0.05625 0.053125
0 0.4125 0.59375 0.0296875 0.0265625
0 0.57578125 0.53828125 0.03125 0.03125
0 0.58984375 0.57109375 0.0484375 0.0484375
0 0.50625 0.51328125 0.0265625 0.025
0 0.53828125 0.540625 0.0359375 0.034375
0 0.5453125 0.56484375 0.034375 0.034375
0 0.70078125 0.8125 0.165625 0.1609375
0 0.75625 0.7125 0.1421875 0.134375
0 0.709375 0.9171875 0.16875 0.1609375
0 0.82109375 0.94921875 0.034375 0.03125
0 0.9046875 0.91015625 0.0578125 0.05625
0 0.9875 0.63046875 0.025 0.0328125
0 0.94375 0.665625 0.04375 0.040625
0 0.89296875 0.625 0.034375 0.034375
0 0.92578125 0.41328125 0.03125 0.03125
0 0.74375 0.46484375 0.0484375 0.0453125
0 0.9671875 0.103125 0.0296875 0.0265625
0 0.81015625 0.03359375 0.0265625 0.025
0 0.74375 0.30078125 0.040625 0.0390625
0 0.62265625 0.22109375 0.0453125 0.04375
0 0.59609375 0.26953125 0.03125 0.03125
0 0.60078125 0.2921875 0.0390625 0.0359375
0 0.5046875 0.24765625 0.0265625 0.025
0 0.5375 0.0171875 0.04375 0.034375
0 0.6734375 0.103125 0.0453125 0.04375
0 0.74140625 0.1234375 0.096875 0.090625
0 0.21875 0.18125 0.209375 0.2
0 0.24765625 0.2953125 0.0296875 0.0296875
0 0.09765625 0.30390625 0.0390625 0.0390625
0 0.1046875 0.3328125 0.040625 0.0390625
0 0.03984375 0.18984375 0.0484375 0.0453125
0 0.11171875 0.03984375 0.1296875 0.0796875
0 0.4203125 0.359375 0.103125 0.0984375
0 0.13203125 0.3890625 0.0453125 0.04375
0 0.1546875 0.41796875 0.0484375 0.0453125
0 0.040625 0.4640625 0.0359375 0.0359375
0 0.0171875 0.53125 0.0265625 0.0265625
0 0.03359375 0.37109375 0.0296875 0.0265625
0 0.08046875 0.36328125 0.034375 0.03125
0 0.09375 0.7359375 0.0484375 0.0453125