0 0.97578125 0.84609375 0.0359375 0.0296875
0 0.8296875 0.86171875 0.0578125 0.0453125
0 0.89296875 0.8890625 0.034375 0.0265625
0 0.7640625 0.77890625 0.0453125 0.0359375
0 0.4375 0.7828125 0.1203125 0.096875
0 0.37734375 0.7484375 0.09375 0.075
0 0.421875 0.68125 0.04375 0.034375
0 0.47265625 0.89921875 0.0359375 0.0296875
0 0.6046875 0.85546875 0.1203125 0.096875
0 0.9625 0.75703125 0.0390625 0.03125
0 0.9625 0.6671875 0.03125 0.0265625
0 0.9390625 0.6625 0.0671875 0.053125
0 0.93125 0.61875 0.053125 0.04375
0 0.69375 0.6765625 0.04375 0.034375
0 0.71484375 0.7546875 0.053125 0.040625
0 0.96875 0.578125 0.0625 0.05625
0 0.19375 0.89296875 0.159375 0.128125
0 0.3484375 0.6296875 0.0609375 0.0484375
0 0.328125 0.65234375 0.0609375 0.0484375
0 0.115625 0.6109375 0.0671875 0.053125
0 0.046875 0.55625 0.09375 0.096875
0 0.06875 0.4484375 0.1375 0.1453125
0 0.20703125 0.9890625 0.0390625 0.021875
0 0.240625 0.97265625 0.05625 0.04375
0 0.0171875 0.1265625 0.034375 0.03125
0 0.390625 0.16328125 0.315625 0.25
0 0.52421875 0.31484375 0.0515625 0.040625
0 0.54453125 0.3546875 0.04375 0.0359375
0 0.64453125 0.3765625 0.05625 0.04375
0 0.56875 0.4234375 0.04375 0.0359375
0 0.49140625 0.4796875 0.0359375 0.0296875
0 0.478125 0.38359375 0.1109375 0.0890625
0 0.4796875 0.046875 0.03125 0.025
0 0.48203125 0.01796875 0.0578125 0.0359375
0 0.5484375 0.07421875 0.075 0.0578125
0 0.59609375 0.12109375 0.0625 0.0515625
0 0.62734375 0.06875 0.071875 0.0578125
0 0.77265625 0.14765625 0.0453125 0.0359375
0 0.709375 0.15859375 0.04375 0.0359375
0 0.64765625 0.14296875 0.0515625 0.040625
0 0.61171875 0.1671875 0.0828125 0.0640625
0 0.5640625 0.19453125 0.04375 0.034375
0 0.10078125 0.25625 0.040625 0.0328125
0 0.54609375 0.01171875 0.0484375 0.0234375
0 0.59375 0.46015625 0.0484375 0.0390625
0 0.38125 0.49609375 0.0796875 0.0625
0 0.77734375 0.53125 0.0578125 0.0453125
0 0.9390625 0.396875 0.0984375 0.0796875
0 0.86875 0.44375 0.0828125 0.065625
0 0.8578125 0.2234375 0.071875 0.0578125
0 0.87734375 0.5109375 0.065625 0.0515625
0 0.7828125 0.446875 0.0890625 0.071875
0 0.5984375 0.525 0.0578125 0.0453125
0 0.9390625 0.2828125 0.0703125 0.0546875
0 0.86171875 0.3140625 0.0359375 0.0296875