0 0.43359375 0.07578125 0.2546875 0.1515625
0 0.7078125 0.071875 0.04375 0.040625
0 0.1671875 0.27265625 0.0265625 0.0265625
0 0.240625 0.30859375 0.0265625 0.0265625
0 0.3078125 0.2609375 0.0296875 0.0265625
0 0.328125 0.365625 0.0359375 0.0328125
0 0.36328125 0.2453125 0.0296875 0.0296875
0 0.4421875 0.2703125 0.034375 0.03125
0 0.56953125 0.353125 0.0578125 0.0546875
0 0.609375 0.37265625 0.03125 0.03125
0 0.5671875 0.1203125 0.03125 0.0296875
0 0.77734375 0.30546875 0.04375 0.040625
0 0.84765625 0.4 0.034375 0.03125
0 0.875 0.3140625 0.053125 0.0515625
0 0.8953125 0.2015625 0.04375 0.04375
0 0.68125 0.03828125 0.0265625 0.0234375
0 0.9578125 0.42890625 0.0390625 0.0359375
0 0.9796875 0.44921875 0.0296875 0.0296875
0 0.9203125 0.4109375 0.03125 0.0296875
0 0.8109375 0.45703125 0.0296875 0.0296875
0 0.8109375 0.47734375 0.034375 0.03125
0 0.80859375 0.64453125 0.0265625 0.025
0 0.7984375 0.76953125 0.0484375 0.0453125
0 0.859375 0.978125 0.0484375 0.04375
0 0.725 0.65625 0.03125 0.03125
0 0.64453125 0.52890625 0.0296875 0.0265625
0 0.66328125 0.5625 0.034375 0.03125
0 0.72109375 0.41328125 0.053125 0.0515625
0 0.3546875 0.70078125 0.0453125 0.04375
0 0.571875 0.734375 0.028125 0.0296875
0 0.63203125 0.7859375 0.0390625 0.0359375
0 0.625 0.8171875 0.0265625 0.0265625
0 0.61796875 0.83515625 0.028125 0.0265625
0 0.69453125 0.7921875 0.0625 0.059375
0 0.3890625 0.54453125 0.034375 0.034375
0 0.2875 0.4171875 0.0296875 0.0265625
0 0.21484375 0.421875 0.0265625 0.0265625
0 0.18515625 0.46171875 0.03125 0.0296875
0 0.29921875 0.76328125 0.0390625 0.0359375
0 0.26953125 0.828125 0.0265625 0.025
0 0.31015625 0.8859375 0.0515625 0.0484375
0 0.2671875 0.92421875 0.03125 0.0296875
0 0.33515625 0.96640625 0.053125 0.0515625
0 0.584375 0.8703125 0.0265625 0.025
0 0.0671875 0.9078125 0.0296875 0.0265625
0 0.0171875 0.89921875 0.034375 0.04375
0 0.0109375 0.8328125 0.021875 0.0296875
0 0.115625 0.8484375 0.0375 0.0359375
0 0.20703125 0.85 0.040625 0.040625
0 0.19140625 0.82578125 0.034375 0.034375
0 0.18984375 0.78125 0.03125 0.0296875
0 0.1515625 0.69140625 0.03125 0.0296875
0 0.01328125 0.71171875 0.0265625 0.03125
0 0.0875 0.6078125 0.175 0.21875
0 0.72265625 0.8375 0.04375 0.04375
0 0.59140625 0.80546875 0.0265625 0.025
0 0.1671875 0.89765625 0.0296875 0.0296875
0 0.0296875 0.95078125 0.0265625 0.0265625
0 0.63203125 0.70546875 0.0265625 0.0265625
0 0.0875 0.38125 0.0484375 0.0453125