0 0.80546875 0.0296875 0.03125 0.03125
0 0.6734375 0.02421875 0.03125 0.0296875
0 0.62734375 0.21171875 0.0265625 0.0265625
0 0.375 0.15234375 0.0265625 0.025
0 0.38359375 0.35234375 0.0296875 0.0265625
0 0.17421875 0.4265625 0.040625 0.0390625
0 0.1390625 0.4390625 0.040625 0.0390625
0 0.0109375 0.2234375 0.021875 0.0359375
0 0.08671875 0.15859375 0.0265625 0.025
0 0.11171875 0.18359375 0.0265625 0.0265625
0 0.01328125 0.03828125 0.0265625 0.0265625
0 0.09140625 0.0609375 0.0265625 0.0265625
0 0.10546875 0.89453125 0.034375 0.034375
0 0.0984375 0.9375 0.040625 0.0390625
0 0.18125 0.92578125 0.0796875 0.0765625
0 0.05546875 0.8015625 0.0296875 0.0296875
0 0.0171875 0.83203125 0.034375 0.0359375
0 0.16796875 0.82421875 0.05625 0.053125
0 0.415625 0.7828125 0.0390625 0.0359375
0 0.27890625 0.78515625 0.0515625 0.0515625
0 0.275 0.021875 0.053125 0.04375
0 0.1515625 0.021875 0.03125 0.03125
0 0.8234375 0.603125 0.0484375 0.0453125