0 0.23671875 0.4671875 0.35625 0.3484375
0 0.04921875 0.66015625 0.0453125 0.0453125
0 0.02890625 0.678125 0.0484375 0.0484375
0 0.39453125 0.6140625 0.040625 0.040625
0 0.415625 0.7046875 0.0296875 0.028125
0 0.4375 0.71171875 0.0359375 0.0359375
0 0.478125 0.9703125 0.034375 0.034375
0 0.56484375 0.9703125 0.05625 0.05625
0 0.62734375 0.93984375 0.034375 0.034375
0 0.65234375 0.9546875 0.03125 0.0296875
0 0.6734375 0.94453125 0.0359375 0.034375
0 0.68359375 0.928125 0.0265625 0.0265625
0 0.77890625 0.8328125 0.0359375 0.0359375
0 0.95078125 0.21875 0.0265625 0.0265625
0 0.625 0.2046875 0.0359375 0.0359375
0 0.3953125 0.234375 0.03125 0.0296875
0 0.4890625 0.4796875 0.0296875 0.0296875
0 0.58046875 0.18984375 0.028125 0.0296875
0 0.8703125 0.7046875 0.0265625 0.0265625
0 0.84375 0.7390625 0.0359375 0.0359375
0 0.86328125 0.7203125 0.0296875 0.028125
0 0.09375 0.0734375 0.0265625 0.0265625
0 0.92109375 0.940625 0.1265625 0.11875
0 0.87109375 0.8546875 0.0296875 0.0296875
0 0.771875 0.946875 0.028125 0.0296875
0 0.9890625 0.9859375 0.021875 0.0265625
0 0.32109375 0.74296875 0.034375 0.034375
0 0.31953125 0.71171875 0.0296875 0.028125
0 0.71015625 0.765625 0.04375 0.040625