0 0.0171875 0.1234375 0.034375 0.0359375
0 0.021875 0.1421875 0.0265625 0.0265625
0 0.05625 0.19921875 0.0390625 0.0359375
0 0.17890625 0.48671875 0.025 0.025
0 0.27421875 0.46171875 0.0296875 0.0265625
0 0.0765625 0.85546875 0.0484375 0.0453125
0 0.10703125 0.82421875 0.0296875 0.0296875
0 0.2296875 0.84375 0.2 0.1953125
0 0.18046875 0.9 0.0296875 0.0265625
0 0.1453125 0.75859375 0.040625 0.040625
0 0.390625 0.65390625 0.0296875 0.028125
0 0.44609375 0.78125 0.134375 0.1296875
0 0.40625 0.78984375 0.03125 0.03125
0 0.9015625 0.72265625 0.040625 0.040625
0 0.89296875 0.80078125 0.0984375 0.09375
0 0.9015625 0.571875 0.03125 0.028125
0 0.6203125 0.540625 0.0671875 0.0671875
0 0.62890625 0.475 0.1234375 0.11875
0 0.3609375 0.60703125 0.0359375 0.0359375
0 0.33515625 0.57109375 0.03125 0.03125
0 0.31875 0.6046875 0.03125 0.03125
0 0.20078125 0.56640625 0.2125 0.2046875
0 0.2953125 0.67890625 0.240625 0.2328125
0 0.81484375 0.4484375 0.0359375 0.0359375
0 0.45546875 0.225 0.0390625 0.0390625
0 0.4390625 0.115625 0.3734375 0.23125
0 0.73671875 0.10234375 0.21875 0.2046875
0 0.63203125 0.1625 0.215625 0.209375
0 0.59375 0.12265625 0.071875 0.0703125
0 0.22109375 0.1921875 0.0265625 0.0265625
0 0.06875 0.13125 0.0515625 0.0484375
0 0.1421875 0.22578125 0.0515625 0.0484375