0 0.35546875 0.02734375 0.05625 0.053125
0 0.834375 0.08984375 0.0265625 0.0265625
0 0.765625 0.08984375 0.03125 0.03125
0 0.68515625 0.12265625 0.121875 0.11875
0 0.26171875 0.1296875 0.0359375 0.034375
0 0.7875 0.24140625 0.0578125 0.0546875
0 0.86171875 0.2921875 0.04375 0.040625
0 0.4546875 0.2453125 0.0609375 0.0609375
0 0.26171875 0.30546875 0.03125 0.0296875
0 0.5328125 0.22578125 0.040625 0.0390625
0 0.05859375 0.74375 0.0765625 0.075
0 0.01171875 0.8671875 0.0234375 0.03125
0 0.25234375 0.4703125 0.0296875 0.0296875
0 0.1203125 0.55546875 0.034375 0.03125
0 0.15625 0.36875 0.075 0.0703125
0 0.20546875 0.2828125 0.115625 0.1109375
0 0.5203125 0.4953125 0.0578125 0.05625
0 0.55546875 0.4015625 0.03125 0.03125
0 0.525 0.359375 0.0265625 0.025
0 0.6890625 0.3953125 0.0890625 0.084375
0 0.6734375 0.640625 0.125 0.1203125
0 0.546875 0.6421875 0.0296875 0.0265625
0 0.19140625 0.85 0.0296875 0.0265625
0 0.31484375 0.2390625 0.0234375 0.025
0 0.61875 0.34609375 0.028125 0.0296875
0 0.91328125 0.5484375 0.0265625 0.025
0 0.9421875 0.65 0.0390625 0.0359375
0 0.97578125 0.69609375 0.0265625 0.0265625
0 0.915625 0.92890625 0.034375 0.03125
0 0.60546875 0.83671875 0.040625 0.040625
0 0.61328125 0.75703125 0.1140625 0.1078125
0 0.67890625 0.86328125 0.0546875 0.053125
0 0.90234375 0.8390625 0.05625 0.053125
0 0.725 0.95703125 0.03125 0.03125
0 0.71171875 0.978125 0.0359375 0.034375
0 0.759375 0.39453125 0.0453125 0.0453125
0 0.78125 0.59375 0.0390625 0.0390625
0 0.48046875 0.6578125 0.0890625 0.0875
0 0.9390625 0.40859375 0.0265625 0.025
0 0.03515625 0.5515625 0.0703125 0.10625
0 0.73203125 0.90234375 0.040625 0.040625