0 0.2046875 0.9265625 0.0453125 0.040625
0 0.2078125 0.859375 0.03125 0.0296875
0 0.13359375 0.75625 0.0359375 0.034375
0 0.05625 0.8078125 0.0578125 0.0515625
0 0.0265625 0.73046875 0.040625 0.0359375
0 0.67578125 0.921875 0.0265625 0.025
0 0.6890625 0.88828125 0.0515625 0.0453125
0 0.5828125 0.8859375 0.0671875 0.0625
0 0.44140625 0.765625 0.0296875 0.0265625
0 0.51328125 0.74765625 0.0265625 0.025
0 0.62265625 0.8265625 0.03125 0.0296875
0 0.69140625 0.81484375 0.0453125 0.040625
0 0.71484375 0.85 0.0390625 0.034375
0 0.6984375 0.859375 0.0625 0.05625
0 0.76171875 0.89765625 0.0625 0.05625
0 0.3296875 0.671875 0.0921875 0.084375
0 0.1390625 0.665625 0.03125 0.028125
0 0.225 0.5625 0.15 0.134375
0 0.1546875 0.58515625 0.0671875 0.059375
0 0.01953125 0.60703125 0.0390625 0.053125
0 0.44453125 0.52734375 0.0578125 0.053125
0 0.459375 0.55859375 0.0296875 0.0265625
0 0.28984375 0.43984375 0.1734375 0.15625
0 0.8109375 0.5 0.271875 0.2453125
0 0.5984375 0.3328125 0.1609375 0.146875
0 0.48828125 0.4203125 0.0265625 0.025
0 0.39921875 0.48828125 0.0359375 0.034375
0 0.7640625 0.57109375 0.05625 0.0515625
0 0.734375 0.61796875 0.0484375 0.04375
0 0.9 0.55625 0.0609375 0.05625
0 0.96171875 0.71484375 0.0296875 0.0265625
0 0.86875 0.353125 0.065625 0.0578125
0 0.91328125 0.634375 0.10625 0.096875
0 0.7140625 0.7078125 0.0390625 0.034375
0 0.609375 0.0640625 0.0296875 0.025
0 0.3140625 0.14921875 0.04375 0.0375
0 0.08671875 0.0171875 0.040625 0.034375
0 0.13359375 0.115625 0.03125 0.0296875
0 0.3015625 0.08203125 0.040625 0.0390625
0 0.25390625 0.18046875 0.0703125 0.0625
0 0.2078125 0.1765625 0.05625 0.0515625
0 0.25859375 0.2484375 0.10625 0.09375