0 0.8015625 0.86640625 0.025 0.025
0 0.80390625 0.8484375 0.0546875 0.05625
0 0.72109375 0.87109375 0.040625 0.040625
0 0.76796875 0.78828125 0.040625 0.040625
0 0.7984375 0.75390625 0.0265625 0.0265625
0 0.97265625 0.2296875 0.0296875 0.0296875
0 0.8078125 0.66796875 0.0453125 0.0453125
0 0.7453125 0.60234375 0.034375 0.034375
0 0.68125 0.6578125 0.0265625 0.0265625
0 0.7453125 0.50234375 0.0359375 0.0359375
0 0.9359375 0.36328125 0.034375 0.034375
0 0.66015625 0.321875 0.0359375 0.0359375
0 0.6703125 0.19453125 0.028125 0.0296875
0 0.53125 0.3859375 0.0296875 0.0296875
0 0.4390625 0.36328125 0.0265625 0.0265625
0 0.35546875 0.384375 0.0296875 0.0296875
0 0.46875 0.49609375 0.0265625 0.025
0 0.47109375 0.5640625 0.0265625 0.0265625
0 0.48203125 0.79921875 0.0296875 0.0296875
0 0.8734375 0.4375 0.025 0.025
0 0.14453125 0.9578125 0.040625 0.040625
0 0.06953125 0.9578125 0.0390625 0.0390625
0 0.0140625 0.89609375 0.028125 0.0515625
0 0.1828125 0.7703125 0.03125 0.03125
0 0.015625 0.52734375 0.03125 0.05625
0 0.15234375 0.53125 0.034375 0.034375
0 0.259375 0.19453125 0.025 0.025
0 0.13359375 0.2640625 0.05625 0.05625
0 0.10703125 0.2484375 0.053125 0.053125
0 0.43203125 0.0140625 0.0328125 0.028125
0 0.6140625 0.16484375 0.03125 0.03125
0 0.921875 0.015625 0.0359375 0.03125
0 0.25390625 0.98046875 0.0265625 0.0265625
0 0.9875 0.8765625 0.025 0.03125
0 0.9109375 0.72265625 0.034375 0.034375
0 0.2765625 0.50625 0.0359375 0.0359375
0 0.27421875 0.5328125 0.03125 0.028125
0 0.4015625 0.5453125 0.0296875 0.028125
0 0.48203125 0.5921875 0.0265625 0.0265625
0 0.271875 0.62109375 0.04375 0.04375
0 0.28515625 0.65625 0.034375 0.034375
0 0.37109375 0.73671875 0.0296875 0.028125
0 0.44609375 0.93984375 0.03125 0.0296875
0 0.0734375 0.5875 0.04375 0.04375
0 0.27421875 0.5953125 0.0265625 0.025
0 0.28125 0.57421875 0.0265625 0.0265625
0 0.37109375 0.6359375 0.025 0.0234375
0 0.07578125 0.83984375 0.028125 0.0296875
0 0.0296875 0.2453125 0.0296875 0.0296875
0 0.0484375 0.19921875 0.0265625 0.0265625
0 0.453125 0.09140625 0.034375 0.034375
0 0.78359375 0.11796875 0.0359375 0.0359375
0 0.928125 0.05546875 0.0296875 0.0296875
0 0.109375 0.9890625 0.0265625 0.021875
0 0.69609375 0.7453125 0.03125 0.03125
0 0.5796875 0.5625 0.025 0.025
0 0.0140625 0.2625 0.028125 0.03125
0 0.0109375 0.28359375 0.021875 0.0265625
0 0.771875 0.259375 0.0265625 0.0265625
0 0.84140625 0.33203125 0.0265625 0.0265625