0 0.0015625 0.0015625 0.003125 0.003125
0 0.06953125 0.83984375 0.1390625 0.18125
0 0.7515625 0.9625 0.090625 0.0703125
0 0.6625 0.93359375 0.0390625 0.0296875
0 0.39453125 0.953125 0.1234375 0.09375
0 0.1765625 0.9328125 0.16875 0.128125
0 0.49140625 0.98671875 0.034375 0.0265625
0 0.59765625 0.9875 0.0453125 0.025
0 0.90390625 0.9734375 0.0828125 0.053125
0 0.9015625 0.94375 0.071875 0.05625
0 0.8265625 0.959375 0.0578125 0.04375
0 0.88203125 0.87734375 0.065625 0.0515625
0 0.86640625 0.828125 0.0515625 0.0359375
0 0.7125 0.6578125 0.0484375 0.0359375
0 0.79453125 0.5515625 0.059375 0.0453125
0 0.553125 0.61796875 0.034375 0.0234375
0 0.6671875 0.7328125 0.1921875 0.1453125
0 0.5015625 0.80859375 0.1234375 0.09375
0 0.703125 0.4171875 0.128125 0.096875
0 0.41796875 0.3578125 0.03125 0.0234375
0 0.24375 0.26171875 0.0765625 0.0578125
0 0.3453125 0.19453125 0.0609375 0.0453125
0 0.0171875 0.54296875 0.034375 0.0515625
0 0.3390625 0.6984375 0.0671875 0.0515625
0 0.23203125 0.6265625 0.103125 0.0765625
0 0.39765625 0.796875 0.0625 0.0453125
0 0.33671875 0.7484375 0.065625 0.0515625
0 0.46015625 0.68046875 0.0671875 0.0515625
0 0.7609375 0.1046875 0.034375 0.0265625
0 0.6421875 0.09609375 0.0671875 0.0515625