0 0.34140625 0.76953125 0.225 0.1859375
0 0.08046875 0.125 0.0578125 0.0484375
0 0.15625 0.05859375 0.040625 0.034375
0 0.31640625 0.16015625 0.0453125 0.0390625
0 0.28125 0.2359375 0.0296875 0.025
0 0.15625 0.225 0.0359375 0.0296875
0 0.0734375 0.26796875 0.065625 0.053125
0 0.09609375 0.64921875 0.05625 0.0453125
0 0.09375 0.53984375 0.0453125 0.0390625
0 0.28828125 0.62265625 0.0390625 0.03125
0 0.3265625 0.6140625 0.0328125 0.028125
0 0.2328125 0.50390625 0.03125 0.025
0 0.171875 0.571875 0.03125 0.025
0 0.2453125 0.35 0.053125 0.04375
0 0.1828125 0.36875 0.0484375 0.0390625
0 0.1828125 0.41015625 0.0359375 0.0296875
0 0.18984375 0.2796875 0.0390625 0.03125
0 0.384375 0.265625 0.0359375 0.0296875
0 0.50625 0.4484375 0.0890625 0.071875
0 0.446875 0.51171875 0.084375 0.0671875
0 0.4625 0.59375 0.0515625 0.040625
0 0.44609375 0.6203125 0.0453125 0.0359375
0 0.52890625 0.52421875 0.03125 0.0265625
0 0.42578125 0.40625 0.0296875 0.025
0 0.90859375 0.39765625 0.075 0.0609375
0 0.77734375 0.3015625 0.053125 0.04375
0 0.921875 0.2671875 0.0484375 0.0390625
0 0.94609375 0.3140625 0.0484375 0.040625
0 0.37890625 0.11796875 0.034375 0.0296875
0 0.58671875 0.4484375 0.040625 0.034375
0 0.61796875 0.50625 0.03125 0.0265625
0 0.5609375 0.56640625 0.034375 0.0296875
0 0.67421875 0.53984375 0.034375 0.0265625
0 0.90390625 0.4890625 0.03125 0.0265625
0 0.8421875 0.1046875 0.128125 0.10625
0 0.97109375 0.765625 0.03125 0.0265625
0 0.7703125 0.8890625 0.1015625 0.0828125
0 0.8640625 0.74140625 0.0390625 0.03125
0 0.821875 0.75 0.03125 0.025
0 0.93359375 0.771875 0.040625 0.034375
0 0.9203125 0.7859375 0.0625 0.0515625
0 0.7515625 0.6875 0.0390625 0.03125
0 0.64453125 0.72578125 0.0453125 0.0390625
0 0.52890625 0.67890625 0.034375 0.028125
0 0.5515625 0.8640625 0.065625 0.053125
0 0.58984375 0.8390625 0.0359375 0.0296875
0 0.87109375 0.84765625 0.0484375 0.0390625
0 0.19609375 0.73671875 0.075 0.059375
0 0.1546875 0.75 0.0625 0.0515625
0 0.1921875 0.7828125 0.053125 0.04375
0 0.04921875 0.84609375 0.0984375 0.09375
0 0.02734375 0.0953125 0.0546875 0.0625
0 0.64921875 0.65859375 0.028125 0.025
0 0.06484375 0.77265625 0.03125 0.0265625