0 0.23671875 0.1703125 0.065625 0.053125
0 0.3640625 0.07109375 0.1140625 0.0921875
0 0.6984375 0.29453125 0.071875 0.0578125
0 0.634375 0.43515625 0.059375 0.0484375
0 0.5671875 0.1625 0.0796875 0.0625
0 0.5359375 0.1921875 0.0578125 0.0453125
0 0.13828125 0.26953125 0.03125 0.025
0 0.165625 0.33984375 0.2765625 0.2234375
0 0.27734375 0.84140625 0.05625 0.04375
0 0.1859375 0.8265625 0.0328125 0.0265625
0 0.5515625 0.515625 0.0484375 0.0390625
0 0.6359375 0.49609375 0.0359375 0.0296875
0 0.9125 0.54921875 0.05625 0.0453125
0 0.7234375 0.46484375 0.040625 0.03125
0 0.73203125 0.6703125 0.0453125 0.0359375
0 0.725 0.72265625 0.0453125 0.0359375
0 0.6578125 0.640625 0.034375 0.0265625
0 0.4125 0.7609375 0.040625 0.034375
0 0.725 0.1203125 0.034375 0.0296875
0 0.7234375 0.18515625 0.04375 0.034375
0 0.92421875 0.10078125 0.0796875 0.065625
0 0.8421875 0.2671875 0.0671875 0.053125
0 0.8171875 0.98515625 0.040625 0.0296875
0 0.6921875 0.7515625 0.03125 0.0265625
0 0.25 0.89453125 0.0671875 0.053125
0 0.28984375 0.63203125 0.125 0.1015625
0 0.1984375 0.7203125 0.040625 0.034375
0 0.29453125 0.76953125 0.0328125 0.0265625
0 0.29921875 0.80390625 0.0390625 0.03125
0 0.5 0.60703125 0.0828125 0.0671875
0 0.5140625 0.49296875 0.2046875 0.1640625
0 0.06875 0.24296875 0.0515625 0.040625