0 0.34765625 0.0109375 0.040625 0.021875
0 0.26328125 0.13671875 0.0359375 0.03125
0 0.0796875 0.12265625 0.0359375 0.03125
0 0.09375 0.14921875 0.0296875 0.025
0 0.28359375 0.0734375 0.1140625 0.1015625
0 0.19140625 0.65 0.0625 0.05625
0 0.2171875 0.75 0.04375 0.0390625
0 0.19921875 0.34609375 0.034375 0.03125
0 0.3421875 0.353125 0.0609375 0.053125
0 0.290625 0.39296875 0.0296875 0.025
0 0.20546875 0.4984375 0.0328125 0.028125
0 0.44921875 0.240625 0.0921875 0.0796875
0 0.3859375 0.24609375 0.0359375 0.03125
0 0.41953125 0.328125 0.03125 0.0265625
0 0.640625 0.28515625 0.0484375 0.040625
0 0.7671875 0.31640625 0.028125 0.0265625
0 0.62890625 0.37265625 0.0625 0.0546875
0 0.7234375 0.525 0.0359375 0.034375
0 0.7171875 0.5 0.0390625 0.0359375
0 0.70078125 0.478125 0.028125 0.025
0 0.3421875 0.5015625 0.03125 0.0265625
0 0.50234375 0.6109375 0.04375 0.0390625
0 0.4015625 0.6765625 0.034375 0.03125
0 0.69140625 0.7296875 0.03125 0.0265625
0 0.88671875 0.7078125 0.0515625 0.04375
0 0.8125 0.625 0.03125 0.0265625
0 0.69921875 0.80078125 0.03125 0.0265625
0 0.0484375 0.875 0.0328125 0.0296875
0 0.7171875 0.9578125 0.03125 0.0265625
0 0.859375 0.94140625 0.040625 0.0359375
0 0.87890625 0.97265625 0.034375 0.0296875
0 0.9890625 0.9046875 0.021875 0.0265625
0 0.8921875 0.3375 0.178125 0.15625
0 0.0203125 0.91484375 0.040625 0.0453125
0 0.38359375 0.34140625 0.0265625 0.0234375