0 0.93515625 0.0453125 0.025 0.025
0 0.5265625 0.14453125 0.0359375 0.0359375
0 0.521875 0.09609375 0.0359375 0.0359375
0 0.5515625 0.03125 0.028125 0.0296875
0 0.47109375 0.13828125 0.0484375 0.0453125
0 0.47578125 0.21015625 0.0390625 0.0390625
0 0.446875 0.16796875 0.0296875 0.0296875
0 0.50703125 0.1703125 0.0390625 0.0390625
0 0.0765625 0.0953125 0.0265625 0.0265625
0 0.91015625 0.71484375 0.034375 0.03125
0 0.7859375 0.72265625 0.03125 0.03125
0 0.828125 0.60078125 0.0265625 0.0265625
0 0.6109375 0.27421875 0.059375 0.0578125
0 0.896875 0.6203125 0.03125 0.03125
0 0.93359375 0.63125 0.0359375 0.0359375
0 0.9640625 0.6421875 0.0296875 0.028125
0 0.95546875 0.915625 0.0703125 0.0671875
0 0.92890625 0.94453125 0.04375 0.040625
0 0.93515625 0.9828125 0.0359375 0.034375
0 0.96015625 0.9625 0.0265625 0.0265625
0 0.93359375 0.87109375 0.05625 0.05625
0 0.49296875 0.80859375 0.034375 0.03125
0 0.49609375 0.771875 0.0625 0.0609375
0 0.53984375 0.63125 0.0265625 0.0265625
0 0.49296875 0.65390625 0.0265625 0.025
0 0.59375 0.3703125 0.0359375 0.0359375
0 0.2359375 0.33046875 0.03125 0.03125
0 0.01953125 0.1671875 0.0390625 0.04375
0 0.11328125 0.3953125 0.0484375 0.0484375
0 0.19921875 0.665625 0.040625 0.0390625
0 0.24609375 0.709375 0.04375 0.04375
0 0.24765625 0.7609375 0.0609375 0.059375
0 0.11171875 0.5875 0.0578125 0.05625
0 0.39453125 0.41484375 0.1109375 0.1078125
0 0.4984375 0.4703125 0.0484375 0.0484375
0 0.6359375 0.55078125 0.04375 0.04375
0 0.06484375 0.61328125 0.0421875 0.04375
0 0.09765625 0.6625 0.0578125 0.05625
0 0.334375 0.9640625 0.0296875 0.0296875
0 0.00234375 0.00078125 0.0015625 0.0015625
0 0.9 0.65859375 0.04375 0.04375
0 0.94375 0.58671875 0.03125 0.03125
0 0.53984375 0.26953125 0.040625 0.0390625
0 0.13203125 0.45703125 0.0515625 0.0484375
0 0.6203125 0.4015625 0.0796875 0.0796875
0 0.8265625 0.384375 0.09375 0.0921875
0 0.65234375 0.63828125 0.0390625 0.0390625
0 0.603125 0.5828125 0.040625 0.040625
0 0.4109375 0.88671875 0.065625 0.0625
0 0.77734375 0.9125 0.0484375 0.0484375