0 0.0015625 0.00234375 0.0015625 0.0015625
0 0.1515625 0.015625 0.0453125 0.03125
0 0.0671875 0.021875 0.0546875 0.04375
0 0.16015625 0.03828125 0.075 0.065625
0 0.3125 0.1078125 0.03125 0.0265625
0 0.303125 0.1234375 0.0359375 0.03125
0 0.2484375 0.0984375 0.034375 0.0296875
0 0.4796875 0.3015625 0.0875 0.075
0 0.48671875 0.3484375 0.0890625 0.0765625
0 0.390625 0.3453125 0.0703125 0.0609375
0 0.1890625 0.225 0.0578125 0.0484375
0 0.078125 0.225 0.04375 0.0359375
0 0.12109375 0.265625 0.034375 0.0296875
0 0.140625 0.3125 0.0359375 0.03125
0 0.17890625 0.37265625 0.1140625 0.0984375
0 0.334375 0.16328125 0.0640625 0.05625
0 0.37734375 0.415625 0.0453125 0.0390625
0 0.4984375 0.415625 0.028125 0.025
0 0.57578125 0.39921875 0.05625 0.0484375
0 0.584375 0.28828125 0.053125 0.0453125
0 0.56953125 0.015625 0.0546875 0.03125
0 0.86640625 0.24609375 0.075 0.0625
0 0.86875 0.28125 0.0359375 0.03125
0 0.87265625 0.32421875 0.0515625 0.04375
0 0.921875 0.34765625 0.0390625 0.034375
0 0.9328125 0.32109375 0.0703125 0.0609375
0 0.96953125 0.396875 0.0609375 0.053125
0 0.821875 0.35546875 0.0296875 0.0265625
0 0.865625 0.453125 0.1453125 0.1234375
0 0.93125 0.5359375 0.0921875 0.0765625
0 0.5296875 0.54296875 0.0359375 0.03125
0 0.53125 0.6234375 0.075 0.0625
0 0.3765625 0.584375 0.071875 0.0625
0 0.33046875 0.625 0.0328125 0.0296875
0 0.51171875 0.49140625 0.075 0.065625
0 0.49375 0.52734375 0.040625 0.034375
0 0.35546875 0.4796875 0.0390625 0.034375
0 0.74765625 0.5890625 0.034375 0.028125
0 0.69453125 0.61328125 0.103125 0.0890625
0 0.64765625 0.25390625 0.034375 0.0296875
0 0.97421875 0.78984375 0.0515625 0.0453125
0 0.91796875 0.64921875 0.0625 0.053125
0 0.9375 0.7453125 0.040625 0.034375
0 0.8484375 0.7140625 0.034375 0.028125
0 0.70078125 0.7046875 0.053125 0.0453125
0 0.63125 0.71171875 0.075 0.0625
0 0.25 0.86171875 0.0671875 0.0578125
0 0.28515625 0.98671875 0.034375 0.0265625
0 0.24140625 0.9640625 0.053125 0.0453125
0 0.17578125 0.9046875 0.05625 0.0484375
0 0.3234375 0.69921875 0.0359375 0.03125
0 0.17421875 0.59140625 0.04375 0.0359375
0 0.24375 0.478125 0.0359375 0.03125
0 0.25703125 0.74765625 0.0671875 0.0578125
0 0.0296875 0.8828125 0.059375 0.05625
0 0.1578125 0.44609375 0.09375 0.0796875
0 0.24375 0.4078125 0.0515625 0.04375
0 0.4484375 0.42890625 0.0671875 0.0578125
0 0.4484375 0.2390625 0.1015625 0.0875
0 0.3296875 0.3921875 0.0609375 0.0515625
0 0.3796875 0.69921875 0.03125 0.0265625
0 0.65234375 0.66953125 0.0875 0.075
0 0.66328125 0.43515625 0.04375 0.0359375
0 0.421875 0.96484375 0.0703125 0.0609375
0 0.40234375 0.7515625 0.03125 0.0265625