0 0.959375 0.890625 0.0765625 0.071875
0 0.90859375 0.921875 0.0609375 0.05625
0 0.775 0.8453125 0.04375 0.040625
0 0.86640625 0.75 0.034375 0.034375
0 0.625 0.8140625 0.040625 0.0390625
0 0.7359375 0.84375 0.034375 0.03125
0 0.81953125 0.82109375 0.03125 0.0296875
0 0.81015625 0.7796875 0.03125 0.028125
0 0.85 0.78828125 0.0484375 0.0453125
0 0.85234375 0.60703125 0.0296875 0.028125
0 0.94375 0.51796875 0.0296875 0.0265625
0 0.83671875 0.34609375 0.0265625 0.0234375
0 0.775 0.28984375 0.028125 0.0265625
0 0.765625 0.3125 0.03125 0.0296875
0 0.7875 0.390625 0.03125 0.0296875
0 0.6203125 0.42578125 0.0359375 0.034375
0 0.703125 0.4640625 0.125 0.11875
0 0.65390625 0.3390625 0.04375 0.040625
0 0.6890625 0.32578125 0.028125 0.0265625
0 0.50390625 0.30546875 0.065625 0.0609375
0 0.45078125 0.3234375 0.034375 0.03125
0 0.54921875 0.34140625 0.1109375 0.103125
0 0.80859375 0.2671875 0.0390625 0.0359375
0 0.6625 0.21171875 0.040625 0.0375
0 0.6734375 0.08515625 0.040625 0.0390625
0 0.93046875 0.62734375 0.0671875 0.065625
0 0.4390625 0.40859375 0.0671875 0.0625
0 0.384375 0.43046875 0.075 0.0703125
0 0.3890625 0.1921875 0.04375 0.040625
0 0.3921875 0.259375 0.03125 0.0296875
0 0.13125 0.31640625 0.071875 0.0671875
0 0.1453125 0.1890625 0.0578125 0.053125
0 0.0421875 0.27265625 0.084375 0.0859375
0 0.11640625 0.265625 0.053125 0.0515625
0 0.2703125 0.12890625 0.0484375 0.0453125
0 0.19609375 0.15234375 0.0515625 0.0453125
0 0.071875 0.125 0.0578125 0.053125
0 0.046875 0.15234375 0.0265625 0.025
0 0.01953125 0.16328125 0.034375 0.03125
0 0.2296875 0.49765625 0.034375 0.034375
0 0.1046875 0.47578125 0.0390625 0.0359375
0 0.03125 0.4234375 0.0625 0.0671875
0 0.0640625 0.5953125 0.084375 0.0796875
0 0.08671875 0.5046875 0.03125 0.0296875
0 0.1203125 0.603125 0.0296875 0.0265625
0 0.021875 0.68125 0.04375 0.05625
0 0.02265625 0.63125 0.0453125 0.0625
0 0.02265625 0.021875 0.0359375 0.0328125
0 0.52265625 0.7765625 0.0265625 0.0234375
0 0.40234375 0.93046875 0.034375 0.03125
0 0.4046875 0.96875 0.03125 0.0296875
0 0.29453125 0.9421875 0.0484375 0.0453125
0 0.0734375 0.821875 0.0296875 0.0296875
0 0.4203125 0.74140625 0.096875 0.090625
0 0.13828125 0.75234375 0.0671875 0.065625
0 0.07578125 0.74609375 0.1203125 0.1140625
0 0.06640625 0.85234375 0.0390625 0.0359375
0 0.3390625 0.625 0.1109375 0.103125
0 0.30625 0.57109375 0.0796875 0.075
0 0.41796875 0.0890625 0.3703125 0.178125
0 0.22578125 0.10703125 0.0390625 0.0359375
0 0.84765625 0.1515625 0.2484375 0.23125
0 0.15234375 0.1203125 0.0578125 0.053125