0 0.7515625 0.0375 0.075 0.071875
0 0.928125 0.1828125 0.04375 0.040625
0 0.53515625 0.09609375 0.0265625 0.025
0 0.0109375 0.0109375 0.021875 0.021875
0 0.08046875 0.94921875 0.028125 0.0265625
0 0.0796875 0.1625 0.0578125 0.05625
0 0.13828125 0.1765625 0.053125 0.0515625
0 0.1546875 0.2828125 0.03125 0.03125
0 0.1703125 0.2546875 0.0453125 0.04375
0 0.0828125 0.3078125 0.0984375 0.09375
0 0.2828125 0.1421875 0.0609375 0.0578125
0 0.19921875 0.15 0.0515625 0.0484375
0 0.453125 0.52421875 0.03125 0.03125
0 0.490625 0.29921875 0.1015625 0.0984375
0 0.72109375 0.4390625 0.034375 0.03125
0 0.74296875 0.15859375 0.0578125 0.05625
0 0.70546875 0.21875 0.134375 0.1296875
0 0.796875 0.265625 0.040625 0.0390625
0 0.8796875 0.4328125 0.0296875 0.0296875
0 0.94453125 0.521875 0.0359375 0.034375
0 0.978125 0.490625 0.034375 0.03125
0 0.87109375 0.63359375 0.034375 0.03125
0 0.90859375 0.709375 0.034375 0.03125
0 0.96875 0.13203125 0.0265625 0.025
0 0.8328125 0.61171875 0.0265625 0.0265625
0 0.8125 0.6296875 0.0296875 0.028125
0 0.92578125 0.90625 0.0265625 0.0265625
0 0.68515625 0.93515625 0.040625 0.0390625
0 0.66953125 0.98046875 0.0359375 0.0359375
0 0.27734375 0.89453125 0.05625 0.053125
0 0.23671875 0.26171875 0.071875 0.0703125
0 0.3234375 0.3140625 0.0390625 0.0359375
0 0.8796875 0.86171875 0.0265625 0.025
0 0.42578125 0.53828125 0.8515625 0.8640625