0 0.0015625 0.0015625 0.003125 0.003125
0 0.7953125 0.74296875 0.0609375 0.04375
0 0.73671875 0.78359375 0.1078125 0.0765625
0 0.93515625 0.890625 0.034375 0.025
0 0.328125 0.915625 0.0609375 0.04375
0 0.42578125 0.83671875 0.0390625 0.0265625
0 0.021875 0.8578125 0.04375 0.040625
0 0.7953125 0.91328125 0.1296875 0.09375
0 0.17421875 0.93046875 0.10625 0.0765625
0 0.05859375 0.6671875 0.096875 0.0703125
0 0.02890625 0.68984375 0.0578125 0.0484375
0 0.0203125 0.60703125 0.040625 0.040625
0 0.21015625 0.5796875 0.0625 0.04375
0 0.0984375 0.5875 0.0609375 0.04375
0 0.4515625 0.5765625 0.0625 0.0453125
0 0.49296875 0.43359375 0.0390625 0.0265625
0 0.27421875 0.46875 0.0765625 0.05625
0 0.75390625 0.50390625 0.1328125 0.09375
0 0.5984375 0.46875 0.0625 0.04375
0 0.47109375 0.28984375 0.05625 0.0390625
0 0.49140625 0.05546875 0.0453125 0.034375
0 0.71015625 0.01796875 0.1015625 0.0359375
0 0.41328125 0.1703125 0.0359375 0.025
0 0.2640625 0.8390625 0.10625 0.0765625
0 0.78828125 0.57578125 0.053125 0.0359375
0 0.67890625 0.61640625 0.0359375 0.0265625
0 0.90390625 0.2640625 0.134375 0.0953125
0 0.77265625 0.33671875 0.1015625 0.071875
0 0.84609375 0.1875 0.0671875 0.0484375
0 0.8015625 0.20546875 0.05625 0.0390625
0 0.8640625 0.15859375 0.0453125 0.0328125
0 0.84609375 0.5109375 0.04375 0.03125
0 0.9171875 0.0984375 0.09375 0.0671875
0 0.19453125 0.13671875 0.1078125 0.0765625
0 0.89296875 0.3265625 0.1109375 0.0796875