0 0.0015625 0.00234375 0.0015625 0.0015625
0 0.02734375 0.90546875 0.0546875 0.0609375
0 0.890625 0.56953125 0.0265625 0.0234375
0 0.93984375 0.625 0.034375 0.03125
0 0.78125 0.17578125 0.0484375 0.04375
0 0.671875 0.32421875 0.034375 0.03125
0 0.71484375 0.41484375 0.0703125 0.065625
0 0.734375 0.47734375 0.075 0.0671875
0 0.5265625 0.5171875 0.1515625 0.1390625
0 0.5015625 0.69609375 0.0265625 0.0234375
0 0.3328125 0.290625 0.0265625 0.0265625
0 0.3578125 0.33203125 0.053125 0.0484375
0 0.0984375 0.49296875 0.1421875 0.1296875
0 0.0609375 0.44921875 0.121875 0.2046875
0 0.11875 0.134375 0.09375 0.0875
0 0.12265625 0.04921875 0.03125 0.0296875
0 0.2359375 0.0328125 0.0265625 0.0234375
0 0.303125 0.09375 0.0796875 0.071875
0 0.2484375 0.10703125 0.0609375 0.05625
0 0.3265625 0.053125 0.0578125 0.053125
0 0.44375 0.0421875 0.0296875 0.0265625
0 0.7234375 0.05390625 0.03125 0.028125
0 0.759375 0.046875 0.0453125 0.04375
0 0.77265625 0.13359375 0.0453125 0.040625
0 0.9203125 0.01953125 0.0296875 0.0265625
0 0.00390625 0.00390625 0.0078125 0.0078125