0 0.7953125 0.959375 0.09375 0.075
0 0.14453125 0.71015625 0.2890625 0.2546875
0 0.3703125 0.8734375 0.0671875 0.05625
0 0.35 0.91328125 0.0703125 0.0578125
0 0.0171875 0.884375 0.034375 0.04375
0 0.0140625 0.93046875 0.028125 0.0359375
0 0.01328125 0.30390625 0.0265625 0.0359375
0 0.1578125 0.41015625 0.0625 0.0515625
0 0.296875 0.359375 0.0484375 0.0390625
0 0.25859375 0.4421875 0.0484375 0.0390625
0 0.37265625 0.54296875 0.0359375 0.0296875
0 0.6609375 0.45703125 0.0578125 0.0453125
0 0.6875 0.2953125 0.0984375 0.0796875
0 0.6109375 0.26328125 0.0890625 0.071875
0 0.73828125 0.359375 0.11875 0.096875
0 0.640625 0.3484375 0.084375 0.0671875
0 0.06875 0.225 0.0453125 0.0359375
0 0.053125 0.34765625 0.096875 0.0796875
0 0.22265625 0.865625 0.0453125 0.0390625
0 0.75390625 0.8578125 0.125 0.1015625
0 0.6109375 0.93046875 0.0484375 0.0390625
0 0.85078125 0.7203125 0.0765625 0.0625
0 0.90234375 0.60078125 0.034375 0.0265625
0 0.771875 0.4734375 0.159375 0.128125
0 0.9578125 0.875 0.0484375 0.040625
0 0.9375 0.33046875 0.103125 0.084375
0 0.7921875 0.265625 0.128125 0.103125
0 0.953125 0.57109375 0.09375 0.075
0 0.8390625 0.53125 0.0765625 0.0625
0 0.8375 0.18515625 0.10625 0.084375
0 0.8390625 0.13125 0.0390625 0.03125
0 0.81875 0.1046875 0.0390625 0.03125
0 0.77265625 0.109375 0.0578125 0.0453125
0 0.615625 0.18046875 0.0765625 0.0625
0 0.61171875 0.21171875 0.053125 0.04375
0 0.5625 0.1609375 0.04375 0.0359375
0 0.94375 0.134375 0.0359375 0.0296875
0 0.09140625 0.21875 0.0671875 0.053125