0 0.1234375 0.8078125 0.246875 0.384375
0 0.86875 0.7515625 0.1328125 0.1109375
0 0.88671875 0.86875 0.0921875 0.0765625
0 0.73828125 0.83515625 0.034375 0.0296875
0 0.76171875 0.94453125 0.0296875 0.025
0 0.58515625 0.97578125 0.0359375 0.0296875
0 0.34609375 0.81953125 0.0453125 0.0390625
0 0.44609375 0.80546875 0.040625 0.0359375
0 0.0640625 0.97578125 0.0625 0.0484375
0 0.71640625 0.8703125 0.134375 0.1140625
0 0.39375 0.98515625 0.04375 0.0296875
0 0.57421875 0.76953125 0.10625 0.0890625
0 0.478125 0.75703125 0.0796875 0.0671875
0 0.39296875 0.68515625 0.1734375 0.1453125
0 0.634375 0.61875 0.2578125 0.215625
0 0.509375 0.58984375 0.1546875 0.128125
0 0.2234375 0.60703125 0.1296875 0.1109375
0 0.21484375 0.71640625 0.0359375 0.03125
0 0.06875 0.6296875 0.040625 0.0359375
0 0.01796875 0.64453125 0.0359375 0.040625
0 0.1765625 0.54921875 0.1625 0.1375
0 0.04453125 0.4421875 0.0890625 0.0765625
0 0.0484375 0.2234375 0.096875 0.09375
0 0.08046875 0.2953125 0.1609375 0.1453125
0 0.24296875 0.39765625 0.1015625 0.084375
0 0.30625 0.43984375 0.0765625 0.065625
0 0.234375 0.4515625 0.053125 0.04375
0 0.40390625 0.4328125 0.0828125 0.0671875
0 0.446875 0.4796875 0.09375 0.0796875
0 0.3703125 0.3921875 0.0453125 0.0390625
0 0.44921875 0.17578125 0.0578125 0.0484375
0 0.3421875 0.203125 0.16875 0.1421875
0 0.2296875 0.1 0.25 0.2
0 0.0765625 0.10546875 0.05625 0.0453125
0 0.04453125 0.06953125 0.075 0.0609375
0 0.203125 0.47265625 0.1140625 0.09375
0 0.53125 0.365625 0.10625 0.0875
0 0.59609375 0.4703125 0.125 0.10625
0 0.4734375 0.3140625 0.03125 0.0265625
0 0.41484375 0.28125 0.0359375 0.0296875
0 0.21640625 0.26328125 0.096875 0.0828125
0 0.709375 0.16796875 0.0359375 0.0296875
0 0.80859375 0.390625 0.075 0.0625
0 0.78828125 0.3484375 0.034375 0.0296875
0 0.6984375 0.38359375 0.071875 0.0609375
0 0.82578125 0.57578125 0.03125 0.0265625
0 0.8390625 0.5453125 0.090625 0.0765625
0 0.80546875 0.453125 0.04375 0.0359375
0 0.9359375 0.44609375 0.0484375 0.040625
0 0.946875 0.03515625 0.071875 0.0609375
0 0.96640625 0.25390625 0.0671875 0.0609375