0 0.44375 0.0265625 0.0453125 0.0453125
0 0.453125 0.08046875 0.0390625 0.0390625
0 0.0375 0.178125 0.025 0.025
0 0.0359375 0.20078125 0.03125 0.03125
0 0.01328125 0.2171875 0.0265625 0.040625
0 0.06640625 0.53515625 0.053125 0.053125
0 0.02734375 0.578125 0.040625 0.040625
0 0.01328125 0.54453125 0.0265625 0.03125
0 0.3890625 0.55859375 0.034375 0.034375
0 0.3640625 0.5921875 0.0234375 0.025
0 0.38828125 0.6078125 0.0296875 0.028125
0 0.18984375 0.59765625 0.040625 0.040625
0 0.1625 0.6203125 0.03125 0.03125
0 0.1703125 0.6515625 0.0390625 0.0390625
0 0.19375 0.68515625 0.040625 0.040625
0 0.21015625 0.63828125 0.05625 0.05625
0 0.0140625 0.61796875 0.028125 0.0484375
0 0.02265625 0.6546875 0.0359375 0.0359375
0 0.25703125 0.7140625 0.0578125 0.0578125
0 0.2953125 0.76953125 0.075 0.075
0 0.25625 0.7921875 0.03125 0.03125
0 0.40625 0.7703125 0.0296875 0.028125
0 0.09140625 0.334375 0.0296875 0.0296875
0 0.30390625 0.053125 0.0265625 0.0265625
0 0.5375 0.38203125 0.0359375 0.0359375
0 0.89296875 0.11328125 0.025 0.025
0 0.896875 0.06875 0.0296875 0.028125
0 0.8921875 0.321875 0.0265625 0.0265625
0 0.8734375 0.353125 0.0296875 0.0296875
0 0.86796875 0.334375 0.025 0.0234375
0 0.80390625 0.4953125 0.028125 0.0296875
0 0.9734375 0.8484375 0.0390625 0.0390625
0 0.9734375 0.9 0.053125 0.0609375
0 0.81953125 0.74765625 0.065625 0.065625
0 0.8296875 0.70703125 0.03125 0.03125
0 0.58046875 0.853125 0.040625 0.040625
0 0.59140625 0.6875 0.025 0.025
0 0.36171875 0.94375 0.0234375 0.025
0 0.4859375 0.890625 0.053125 0.053125
0 0.57578125 0.8953125 0.028125 0.0296875
0 0.2203125 0.9671875 0.0390625 0.0390625
0 0.3375 0.81953125 0.0484375 0.0484375
0 0.31015625 0.8328125 0.0296875 0.0296875
0 0.228125 0.8421875 0.0453125 0.0453125
0 0.16328125 0.915625 0.0484375 0.0484375
0 0.225 0.9109375 0.0765625 0.0765625
0 0.384375 0.9171875 0.040625 0.040625
0 0.38125 0.9578125 0.0296875 0.0296875
0 0.0453125 0.96875 0.034375 0.034375
0 0.06953125 0.0203125 0.0453125 0.040625
0 0.1828125 0.19140625 0.0328125 0.034375
0 0.14921875 0.259375 0.0375 0.0390625
0 0.178125 0.2296875 0.040625 0.040625
0 0.01328125 0.25625 0.0265625 0.0265625
0 0.02734375 0.5140625 0.03125 0.03125
0 0.16015625 0.571875 0.0390625 0.0390625
0 0.1390625 0.62265625 0.0703125 0.0703125
0 0.078125 0.65 0.0609375 0.059375
0 0.5921875 0.80546875 0.059375 0.0609375
0 0.49296875 0.8453125 0.071875 0.071875
0 0.40234375 0.8578125 0.1078125 0.1078125
0 0.01796875 0.6859375 0.0359375 0.04375
0 0.46015625 0.3890625 0.0296875 0.0296875
0 0.7765625 0.32109375 0.0546875 0.0546875
0 0.73828125 0.7765625 0.0296875 0.028125
0 0.00234375 0.00234375 0.0015625 0.0015625
0 0.046875 0.8796875 0.0515625 0.0515625