0 0.55546875 0.81875 0.028125 0.0296875
0 0.4046875 0.8703125 0.04375 0.040625
0 0.00703125 0.9890625 0.0140625 0.021875
0 0.15859375 0.12890625 0.0453125 0.04375
0 0.15234375 0.07578125 0.034375 0.03125
0 0.234375 0.04921875 0.03125 0.0296875
0 0.259375 0.4578125 0.03125 0.03125
0 0.1703125 0.49609375 0.0359375 0.0359375
0 0.9203125 0.39921875 0.0359375 0.0359375
0 0.9375 0.2453125 0.0296875 0.0296875
0 0.6921875 0.1390625 0.04375 0.040625
0 0.69609375 0.12265625 0.0265625 0.025
0 0.9265625 0.4703125 0.040625 0.0390625
0 0.7875 0.97109375 0.034375 0.03125
0 0.5796875 0.98203125 0.040625 0.0359375
0 0.6765625 0.91484375 0.0765625 0.075
0 0.7125 0.8890625 0.05625 0.053125
0 0.8390625 0.8484375 0.0578125 0.05625
0 0.74375 0.82578125 0.028125 0.0265625
0 0.02421875 0.80625 0.03125 0.03125
0 0.1703125 0.875 0.0484375 0.0484375
0 0.1515625 0.83046875 0.103125 0.1015625
0 0.2796875 0.5375 0.03125 0.028125
0 0.921875 0.2703125 0.0359375 0.034375
0 0.7875 0.46640625 0.03125 0.03125