0 0.234375 0.4734375 0.25 0.196875
0 0.9578125 0.22265625 0.03125 0.025
0 0.69609375 0.01171875 0.0484375 0.0234375
0 0.61171875 0.27890625 0.0390625 0.03125
0 0.81484375 0.3234375 0.0390625 0.0296875
0 0.90390625 0.3484375 0.0703125 0.0546875
0 0.7859375 0.4109375 0.0390625 0.03125
0 0.35234375 0.228125 0.0453125 0.0359375
0 0.41953125 0.265625 0.221875 0.1765625
0 0.5265625 0.109375 0.0453125 0.0359375
0 0.290625 0.2703125 0.0875 0.0671875
0 0.38828125 0.321875 0.0625 0.0484375
0 0.3734375 0.365625 0.103125 0.0828125
0 0.2671875 0.453125 0.03125 0.0265625
0 0.19375 0.38828125 0.2453125 0.1921875
0 0.09140625 0.26328125 0.0359375 0.0296875
0 0.15390625 0.021875 0.090625 0.04375
0 0.06640625 0.703125 0.034375 0.0265625
0 0.47734375 0.70703125 0.1296875 0.1015625
0 0.06875 0.828125 0.0375 0.03125
0 0.1734375 0.90859375 0.0390625 0.03125
0 0.1203125 0.9796875 0.0609375 0.040625
0 0.2078125 0.94609375 0.0796875 0.0625
0 0.26328125 0.95078125 0.0390625 0.0296875
0 0.2828125 0.97421875 0.065625 0.0515625
0 0.41484375 0.9421875 0.0390625 0.03125
0 0.4125 0.91015625 0.040625 0.03125
0 0.365625 0.87734375 0.0515625 0.0390625
0 0.62734375 0.97578125 0.040625 0.03125
0 0.6515625 0.9484375 0.034375 0.0265625
0 0.72734375 0.98046875 0.04375 0.034375
0 0.66328125 0.8390625 0.034375 0.0265625
0 0.5875 0.8234375 0.03125 0.025
0 0.59609375 0.7796875 0.034375 0.0265625
0 0.76796875 0.59140625 0.03125 0.025
0 0.83046875 0.6921875 0.053125 0.040625
0 0.83203125 0.86875 0.0515625 0.0390625
0 0.9359375 0.7640625 0.0390625 0.03125
0 0.5359375 0.3125 0.03125 0.0265625
0 0.39921875 0.4578125 0.096875 0.075
0 0.3265625 0.1203125 0.0609375 0.0484375
0 0.69921875 0.0359375 0.0359375 0.0296875
0 0.2671875 0.696875 0.0390625 0.028125
0 0.365625 0.5484375 0.0328125 0.0265625
0 0.43359375 0.64921875 0.0453125 0.0359375
0 0.4 0.55859375 0.0359375 0.0296875
0 0.4234375 0.81640625 0.034375 0.0265625
0 0.50859375 0.8953125 0.034375 0.0265625
0 0.1578125 0.86171875 0.03125 0.025
0 0.11875 0.8796875 0.065625 0.0515625
0 0.08203125 0.8953125 0.0390625 0.0296875