0 0.50390625 0.03828125 0.040625 0.0390625
0 0.18515625 0.03125 0.0296875 0.0265625
0 0.4125 0.2015625 0.0265625 0.025
0 0.5875 0.11171875 0.028125 0.0265625
0 0.5515625 0.15 0.0265625 0.025
0 0.56875 0.06875 0.03125 0.028125
0 0.66328125 0.12109375 0.0265625 0.025
0 0.7765625 0.06953125 0.03125 0.0296875
0 0.76953125 0.0953125 0.0296875 0.0265625
0 0.765625 0.00703125 0.0265625 0.0140625
0 0.7453125 0.01796875 0.03125 0.03125
0 0.8390625 0.125 0.0265625 0.0265625
0 0.59609375 0.0203125 0.0484375 0.040625
0 0.978125 0.21015625 0.0265625 0.025
0 0.43125 0.18125 0.0296875 0.0296875
0 0.45078125 0.19453125 0.0390625 0.0359375
0 0.4578125 0.2140625 0.03125 0.0296875
0 0.15234375 0.3953125 0.0265625 0.0265625
0 0.85234375 0.30859375 0.0265625 0.0265625
0 0.91484375 0.48671875 0.040625 0.0390625
0 0.86875 0.5671875 0.05625 0.0515625
0 0.83203125 0.5640625 0.040625 0.0390625
0 0.21484375 0.6265625 0.0265625 0.025
0 0.015625 0.7390625 0.0296875 0.0265625
0 0.00703125 0.77421875 0.0140625 0.0265625
0 0.3578125 0.72734375 0.0265625 0.0234375
0 0.740625 0.671875 0.028125 0.0265625