0 0.4 0.3421875 0.8 0.684375
0 0.0828125 0.1578125 0.0359375 0.0359375
0 0.4234375 0.13359375 0.0390625 0.0375
0 0.7984375 0.08515625 0.0703125 0.0671875
0 0.96953125 0.62890625 0.0609375 0.0578125
0 0.78125 0.6859375 0.0484375 0.0453125
0 0.725 0.74765625 0.028125 0.028125
0 0.7296875 0.78359375 0.04375 0.04375
0 0.66796875 0.87265625 0.040625 0.040625
0 0.65625 0.89921875 0.034375 0.034375
0 0.68359375 0.921875 0.084375 0.0828125
0 0.44921875 0.78515625 0.0703125 0.0671875
0 0.296875 0.82578125 0.0359375 0.034375
0 0.78125 0.7390625 0.053125 0.053125
0 0.8109375 0.60703125 0.04375 0.04375
0 0.90625 0.603125 0.0390625 0.0390625
0 0.66484375 0.67421875 0.04375 0.04375
0 0.6 0.7015625 0.121875 0.1203125
0 0.71640625 0.865625 0.0453125 0.0453125
0 0.265625 0.96640625 0.034375 0.034375
0 0.234375 0.86875 0.0296875 0.0265625
0 0.2015625 0.8609375 0.0359375 0.0359375
0 0.0796875 0.7609375 0.159375 0.290625
0 0.74140625 0.55859375 0.0796875 0.0796875
0 0.32421875 0.89921875 0.0453125 0.04375
0 0.00234375 0.00078125 0.0015625 0.0015625