0 0.415625 0.4640625 0.325 0.3171875
0 0.509375 0.92578125 0.025 0.025
0 0.84609375 0.8125 0.0265625 0.025
0 0.67578125 0.0140625 0.0359375 0.028125
0 0.59765625 0.1609375 0.0296875 0.0265625
0 0.68125 0.50703125 0.028125 0.0265625
0 0.421875 0.6984375 0.0453125 0.04375
0 0.34609375 0.603125 0.0390625 0.0390625
0 0.38359375 0.4515625 0.0296875 0.0296875
0 0.0265625 0.72734375 0.0296875 0.028125
0 0.13125 0.98203125 0.0390625 0.0359375
0 0.77890625 0.796875 0.146875 0.1453125
0 0.93125 0.59609375 0.0359375 0.034375
0 0.853125 0.225 0.0578125 0.0578125
0 0.725 0.01171875 0.040625 0.0234375
0 0.55078125 0.07109375 0.03125 0.03125
0 0.3765625 0.6921875 0.040625 0.040625