0 0.9671875 0.6625 0.0296875 0.028125
0 0.9875 0.59765625 0.025 0.0234375
0 0.9828125 0.81015625 0.034375 0.034375
0 0.75625 0.7328125 0.0390625 0.0390625
0 0.775 0.375 0.034375 0.034375
0 0.72734375 0.3796875 0.028125 0.0296875
0 0.7828125 0.30625 0.0390625 0.0390625
0 0.8078125 0.5375 0.0265625 0.0265625
0 0.7484375 0.6546875 0.034375 0.034375
0 0.95546875 0.5296875 0.0265625 0.0265625
0 0.9109375 0.30546875 0.0828125 0.0828125
0 0.82109375 0.24375 0.03125 0.03125
0 0.796875 0.21171875 0.0390625 0.0375
0 0.6390625 0.3640625 0.040625 0.040625
0 0.50625 0.50234375 0.065625 0.065625
0 0.2515625 0.78828125 0.0265625 0.0265625
0 0.2984375 0.78828125 0.1265625 0.128125
0 0.25 0.86875 0.1109375 0.1078125
0 0.1921875 0.6875 0.134375 0.134375
0 0.2390625 0.55625 0.1578125 0.159375
0 0.39453125 0.42578125 0.2015625 0.2015625
0 0.1875 0.40234375 0.0359375 0.0359375
0 0.16015625 0.3859375 0.04375 0.04375
0 0.04296875 0.33984375 0.0390625 0.0390625
0 0.0578125 0.30546875 0.034375 0.034375
0 0.05546875 0.58671875 0.0984375 0.0984375
0 0.11875 0.8421875 0.15 0.15
0 0.1828125 0.7640625 0.1296875 0.1296875
0 0.03125 0.7078125 0.0625 0.1140625
0 0.01328125 0.53828125 0.0265625 0.040625
0 0.0171875 0.46640625 0.034375 0.053125
0 0.23671875 0.1359375 0.096875 0.09375
0 0.36640625 0.17421875 0.0296875 0.0296875
0 0.32421875 0.2703125 0.0359375 0.0359375
0 0.32421875 0.22265625 0.05625 0.05625
0 0.25 0.22578125 0.09375 0.09375
0 0.1703125 0.2078125 0.0609375 0.0609375
0 0.16484375 0.04296875 0.1265625 0.0859375
0 0.16796875 0.12890625 0.0671875 0.0671875
0 0.1578125 0.17578125 0.040625 0.040625
0 0.56484375 0.07109375 0.034375 0.034375
0 0.68828125 0.0140625 0.0484375 0.028125
0 0.35 0.046875 0.1703125 0.09375
0 0.77421875 0.16953125 0.0359375 0.0359375
0 0.7875 0.5875 0.0765625 0.0765625
0 0.26171875 0.35703125 0.16875 0.16875
0 0.0015625 0.0015625 0.003125 0.003125
0 0.4625 0.06640625 0.10625 0.10625