0 0.97734375 0.19609375 0.0453125 0.04375
0 0.6875 0.32421875 0.025 0.025
0 0.5609375 0.28828125 0.0453125 0.04375
0 0.578125 0.24765625 0.10625 0.103125
0 0.4859375 0.2328125 0.0625 0.0625
0 0.51328125 0.209375 0.0515625 0.0484375
0 0.4578125 0.31875 0.096875 0.09375
0 0.14921875 0.25859375 0.053125 0.053125
0 0.07421875 0.24765625 0.0265625 0.0265625
0 0.02890625 0.10546875 0.0578125 0.0671875
0 0.03125 0.46015625 0.0515625 0.0515625
0 0.05546875 0.9828125 0.0296875 0.0265625
0 0.015625 0.51953125 0.03125 0.0359375
0 0.046875 0.56640625 0.0296875 0.0296875
0 0.0484375 0.60546875 0.0359375 0.0359375
0 0.10703125 0.93359375 0.0578125 0.05625
0 0.07421875 0.95078125 0.034375 0.034375
0 0.3796875 0.740625 0.0265625 0.0265625
0 0.88359375 0.70703125 0.0296875 0.0296875
0 0.46171875 0.44921875 0.0515625 0.0484375
0 0.14765625 0.225 0.0828125 0.0796875
0 0.26328125 0.2984375 0.0390625 0.0359375
0 0.21171875 0.478125 0.0265625 0.0265625
0 0.23828125 0.7921875 0.0625 0.059375