0 0.15859375 0.49765625 0.2453125 0.178125
0 0.3953125 0.63828125 0.3875 0.28125
0 0.671875 0.5765625 0.240625 0.1765625
0 0.47578125 0.1140625 0.0671875 0.0515625
0 0.4234375 0.09140625 0.0609375 0.04375
0 0.459375 0.04296875 0.21875 0.0859375
0 0.39453125 0.16796875 0.0359375 0.0265625
0 0.4 0.1921875 0.0328125 0.025
0 0.41015625 0.22109375 0.0515625 0.0390625
0 0.26953125 0.31484375 0.0515625 0.0359375
0 0.0671875 0.7796875 0.134375 0.1296875
0 0.103125 0.86328125 0.1015625 0.071875
0 0.359375 0.9640625 0.0359375 0.0265625
0 0.61171875 0.8265625 0.0796875 0.0578125
0 0.60078125 0.78828125 0.0359375 0.0265625
0 0.4640625 0.88671875 0.15 0.1078125
0 0.36171875 0.875 0.0328125 0.025
0 0.2328125 0.725 0.0359375 0.0265625
0 0.15390625 0.68984375 0.04375 0.03125
0 0.115625 0.609375 0.1078125 0.0765625
0 0.50390625 0.446875 0.0359375 0.0265625
0 0.8390625 0.821875 0.034375 0.025
0 0.8125 0.95703125 0.0703125 0.0515625
0 0.7671875 0.84765625 0.1765625 0.128125
0 0.79921875 0.2203125 0.040625 0.0296875