0 0.00234375 0.00078125 0.0015625 0.0015625
0 0.77890625 0.946875 0.04375 0.0359375
0 0.64296875 0.78984375 0.0703125 0.0578125
0 0.4859375 0.85078125 0.3140625 0.2625
0 0.75625 0.85078125 0.0453125 0.0390625
0 0.74765625 0.8125 0.0359375 0.03125
0 0.8796875 0.73671875 0.1203125 0.0984375
0 0.62109375 0.55078125 0.0515625 0.040625
0 0.6515625 0.634375 0.0625 0.0515625
0 0.5734375 0.65 0.0796875 0.065625
0 0.609375 0.59765625 0.0484375 0.0390625
0 0.578125 0.4796875 0.0703125 0.05625
0 0.4515625 0.4328125 0.0578125 0.0484375
0 0.49140625 0.384375 0.0390625 0.03125
0 0.56875 0.36328125 0.0578125 0.0484375
0 0.353125 0.5109375 0.10625 0.0859375
0 0.359375 0.58515625 0.0765625 0.0625
0 0.3078125 0.38828125 0.196875 0.1609375
0 0.475 0.4953125 0.2328125 0.1921875
0 0.77421875 0.1671875 0.0390625 0.03125
0 0.640625 0.20078125 0.0578125 0.0453125
0 0.4015625 0.234375 0.034375 0.0265625
0 0.4078125 0.20546875 0.2234375 0.1828125
0 0.21015625 0.20703125 0.040625 0.034375
0 0.2015625 0.1734375 0.0453125 0.0390625
0 0.17890625 0.18359375 0.0328125 0.0265625
0 0.81015625 0.740625 0.2078125 0.1703125
0 0.3109375 0.725 0.35625 0.29375
0 0.14921875 0.5203125 0.2984375 0.3078125
0 0.03984375 0.375 0.0515625 0.040625
0 0.046875 0.1453125 0.0796875 0.065625
0 0.009375 0.16640625 0.01875 0.0296875
0 0.009375 0.075 0.01875 0.028125
0 0.11171875 0.1234375 0.03125 0.0265625
0 0.3265625 0.0328125 0.0296875 0.0234375
0 0.44609375 0.0109375 0.04375 0.021875
0 0.546875 0.01328125 0.034375 0.0265625
0 0.65234375 0.078125 0.0671875 0.05625
0 0.7765625 0.01796875 0.065625 0.0359375
0 0.70546875 0.05859375 0.0765625 0.0625
0 0.7453125 0.03125 0.0828125 0.0625