0 0.7203125 0.71640625 0.0390625 0.03125
0 0.7234375 0.884375 0.03125 0.025
0 0.5109375 0.87265625 0.0796875 0.065625
0 0.8171875 0.896875 0.04375 0.0359375
0 0.240625 0.78515625 0.040625 0.03125
0 0.18515625 0.70078125 0.1015625 0.0796875
0 0.33515625 0.63359375 0.0359375 0.028125
0 0.3953125 0.61171875 0.2953125 0.2359375
0 0.81015625 0.50390625 0.0515625 0.0390625
0 0.38203125 0.91328125 0.0390625 0.03125
0 0.1234375 0.9421875 0.06875 0.05625
0 0.15234375 0.3921875 0.1546875 0.1234375
0 0.2953125 0.33671875 0.0328125 0.0265625
0 0.31640625 0.46171875 0.0625 0.0515625
0 0.634375 0.33671875 0.065625 0.0515625
0 0.60078125 0.41953125 0.040625 0.03125
0 0.6734375 0.40234375 0.065625 0.0515625
0 0.70078125 0.2828125 0.121875 0.0953125
0 0.5484375 0.0984375 0.0875 0.0671875
0 0.80546875 0.10234375 0.15 0.115625
0 0.84375 0.02265625 0.0515625 0.0390625
0 0.734375 0.0484375 0.0390625 0.03125
0 0.0421875 0.17421875 0.0828125 0.065625
0 0.1734375 0.025 0.0328125 0.0265625
0 0.36171875 0.053125 0.0359375 0.0296875
0 0.19375 0.225 0.0359375 0.0296875
0 0.1921875 0.19140625 0.0515625 0.040625
0 0.15625 0.26796875 0.04375 0.0328125
0 0.07421875 0.28515625 0.034375 0.0265625
0 0.89921875 0.2984375 0.0453125 0.0359375
0 0.7828125 0.49140625 0.0671875 0.053125
0 0.59765625 0.509375 0.053125 0.04375
0 0.33671875 0.3703125 0.0609375 0.0484375
0 0.36328125 0.4109375 0.0515625 0.0390625
0 0.93515625 0.05625 0.0359375 0.0296875
0 0.36171875 0.5875 0.0328125 0.0265625