0 0.11953125 0.009375 0.0265625 0.01875
0 0.1 0.0359375 0.0265625 0.0265625
0 0.04453125 0.0875 0.0359375 0.034375
0 0.05859375 0.13125 0.0390625 0.0359375
0 0.15234375 0.171875 0.03125 0.03125
0 0.0921875 0.1671875 0.03125 0.03125
0 0.0203125 0.25390625 0.040625 0.040625
0 0.0875 0.33984375 0.084375 0.0828125
0 0.0515625 0.35078125 0.103125 0.1875
0 0.1875 0.1578125 0.35625 0.3140625
0 0.228125 0.240625 0.03125 0.0296875
0 0.21875 0.3015625 0.03125 0.03125
0 0.21484375 0.27421875 0.05625 0.053125
0 0.271875 0.146875 0.0265625 0.025
0 0.303125 0.1234375 0.0328125 0.03125
0 0.42421875 0.21015625 0.053125 0.0515625
0 0.31484375 0.2828125 0.04375 0.04375
0 0.41015625 0.0203125 0.0390625 0.0390625
0 0.43359375 0.03515625 0.0265625 0.0265625
0 0.35 0.02421875 0.03125 0.0296875
0 0.5671875 0.10546875 0.053125 0.0515625
0 0.5359375 0.1578125 0.040625 0.0390625
0 0.53125 0.265625 0.03125 0.0296875
0 0.865625 0.5609375 0.0390625 0.0359375
0 0.86171875 0.59609375 0.0296875 0.028125
0 0.790625 0.709375 0.04375 0.040625
0 0.821875 0.73046875 0.0265625 0.0265625
0 0.83515625 0.83671875 0.034375 0.03125
0 0.7171875 0.48046875 0.028125 0.0265625
0 0.74609375 0.46171875 0.1234375 0.11875
0 0.6609375 0.4734375 0.0265625 0.0265625
0 0.8609375 0.33671875 0.034375 0.03125
0 0.8453125 0.40625 0.0265625 0.0265625
0 0.87265625 0.48828125 0.159375 0.1515625
0 0.84609375 0.86640625 0.0296875 0.0296875
0 0.9890625 0.9890625 0.021875 0.021875
0 0.95546875 0.94375 0.0390625 0.0390625
0 0.80859375 0.3328125 0.03125 0.0296875
0 0.7140625 0.353125 0.028125 0.0296875
0 0.77421875 0.3765625 0.084375 0.0796875
0 0.71484375 0.06015625 0.0296875 0.0265625
0 0.65 0.421875 0.0265625 0.025
0 0.58671875 0.60546875 0.034375 0.034375
0 0.63671875 0.65859375 0.034375 0.034375
0 0.62265625 0.70078125 0.028125 0.0265625
0 0.5578125 0.8234375 0.034375 0.03125
0 0.42890625 0.80859375 0.075 0.0703125
0 0.38125 0.7703125 0.0359375 0.0359375
0 0.078125 0.796875 0.0484375 0.0453125
0 0.47734375 0.66953125 0.0453125 0.0453125
0 0.41796875 0.65859375 0.0296875 0.0265625
0 0.39921875 0.65 0.03125 0.028125
0 0.40625 0.59765625 0.053125 0.0515625
0 0.3890625 0.53984375 0.05625 0.053125
0 0.5890625 0.296875 0.028125 0.0265625
0 0.58515625 0.24609375 0.0265625 0.0265625
0 0.4953125 0.3015625 0.0296875 0.0265625
0 0.3921875 0.37734375 0.0390625 0.0359375
0 0.4953125 0.48203125 0.0265625 0.025
0 0.5140625 0.49296875 0.0265625 0.025
0 0.47109375 0.4625 0.0359375 0.034375
0 0.39765625 0.16484375 0.0296875 0.0265625
0 0.05390625 0.49375 0.0921875 0.0875
0 0.0109375 0.9234375 0.021875 0.025
0 0.1578125 0.90390625 0.03125 0.03125
0 0.6359375 0.896875 0.0515625 0.0484375
0 0.759375 0.85703125 0.028125 0.0265625
0 0.35 0.96640625 0.0296875 0.0265625
0 0.3171875 0.9640625 0.0296875 0.0265625
0 0.4109375 0.88203125 0.0296875 0.0265625
0 0.540625 0.915625 0.1609375 0.1546875