0 0.3265625 0.29296875 0.275 0.2171875
0 0.00078125 0.00234375 0.0015625 0.0015625
0 0.49609375 0.4734375 0.6765625 0.5359375
0 0.16484375 0.58984375 0.0328125 0.0265625
0 0.021875 0.7125 0.03125 0.0265625
0 0.20703125 0.84140625 0.0359375 0.0296875
0 0.64921875 0.921875 0.165625 0.1328125
0 0.5015625 0.8234375 0.0625 0.0484375
0 0.71484375 0.7546875 0.0890625 0.0703125
0 0.6625 0.75390625 0.15625 0.125
0 0.13125 0.66328125 0.0828125 0.065625
0 0.77734375 0.95703125 0.03125 0.0265625
0 0.928125 0.83671875 0.04375 0.034375
0 0.91796875 0.93359375 0.0515625 0.040625
0 0.79453125 0.82109375 0.065625 0.0515625
0 0.83515625 0.625 0.115625 0.0921875
0 0.8234375 0.734375 0.0546875 0.04375
0 0.87734375 0.7796875 0.0390625 0.03125
0 0.859375 0.8640625 0.134375 0.1078125
0 0.94140625 0.421875 0.034375 0.0265625
0 0.9578125 0.3640625 0.084375 0.0671875
0 0.9375 0.521875 0.034375 0.0265625
0 0.86328125 0.4671875 0.0484375 0.0390625
0 0.61328125 0.459375 0.1234375 0.096875
0 0.4328125 0.49296875 0.0359375 0.0296875
0 0.87734375 0.2609375 0.053125 0.040625
0 0.85546875 0.2953125 0.034375 0.0265625
0 0.8078125 0.0375 0.0515625 0.040625
0 0.7609375 0.05078125 0.040625 0.03125
0 0.640625 0.0453125 0.040625 0.03125
0 0.60546875 0.02890625 0.0359375 0.0296875
0 0.3015625 0.09375 0.0703125 0.05625
0 0.290625 0.04453125 0.146875 0.0890625
0 0.02265625 0.384375 0.0453125 0.0609375
0 0.04453125 0.57421875 0.0359375 0.0296875
0 0.0453125 0.08984375 0.090625 0.0765625
0 0.43515625 0.02265625 0.071875 0.0453125
0 0.93984375 0.7640625 0.065625 0.053125
0 0.4078125 0.09140625 0.0515625 0.0390625
0 0.10703125 0.0203125 0.0578125 0.040625