0 0.05625 0.33515625 0.0359375 0.0359375
0 0.22265625 0.08046875 0.0625 0.059375
0 0.1265625 0.03125 0.0453125 0.0453125
0 0.1046875 0.05625 0.0265625 0.025
0 0.40625 0.040625 0.034375 0.034375
0 0.47109375 0.01328125 0.04375 0.0265625
0 0.34375 0.18125 0.2078125 0.2015625
0 0.1421875 0.2515625 0.0796875 0.0765625
0 0.1234375 0.2921875 0.053125 0.053125
0 0.87109375 0.11875 0.053125 0.0515625
0 0.79296875 0.1609375 0.03125 0.03125
0 0.5015625 0.14296875 0.0265625 0.0265625
0 0.49609375 0.1140625 0.0453125 0.04375
0 0.55390625 0.290625 0.2234375 0.2171875
0 0.48046875 0.38125 0.04375 0.04375
0 0.56484375 0.3578125 0.028125 0.0296875
0 0.8640625 0.5953125 0.034375 0.03125
0 0.8484375 0.57578125 0.0296875 0.028125
0 0.80625 0.5828125 0.034375 0.034375
0 0.66484375 0.51328125 0.034375 0.03125
0 0.55078125 0.515625 0.0515625 0.0515625
0 0.2453125 0.46484375 0.04375 0.040625
0 0.29921875 0.48828125 0.103125 0.1015625
0 0.525 0.64296875 0.0265625 0.0265625
0 0.7046875 0.70703125 0.0265625 0.0265625
0 0.7828125 0.73046875 0.0265625 0.0265625
0 0.6765625 0.80859375 0.0796875 0.0765625
0 0.5765625 0.98671875 0.028125 0.0265625
0 0.47109375 0.9390625 0.0453125 0.04375
0 0.4515625 0.7828125 0.03125 0.028125
0 0.4109375 0.834375 0.0265625 0.0265625
0 0.21875 0.6921875 0.03125 0.03125
0 0.8953125 0.6 0.0265625 0.0265625
0 0.1453125 0.44609375 0.075 0.071875
0 0.30546875 0.80546875 0.0484375 0.0453125