0 0.98203125 0.03125 0.0359375 0.0265625
0 0.8125 0.134375 0.1875 0.134375
0 0.40625 0.015625 0.04375 0.03125
0 0.428125 0.0421875 0.040625 0.0296875
0 0.44609375 0.13671875 0.1609375 0.115625
0 0.2484375 0.19609375 0.0703125 0.0515625
0 0.1296875 0.08984375 0.1515625 0.1109375
0 0.0140625 0.596875 0.028125 0.025
0 0.05390625 0.63671875 0.0390625 0.0265625
0 0.3484375 0.40625 0.0359375 0.0265625
0 0.4796875 0.26953125 0.0390625 0.0296875
0 0.4390625 0.25859375 0.04375 0.03125
0 0.64921875 0.359375 0.0890625 0.0625
0 0.678125 0.2546875 0.0515625 0.0359375
0 0.51171875 0.2328125 0.10625 0.075
0 0.48671875 0.48671875 0.0703125 0.0484375
0 0.4359375 0.46640625 0.0453125 0.03125
0 0.40390625 0.56015625 0.1171875 0.084375
0 0.33046875 0.6578125 0.0625 0.0453125
0 0.26171875 0.7015625 0.0453125 0.03125
0 0.571875 0.79453125 0.059375 0.04375
0 0.525 0.7796875 0.053125 0.0390625
0 0.5890625 0.709375 0.0453125 0.03125
0 0.78125 0.78515625 0.0796875 0.05625
0 0.89453125 0.7796875 0.0625 0.04375
0 0.59375 0.53828125 0.0828125 0.0578125
0 0.7140625 0.49765625 0.040625 0.0296875
0 0.7328125 0.265625 0.059375 0.04375
0 0.72265625 0.3140625 0.0359375 0.0265625
0 0.75390625 0.31953125 0.0765625 0.0546875
0 0.7984375 0.3390625 0.034375 0.0234375
0 0.7953125 0.428125 0.134375 0.096875
0 0.8703125 0.30625 0.1203125 0.0859375