0 0.24375 0.0453125 0.103125 0.084375
0 0.50859375 0.040625 0.034375 0.0296875
0 0.49296875 0.04921875 0.034375 0.0296875
0 0.565625 0.01171875 0.034375 0.0234375
0 0.678125 0.06640625 0.0359375 0.0296875
0 0.47734375 0.0953125 0.040625 0.034375
0 0.5328125 0.07421875 0.075 0.0625
0 0.08515625 0.79921875 0.03125 0.025
0 0.13359375 0.5796875 0.0515625 0.040625
0 0.1578125 0.55859375 0.05625 0.0453125
0 0.0296875 0.76171875 0.0578125 0.0453125
0 0.1234375 0.73046875 0.034375 0.0265625
0 0.1359375 0.13203125 0.115625 0.0953125
0 0.1734375 0.27890625 0.0890625 0.071875
0 0.27734375 0.28515625 0.0390625 0.03125
0 0.396875 0.271875 0.1234375 0.1015625
0 0.365625 0.34140625 0.1078125 0.0890625
0 0.32109375 0.4109375 0.0828125 0.0671875
0 0.31484375 0.3578125 0.0328125 0.0265625
0 0.490625 0.5328125 0.0671875 0.05625
0 0.5328125 0.4703125 0.0359375 0.0296875
0 0.6421875 0.5140625 0.0796875 0.065625
0 0.5828125 0.5515625 0.0671875 0.0546875
0 0.58046875 0.62109375 0.03125 0.0265625
0 0.0515625 0.44140625 0.034375 0.0296875
0 0.7609375 0.446875 0.0484375 0.0390625
0 0.6921875 0.478125 0.034375 0.0265625
0 0.8015625 0.27265625 0.034375 0.0265625
0 0.69375 0.21171875 0.0453125 0.0359375
0 0.7171875 0.23671875 0.028125 0.025
0 0.9734375 0.18515625 0.053125 0.04375
0 0.96640625 0.4359375 0.0390625 0.03125
0 0.86328125 0.62890625 0.034375 0.0296875
0 0.803125 0.97578125 0.053125 0.04375
0 0.8390625 0.9578125 0.1015625 0.0828125
0 0.66953125 0.89765625 0.040625 0.03125
0 0.6234375 0.71484375 0.028125 0.025
0 0.5625 0.83671875 0.03125 0.025
0 0.5109375 0.890625 0.040625 0.034375
0 0.6 0.9375 0.1140625 0.0921875
0 0.1390625 0.984375 0.03125 0.0265625
0 0.36875 0.70546875 0.0765625 0.0625
0 0.24140625 0.70546875 0.0625 0.053125
0 0.22578125 0.1140625 0.0453125 0.0359375
0 0.30078125 0.4859375 0.0703125 0.0578125