0 0.00234375 0.0015625 0.003125 0.003125
0 0.44921875 0.43125 0.0359375 0.034375
0 0.53125 0.62890625 0.03125 0.03125
0 0.4046875 0.57578125 0.034375 0.03125
0 0.37734375 0.23828125 0.0265625 0.0265625
0 0.234375 0.3140625 0.025 0.0234375
0 0.3140625 0.234375 0.0265625 0.0265625
0 0.40859375 0.01328125 0.0515625 0.0265625
0 0.28984375 0.1 0.0484375 0.0453125
0 0.17890625 0.11171875 0.0359375 0.034375
0 0.1203125 0.18046875 0.0265625 0.025
0 0.09765625 0.16796875 0.034375 0.034375
0 0.0578125 0.16796875 0.03125 0.0296875
0 0.1890625 0.2328125 0.0296875 0.0296875
0 0.1234375 0.678125 0.03125 0.028125
0 0.478125 0.665625 0.0390625 0.0390625
0 0.5734375 0.77890625 0.0265625 0.0265625
0 0.91796875 0.77734375 0.0296875 0.0265625
0 0.8703125 0.09609375 0.025 0.025
0 0.25703125 0.2234375 0.0265625 0.025
0 0.05078125 0.203125 0.0265625 0.025
0 0.084375 0.0140625 0.05 0.028125
0 0.734375 0.61640625 0.03125 0.028125