0 0.65625 0.7671875 0.0296875 0.025
0 0.5921875 0.16015625 0.03125 0.0265625
0 0.91796875 0.1609375 0.0453125 0.0375
0 0.88828125 0.2859375 0.0453125 0.040625
0 0.725 0.61640625 0.04375 0.0359375
0 0.56484375 0.525 0.034375 0.028125
0 0.5734375 0.55546875 0.028125 0.0234375
0 0.55078125 0.6 0.0625 0.05625
0 0.54453125 0.625 0.028125 0.025
0 0.30390625 0.3796875 0.0609375 0.053125
0 0.16484375 0.7125 0.0296875 0.0265625
0 0.0953125 0.7171875 0.0359375 0.03125
0 0.66015625 0.03984375 0.03125 0.0296875
0 0.58046875 0.08203125 0.04375 0.0359375
0 0.928125 0.55390625 0.0390625 0.034375
0 0.30546875 0.9109375 0.0296875 0.025