0 0.446875 0.20078125 0.6015625 0.4015625
0 0.11640625 0.10234375 0.2328125 0.2046875
0 0.9125 0.834375 0.0484375 0.0453125
0 0.62890625 0.8734375 0.034375 0.03125
0 0.57578125 0.80390625 0.03125 0.03125
0 0.49375 0.95078125 0.1140625 0.0984375
0 0.475 0.896875 0.0359375 0.034375
0 0.4015625 0.85546875 0.05625 0.053125
0 0.4328125 0.90390625 0.0453125 0.04375
0 0.4515625 0.86171875 0.0484375 0.0484375
0 0.2703125 0.984375 0.040625 0.03125
0 0.00859375 0.8375 0.0171875 0.025
0 0.0921875 0.665625 0.084375 0.0828125
0 0.22265625 0.7015625 0.053125 0.0515625
0 0.2078125 0.65625 0.0484375 0.0453125
0 0.29453125 0.70703125 0.0453125 0.04375
0 0.29453125 0.7765625 0.0359375 0.034375
0 0.296875 0.80859375 0.0359375 0.034375
0 0.23828125 0.8015625 0.0265625 0.0265625
0 0.3484375 0.671875 0.034375 0.03125
0 0.4203125 0.6703125 0.0265625 0.025
0 0.421875 0.6109375 0.0265625 0.0265625
0 0.15390625 0.2203125 0.03125 0.03125
0 0.00859375 0.4265625 0.0171875 0.0265625
0 0.1140625 0.515625 0.0265625 0.0265625
0 0.21484375 0.475 0.03125 0.0296875
0 0.2671875 0.46640625 0.0296875 0.0296875
0 0.2359375 0.5484375 0.0296875 0.0265625
0 0.275 0.5765625 0.0609375 0.0578125
0 0.259375 0.61875 0.0265625 0.0265625
0 0.390625 0.521875 0.0453125 0.04375
0 0.41328125 0.49140625 0.0453125 0.04375
0 0.46171875 0.509375 0.05625 0.053125
0 0.71875 0.56484375 0.0921875 0.0890625
0 0.80625 0.71171875 0.096875 0.090625
0 0.94375 0.7140625 0.034375 0.03125
0 0.89453125 0.77734375 0.084375 0.0796875
0 0.709375 0.46875 0.0453125 0.04375
0 0.60546875 0.4203125 0.0453125 0.04375
0 0.65625 0.30625 0.0484375 0.0453125
0 0.859375 0.5734375 0.10625 0.1015625
0 0.728125 0.415625 0.053125 0.0515625
0 0.978125 0.5109375 0.0265625 0.0265625
0 0.9234375 0.36796875 0.0453125 0.04375
0 0.00234375 0.00078125 0.0015625 0.0015625
0 0.78984375 0.37734375 0.0296875 0.0265625
0 0.82421875 0.3484375 0.0578125 0.0546875
0 0.8109375 0.28359375 0.0359375 0.0328125
0 0.82421875 0.31015625 0.034375 0.03125
0 0.7546875 0.25703125 0.0359375 0.034375
0 0.75 0.290625 0.0515625 0.0484375
0 0.7703125 0.353125 0.0265625 0.0234375
0 0.9125 0.24609375 0.0265625 0.0265625
0 0.8109375 0.14921875 0.084375 0.0828125
0 0.946875 0.115625 0.0359375 0.034375
0 0.540625 0.0203125 0.034375 0.03125
0 0.76953125 0.0171875 0.0359375 0.034375
0 0.7609375 0.0515625 0.0453125 0.04375
0 0.60703125 0.0484375 0.028125 0.0296875
0 0.86328125 0.2015625 0.1296875 0.125
0 0.67421875 0.69921875 0.0484375 0.0453125
0 0.9171875 0.02421875 0.040625 0.0390625
0 0.36171875 0.475 0.0484375 0.0453125
0 0.41953125 0.0515625 0.10625 0.1015625