0 0.4265625 0.6859375 0.134375 0.13515625
1 0.41328125 0.67890625 0.04296875 0.06875
1 0.4625 0.690625 0.0234375 0.0296875
0 0.55546875 0.5515625 0.0453125 0.0453125
0 0.303125 0.89140625 0.0375 0.0375
0 0.296875 0.9390625 0.02578125 0.0234375
0 0.36953125 0.92109375 0.04453125 0.0328125
0 0.65390625 0.64453125 0.06015625 0.06484375
0 0.678125 0.57109375 0.02109375 0.025
0 0.7234375 0.5578125 0.02734375 0.0328125
0 0.6609375 0.4328125 0.05078125 0.040625
0 0.6546875 0.4703125 0.02890625 0.03515625
0 0.69375 0.42734375 0.03125 0.0234375
0 0.740625 0.384375 0.03671875 0.03125
0 0.76640625 0.31875 0.0296875 0.0328125
0 0.80234375 0.2828125 0.02890625 0.03671875
0 0.7125 0.31875 0.06640625 0.06796875
0 0.74765625 0.25859375 0.08828125 0.08984375
1 0.70546875 0.31484375 0.015625 0.015625
0 0.775 0.6109375 0.015625 0.025
0 0.82421875 0.5546875 0.015625 0.01796875
0 0.7734375 0.478125 0.03359375 0.0453125
0 0.84375 0.34609375 0.02578125 0.03359375
0 0.87578125 0.3109375 0.0640625 0.0796875
0 0.875 0.5234375 0.02578125 0.03125
0 0.7171875 0.1640625 0.03359375 0.03671875
0 0.7578125 0.1328125 0.02578125 0.03125
0 0.7890625 0.1859375 0.04453125 0.03671875
1 0.78515625 0.1859375 0.01796875 0.01328125
0 0.34140625 0.959375 0.02109375 0.01953125
0 0.365625 0.95390625 0.02890625 0.021875
0 0.5015625 0.48359375 0.0328125 0.02734375
0 0.58828125 0.4046875 0.0234375 0.025
0 0.61875 0.41875 0.0140625 0.0171875
0 0.62265625 0.3953125 0.01328125 0.01953125
0 0.6421875 0.403125 0.01953125 0.021875