0 0.10703125 0.70078125 0.04453125 0.04453125
0 0.228125 0.690625 0.0453125 0.05625
0 0.08046875 0.79296875 0.02890625 0.03125
0 0.0734375 0.83203125 0.0328125 0.02890625
0 0.19921875 0.8796875 0.03671875 0.0328125
0 0.19140625 0.94453125 0.01796875 0.01953125
0 0.2078125 0.97578125 0.0171875 0.0140625
0 0.25703125 0.91953125 0.01953125 0.0234375
0 0.38984375 0.94140625 0.0171875 0.01796875
0 0.49296875 0.95859375 0.021875 0.02578125
0 0.05625 0.99140625 0.0234375 0.01171875
0 0.0765625 0.98125 0.01015625 0.0171875
0 0.1078125 0.9921875 0.034375 0.015625
0 0.26171875 0.990625 0.02578125 0.0140625
0 0.140625 0.896875 0.01796875 0.02890625
0 0.0421875 0.84609375 0.01953125 0.02109375
0 0.5328125 0.98359375 0.02578125 0.025
0 0.4875 0.88671875 0.021875 0.02109375