0 0.09609375 0.4703125 0.0390625 0.04140625
0 0.11328125 0.42421875 0.02578125 0.03125
0 0.1625 0.3921875 0.03515625 0.025
0 0.15390625 0.340625 0.03125 0.0375
0 0.1265625 0.31875 0.0234375 0.03359375
0 0.10390625 0.3 0.03359375 0.0296875
0 0.03359375 0.3546875 0.03125 0.0484375
0 0.2765625 0.140625 0.021875 0.02890625
0 0.24140625 0.26484375 0.0453125 0.04296875
0 0.23046875 0.3109375 0.04453125 0.0484375
0 0.175 0.28984375 0.0171875 0.02734375
0 0.19375 0.2671875 0.04296875 0.03671875
0 0.2734375 0.0984375 0.0625 0.05078125
0 0.3703125 0.10703125 0.053125 0.04453125
0 0.37578125 0.15859375 0.0296875 0.03125
0 0.30625 0.2234375 0.02734375 0.0296875
0 0.2640625 0.19140625 0.03515625 0.03359375
0 0.575 0.0375 0.05859375 0.0390625
0 0.49609375 0.0640625 0.04921875 0.03515625
0 0.45546875 0.01796875 0.0609375 0.0359375
0 0.40078125 0.01171875 0.03125 0.015625
0 0.06953125 0.425 0.0375 0.071875
0 0.01796875 0.5671875 0.01796875 0.021875
0 0.01328125 0.51484375 0.01796875 0.0171875