0 0.0796875 0.0625 0.11640625 0.11328125
0 0.184375 0.15 0.06796875 0.05859375
0 0.2390625 0.03125 0.11796875 0.05703125
0 0.32421875 0.08203125 0.046875 0.04375
0 0.25 0.11171875 0.0625 0.05546875
0 0.18828125 0.10078125 0.04375 0.034375
0 0.5046875 0.10859375 0.0953125 0.0953125
0 0.5890625 0.059375 0.11796875 0.1078125
0 0.94609375 0.13984375 0.0796875 0.07265625
0 0.81015625 0.23984375 0.08984375 0.07109375
0 0.68984375 0.15625 0.08125 0.0796875
0 0.5984375 0.27265625 0.11484375 0.11640625
0 0.70703125 0.69765625 0.08984375 0.090625
0 0.2765625 0.41796875 0.08671875 0.065625
0 0.45078125 0.37421875 0.06953125 0.06640625
0 0.81640625 0.109375 0.03515625 0.04296875
0 0.83515625 0.34453125 0.0625 0.05234375
1 0.690625 0.53984375 0.02578125 0.02578125
1 0.77421875 0.59375 0.03671875 0.03671875
1 0.72734375 0.56640625 0.02265625 0.02734375
1 0.62109375 0.378125 0.02734375 0.04296875
1 0.12890625 0.64453125 0.03828125 0.0640625
1 0.06484375 0.884375 0.04375 0.05
1 0.19140625 0.940625 0.07109375 0.03984375
1 0.10234375 0.5265625 0.0453125 0.04140625
1 0.4 0.6953125 0.0328125 0.04375
1 0.5859375 0.828125 0.06640625 0.05078125
1 0.484375 0.546875 0.06796875 0.0625
1 0.58203125 0.9328125 0.06796875 0.109375
1 0.43359375 0.29921875 0.03125 0.03515625
0 0.1859375 0.42421875 0.03671875 0.03515625
0 0.1671875 0.38046875 0.04140625 0.03125
0 0.32578125 0.2875 0.05 0.03828125