0 0.51171875 0.1171875 0.0484375 0.0328125
0 0.634375 0.328125 0.0609375 0.05703125
0 0.78125 0.30546875 0.0484375 0.0484375
0 0.74609375 0.45703125 0.05234375 0.0453125
0 0.48046875 0.0578125 0.05546875 0.02734375
0 0.825 0.4546875 0.01953125 0.03125
0 0.775 0.3953125 0.02109375 0.01875
0 0.74765625 0.346875 0.02109375 0.02265625
0 0.72109375 0.325 0.0328125 0.02578125
0 0.8078125 0.67109375 0.08359375 0.109375
0 0.82265625 0.69921875 0.028125 0.03984375
0 0.81640625 0.80859375 0.12109375 0.10546875
0 0.821875 0.5515625 0.07265625 0.10390625
0 0.6734375 0.23671875 0.03125 0.0296875
0 0.63125 0.24140625 0.0296875 0.028125
0 0.62890625 0.171875 0.028125 0.02265625
0 0.74140625 0.27734375 0.028125 0.03984375
0 0.678125 0.134375 0.03828125 0.01875
0 0.88671875 0.5234375 0.0296875 0.02421875
0 0.565625 0.19453125 0.02578125 0.028125