0 0.33828125 0.5578125 0.07265625 0.07421875
1 0.33984375 0.56171875 0.01796875 0.0140625
0 0.67265625 0.60078125 0.025 0.01953125
0 0.8015625 0.61875 0.021875 0.021875
0 0.9390625 0.615625 0.07265625 0.06875
0 0.9203125 0.6 0.03125 0.02578125
0 0.94453125 0.403125 0.0484375 0.06640625
0 0.83671875 0.3734375 0.0328125 0.03671875
0 0.86953125 0.3640625 0.01328125 0.0171875
0 0.83046875 0.24375 0.046875 0.053125
0 0.55625 0.1484375 0.02109375 0.01796875
0 0.771875 0.0640625 0.0171875 0.01328125
0 0.78984375 0.96640625 0.040625 0.0390625
1 0.7875 0.9671875 0.0171875 0.015625
0 0.2015625 0.321875 0.01328125 0.01796875
0 0.2890625 0.3375 0.01796875 0.02109375
0 0.578125 0.3296875 0.0234375 0.021875
0 0.7125 0.22109375 0.01171875 0.01796875