0 0.153125 0.82421875 0.03984375 0.03671875
0 0.18671875 0.63359375 0.0296875 0.03125
0 0.18125 0.8640625 0.0234375 0.02578125
0 0.21640625 0.73828125 0.0234375 0.03203125
0 0.171875 0.896875 0.0203125 0.021875
0 0.13671875 0.96953125 0.025 0.0234375
0 0.23359375 0.86484375 0.02421875 0.0234375
0 0.66015625 0.77890625 0.04296875 0.03359375
0 0.17890625 0.69140625 0.0234375 0.02578125
0 0.4625 0.7484375 0.03046875 0.02890625
0 0.596875 0.759375 0.04765625 0.04609375
0 0.15078125 0.91328125 0.02265625 0.021875
0 0.16953125 0.93046875 0.01875 0.021875
0 0.1109375 0.934375 0.0375 0.040625
0 0.63125 0.9375 0.0328125 0.028125
0 0.30078125 0.89296875 0.05 0.05234375
0 0.29453125 0.3296875 0.02578125 0.0265625
0 0.15625 0.67109375 0.0203125 0.02265625
0 0.15078125 0.44140625 0.03828125 0.04453125
0 0.41328125 0.07109375 0.0515625 0.04375
0 0.25 0.49296875 0.01796875 0.01796875
0 0.71015625 0.8859375 0.02890625 0.02578125
0 0.08203125 0.68828125 0.0375 0.04140625
0 0.5734375 0.875 0.0234375 0.021875
0 0.078125 0.61171875 0.02734375 0.028125
0 0.3984375 0.79609375 0.0171875 0.01796875
0 0.3375 0.8 0.05546875 0.05625
0 0.22578125 0.57734375 0.01875 0.01953125
0 0.94609375 0.4671875 0.0234375 0.02578125
0 0.85390625 0.6921875 0.0390625 0.03671875
0 0.5109375 0.16328125 0.0265625 0.025
0 0.66796875 0.2265625 0.05390625 0.04140625
0 0.25859375 0.3953125 0.0203125 0.0203125
0 0.45703125 0.94375 0.06328125 0.0515625
0 0.2296875 0.52265625 0.02109375 0.02265625
1 0.425 0.25625 0.02578125 0.02109375