0 0.2890625 0.70234375 0.07578125 0.0796875
0 0.3515625 0.69609375 0.046875 0.053125
0 0.5015625 0.80078125 0.021875 0.01796875
0 0.54609375 0.90078125 0.02734375 0.03671875
0 0.61171875 0.66328125 0.02109375 0.01953125
0 0.58828125 0.390625 0.0546875 0.06015625
0 0.5875 0.28359375 0.0859375 0.08828125
0 0.69140625 0.26328125 0.046875 0.04921875
0 0.915625 0.296875 0.09375 0.08046875
0 0.3671875 0.14921875 0.06484375 0.05625
0 0.328125 0.0953125 0.05234375 0.04921875
0 0.053125 0.09296875 0.021875 0.025