0 0.15390625 0.33046875 0.02578125 0.02578125
0 0.5734375 0.12265625 0.03203125 0.0328125
0 0.98046875 0.47421875 0.01640625 0.0171875
0 0.09296875 0.3359375 0.02578125 0.02578125
0 0.971875 0.32109375 0.03046875 0.03984375
0 0.525 0.203125 0.028125 0.028125
0 0.77265625 0.32421875 0.02734375 0.0265625
0 0.9390625 0.21875 0.02265625 0.0234375
0 0.68203125 0.5203125 0.02734375 0.028125
0 0.603125 0.6625 0.02578125 0.02578125
0 0.51640625 0.4984375 0.0234375 0.025
0 0.1578125 0.30546875 0.02734375 0.025
0 0.684375 0.42578125 0.03125 0.03046875
0 0.6921875 0.11875 0.0140625 0.01328125
0 0.50078125 0.2859375 0.0234375 0.025
0 0.06015625 0.2859375 0.028125 0.0296875
0 0.58828125 0.4359375 0.0203125 0.021875
0 0.915625 0.5921875 0.02109375 0.021875
0 0.8234375 0.48984375 0.03046875 0.0328125
0 0.67265625 0.06875 0.015625 0.0140625
0 0.984375 0.12734375 0.03125 0.0359375
0 0.80234375 0.36875 0.015625 0.015625
0 0.559375 0.0609375 0.02890625 0.0265625
0 0.52890625 0.5296875 0.0296875 0.03046875
0 0.0796875 0.265625 0.02421875 0.0234375
0 0.1328125 0.46796875 0.02734375 0.0296875
0 0.95703125 0.0921875 0.01796875 0.01796875
0 0.50546875 0.39765625 0.0296875 0.0296875
0 0.82109375 0.2328125 0.021875 0.0265625
0 0.9234375 0.128125 0.0328125 0.0328125
0 0.75546875 0.06796875 0.03046875 0.02890625
0 0.42265625 0.1625 0.02734375 0.02578125
0 0.62734375 0.7 0.025 0.02265625
0 0.840625 0.26875 0.0234375 0.0234375
0 0.746875 0.5328125 0.02734375 0.028125
0 0.5875 0.50078125 0.034375 0.0390625
0 0.8921875 0.36953125 0.0484375 0.05078125
0 0.6625 0.09296875 0.0125 0.0125
0 0.8484375 0.32421875 0.0296875 0.03203125
0 0.53359375 0.4265625 0.025 0.0234375
0 0.9953125 0.4078125 0.00859375 0.0234375
0 0.2546875 0.13046875 0.04296875 0.03984375
0 0.56796875 0.790625 0.02578125 0.025
0 0.88359375 0.29609375 0.034375 0.0375
0 0.4234375 0.30390625 0.03046875 0.0328125
0 0.3765625 0.1609375 0.02109375 0.02109375
0 0.2046875 0.3078125 0.02265625 0.021875
0 0.4390625 0.9046875 0.0265625 0.02578125
0 0.7984375 0.1140625 0.04453125 0.0453125
0 0.88828125 0.428125 0.04609375 0.0515625
0 0.6703125 0.2203125 0.01796875 0.02109375
0 0.6609375 0.365625 0.04453125 0.046875
0 0.56796875 0.70703125 0.02265625 0.02265625
0 0.55546875 0.54921875 0.02265625 0.0265625
0 0.596875 0.26171875 0.0359375 0.04140625
0 0.19921875 0.13046875 0.034375 0.03671875
0 0.36484375 0.95703125 0.01875 0.01953125
0 0.94921875 0.9203125 0.01796875 0.021875
0 0.5875 0.72421875 0.028125 0.0265625
0 0.13828125 0.4265625 0.0296875 0.0328125
0 0.99609375 0.58984375 0.0078125 0.021875
0 0.68203125 0.8359375 0.021875 0.02265625
0 0.73984375 0.04765625 0.01640625 0.01640625
0 0.34765625 0.13125 0.034375 0.03359375
0 0.465625 0.1984375 0.0171875 0.01640625
0 0.5109375 0.68828125 0.0296875 0.028125
0 0.98203125 0.259375 0.03515625 0.065625
0 0.896875 0.93671875 0.0171875 0.0203125
0 0.553125 0.8234375 0.03203125 0.0296875
0 0.79609375 0.034375 0.03125 0.03125
0 0.646875 0.034375 0.0140625 0.01328125
0 0.58671875 0.55546875 0.01953125 0.02578125
0 0.55390625 0.28515625 0.0453125 0.05234375
0 0.7359375 0.4140625 0.06015625 0.0578125
0 0.73671875 0.7046875 0.03515625 0.0359375
0 0.90625 0.08359375 0.05703125 0.05546875
0 0.50625 0.58984375 0.03671875 0.03515625
0 0.64765625 0.31484375 0.04921875 0.05078125
0 0.146875 0.69453125 0.02890625 0.0296875