1 0.04609375 0.2765625 0.01484375 0.01484375
1 0.0328125 0.1375 0.0140625 0.0125
1 0.04140625 0.609375 0.01015625 0.01015625
1 0.24375 0.04609375 0.01171875 0.0140625
1 0.028125 0.27578125 0.025 0.02421875
1 0.17421875 0.07421875 0.02734375 0.02890625
1 0.0734375 0.33359375 0.01875 0.02421875
1 0.01171875 0.753125 0.009375 0.0109375
1 0.625 0.134375 0.00859375 0.01171875
1 0.85234375 0.03359375 0.009375 0.0109375
1 0.171875 0.5828125 0.01328125 0.01328125
1 0.296875 0.04921875 0.01796875 0.01171875
1 0.0703125 0.17265625 0.03515625 0.0359375
1 0.01640625 0.16796875 0.02578125 0.0296875
1 0.69453125 0.0875 0.0109375 0.015625
1 0.3125 0.01796875 0.03515625 0.02890625