1 0.58125 0.95078125 0.02265625 0.02578125
1 0.43125 0.959375 0.009375 0.01171875
1 0.8796875 0.9859375 0.0125 0.0109375
1 0.4296875 0.90703125 0.0109375 0.01015625
1 0.74296875 0.88046875 0.028125 0.02109375
1 0.5375 0.8796875 0.0171875 0.02109375
1 0.775 0.90703125 0.0109375 0.01328125
1 0.978125 0.94375 0.01015625 0.0125
1 0.6703125 0.9953125 0.021875 0.009375
1 0.53203125 0.934375 0.01171875 0.01171875
0 0.93828125 0.85234375 0.01875 0.0203125
0 0.95390625 0.98515625 0.01640625 0.015625
1 0.54765625 0.95 0.021875 0.021875
0 0.9234375 0.8359375 0.01953125 0.02109375
1 0.409375 0.903125 0.0078125 0.01171875
1 0.540625 0.9109375 0.01328125 0.01796875
1 0.95 0.78828125 0.021875 0.02265625
0 0.8484375 0.85625 0.0203125 0.0203125
0 0.71640625 0.84140625 0.01953125 0.021875
0 0.984375 0.9625 0.0140625 0.0140625
0 0.92578125 0.96875 0.01796875 0.0171875
0 0.89921875 0.878125 0.01796875 0.02109375
0 0.89609375 0.96796875 0.01640625 0.01640625
0 0.8609375 0.8859375 0.0140625 0.01640625
0 0.82890625 0.88515625 0.01796875 0.01953125
0 0.88125 0.87265625 0.0171875 0.01796875
1 0.4125 0.96796875 0.0484375 0.04375
0 0.796875 0.94453125 0.08671875 0.08203125
1 0.8890625 0.96015625 0.01953125 0.01875
1 0.36484375 0.99453125 0.03125 0.01015625
1 0.95 0.90390625 0.0171875 0.01953125
0 0.9640625 0.90703125 0.0171875 0.01796875
1 0.8328125 0.91015625 0.03125 0.0265625
1 0.58359375 0.884375 0.01875 0.01875
1 0.96953125 0.87890625 0.021875 0.0234375