0 0.19765625 0.3296875 0.07578125 0.078125
0 0.4546875 0.3421875 0.0546875 0.0625
0 0.5171875 0.3828125 0.05625 0.06796875
0 0.5203125 0.44921875 0.0453125 0.04140625
0 0.35625 0.34765625 0.0296875 0.04140625
0 0.36875 0.4015625 0.025 0.025
0 0.365625 0.4359375 0.03125 0.025
0 0.18984375 0.4125 0.0234375 0.02578125
0 0.2578125 0.4234375 0.04921875 0.05859375
0 0.1484375 0.5296875 0.03125 0.03359375
0 0.228125 0.51015625 0.0328125 0.03671875
0 0.26328125 0.4921875 0.02890625 0.03359375
0 0.21328125 0.4515625 0.09140625 0.0796875
0 0.3703125 0.2890625 0.0375 0.0234375
0 0.5390625 0.115625 0.02890625 0.0328125
0 0.5375 0.1453125 0.021875 0.01953125
0 0.4703125 0.178125 0.015625 0.02734375
0 0.4890625 0.1875 0.0171875 0.02109375
0 0.71171875 0.334375 0.040625 0.03125
0 0.78125 0.3109375 0.02890625 0.02890625
0 0.675 0.05390625 0.05078125 0.040625