0 0.2328125 0.27890625 0.04140625 0.04296875
0 0.37734375 0.18984375 0.025 0.02890625
0 0.12578125 0.5671875 0.0234375 0.02578125
0 0.4828125 0.09609375 0.0359375 0.0375
0 0.63984375 0.53828125 0.0359375 0.03671875
0 0.5203125 0.1171875 0.03359375 0.03046875
0 0.48984375 0.26953125 0.0296875 0.02734375
0 0.2453125 0.12734375 0.0390625 0.0375
0 0.54375 0.42109375 0.03828125 0.03984375
0 0.384375 0.36484375 0.046875 0.046875
0 0.29453125 0.17578125 0.0421875 0.03984375
0 0.28203125 0.80546875 0.03515625 0.03515625
0 0.7359375 0.0578125 0.0390625 0.0359375
0 0.490625 0.3828125 0.02421875 0.02421875
0 0.26171875 0.634375 0.03125 0.0328125
0 0.1453125 0.1296875 0.02734375 0.02578125
0 0.06484375 0.63828125 0.028125 0.03125
0 0.04453125 0.3140625 0.0296875 0.03125
0 0.146875 0.16640625 0.0234375 0.01953125
0 0.38125 0.28515625 0.0296875 0.0296875
0 0.8875 0.3421875 0.0390625 0.04453125
0 0.5140625 0.703125 0.0328125 0.03359375
0 0.1109375 0.33828125 0.0390625 0.03671875
0 0.40703125 0.775 0.03203125 0.03125
0 0.3171875 0.70234375 0.0421875 0.04375
0 0.3640625 0.8 0.0328125 0.03203125
0 0.328125 0.8703125 0.03046875 0.0296875
0 0.06015625 0.49921875 0.03984375 0.04375
0 0.31796875 0.10625 0.025 0.0234375
0 0.4234375 0.5984375 0.0359375 0.03828125
0 0.20703125 0.28515625 0.0359375 0.03984375
0 0.26328125 0.2953125 0.0234375 0.02421875
0 0.80546875 0.7640625 0.02578125 0.025
0 0.68203125 0.03359375 0.0390625 0.03515625
0 0.3 0.35859375 0.0234375 0.02265625
0 0.08125 0.3734375 0.03046875 0.02890625
0 0.115625 0.05703125 0.03046875 0.0265625
0 0.60078125 0.07109375 0.0203125 0.01953125
0 0.33984375 0.065625 0.02734375 0.0328125
0 0.1421875 0.328125 0.0234375 0.025
0 0.67578125 0.51796875 0.04140625 0.03984375
0 0.5046875 0.859375 0.0328125 0.03125
0 0.04140625 0.68125 0.0359375 0.04140625
0 0.4359375 0.70078125 0.0515625 0.05234375
0 0.521875 0.2171875 0.01953125 0.01953125
0 0.01171875 0.35703125 0.01953125 0.0234375
0 0.92109375 0.2484375 0.05078125 0.05078125
0 0.30234375 0.88359375 0.0296875 0.0296875
0 0.490625 0.46171875 0.02578125 0.021875
0 0.39609375 0.74296875 0.03359375 0.0328125
0 0.02734375 0.23125 0.02265625 0.02890625
0 0.4515625 0.278125 0.02421875 0.02265625
0 0.95390625 0.72109375 0.04453125 0.04921875
0 0.29609375 0.57734375 0.0296875 0.028125
0 0.2421875 0.0734375 0.046875 0.040625
0 0.8921875 0.68125 0.0375 0.0375
0 0.3265625 0.81640625 0.03125 0.03203125
0 0.17265625 0.9125 0.02265625 0.021875
0 0.634375 0.053125 0.021875 0.021875
0 0.4375 0.2390625 0.0203125 0.0203125
0 0.4484375 0.32265625 0.03125 0.03046875
0 0.715625 0.50703125 0.046875 0.04609375
0 0.9515625 0.1703125 0.0484375 0.0515625
0 0.52421875 0.653125 0.0234375 0.0234375
0 0.1890625 0.409375 0.07421875 0.075
0 0.0484375 0.16015625 0.0515625 0.05703125
0 0.66015625 0.71171875 0.02578125 0.0265625
0 0.896875 0.7578125 0.0265625 0.0234375
1 0.85390625 0.85234375 0.01484375 0.01640625
0 0.7375 0.5609375 0.040625 0.0421875
0 0.69609375 0.62578125 0.015625 0.01484375
0 0.40625 0.57265625 0.01796875 0.01875
0 0.2765625 0.634375 0.065625 0.05859375
0 0.17109375 0.24921875 0.02109375 0.02578125
0 0.39453125 0.61015625 0.0203125 0.0234375
0 0.0265625 0.82421875 0.04765625 0.05625
0 0.50859375 0.89375 0.04140625 0.04140625
0 0.26796875 0.22265625 0.0171875 0.0171875
0 0.4890625 0.3328125 0.0703125 0.06171875
0 0.0546875 0.3765625 0.0234375 0.0328125
0 0.659375 0.01875 0.0453125 0.03515625
1 0.7703125 0.865625 0.01328125 0.01328125
0 0.11015625 0.7203125 0.04140625 0.04296875
0 0.05625 0.5375 0.01796875 0.01953125
0 0.66640625 0.759375 0.0515625 0.053125
0 0.3171875 0.27265625 0.05234375 0.05
0 0.65078125 0.9484375 0.02265625 0.021875
0 0.36640625 0.61484375 0.01953125 0.0203125
0 0.37265625 0.9671875 0.028125 0.02578125
0 0.53046875 0.9375 0.04375 0.04375
0 0.42734375 0.49765625 0.02109375 0.0203125
0 0.10625 0.82734375 0.08359375 0.08671875
0 0.60625 0.82578125 0.05859375 0.0515625
1 0.228125 0.9890625 0.0203125 0.01640625
0 0.56875 0.046875 0.01640625 0.015625
0 0.6046875 0.94453125 0.01796875 0.01953125
0 0.81171875 0.46015625 0.06171875 0.06328125
0 0.684375 0.92578125 0.01328125 0.01328125
0 0.95234375 0.4625 0.08828125 0.1046875
0 0.57578125 0.559375 0.059375 0.05078125
0 0.86640625 0.034375 0.0671875 0.05546875
0 0.18671875 0.83359375 0.0640625 0.06875
1 0.2015625 0.78828125 0.01328125 0.0140625
0 0.02578125 0.0390625 0.03828125 0.0375
0 0.27890625 0.0203125 0.06484375 0.034375
0 0.1921875 0.68046875 0.0671875 0.06484375
0 0.2515625 0.92109375 0.075 0.06875
0 0.19140625 0.0390625 0.01640625 0.015625
0 0.6515625 0.36015625 0.0921875 0.08359375
0 0.93515625 0.5703125 0.0578125 0.05859375
0 0.63515625 0.9015625 0.0421875 0.03984375
0 0.1921875 0.18203125 0.01484375 0.0140625
0 0.5375 0.521875 0.01875 0.01796875
0 0.8609375 0.85234375 0.0546875 0.053125
1 0.68984375 0.690625 0.040625 0.0546875