0 0.61796875 0.83828125 0.0375 0.03203125
0 0.62109375 0.89296875 0.03203125 0.02734375
0 0.03828125 0.3578125 0.025 0.02578125
0 0.96953125 0.64140625 0.03046875 0.03359375
0 0.02109375 0.78984375 0.028125 0.02734375
1 0.27109375 0.553125 0.0171875 0.01796875
0 0.5703125 0.16015625 0.0171875 0.015625
0 0.2859375 0.2796875 0.015625 0.015625
0 0.240625 0.4609375 0.021875 0.02109375
0 0.034375 0.15625 0.0140625 0.0140625
0 0.01953125 0.24921875 0.01875 0.01953125
0 0.8328125 0.1765625 0.01640625 0.01796875
0 0.3296875 0.73515625 0.02265625 0.02265625
0 0.7828125 0.8734375 0.021875 0.01953125
0 0.7609375 0.90859375 0.0328125 0.0296875
0 0.51015625 0.68828125 0.02890625 0.028125
0 0.0578125 0.21875 0.02265625 0.0234375
0 0.35390625 0.05703125 0.02109375 0.01796875
0 0.11171875 0.125 0.034375 0.03203125
0 0.1765625 0.0796875 0.01875 0.01796875
0 0.6390625 0.8578125 0.0328125 0.03046875
0 0.16796875 0.2359375 0.01796875 0.0171875
0 0.521875 0.15390625 0.0328125 0.03203125
0 0.21953125 0.16171875 0.021875 0.01953125
0 0.68984375 0.8265625 0.025 0.02265625
0 0.4515625 0.81640625 0.025 0.025
0 0.525 0.4125 0.01484375 0.01796875
0 0.69375 0.85 0.0296875 0.025
1 0.86640625 0.615625 0.03828125 0.0359375
0 0.6125 0.45078125 0.0171875 0.01875
0 0.64375 0.14921875 0.01640625 0.01328125
1 0.83984375 0.1984375 0.03203125 0.02890625
0 0.421875 0.08203125 0.04140625 0.0421875