1 0.09921875 0.0546875 0.01640625 0.015625
1 0.13046875 0.04921875 0.01875 0.01953125
1 0.05859375 0.05390625 0.03125 0.02265625
1 0.15546875 0.0515625 0.0421875 0.040625
1 0.06875 0.13828125 0.0140625 0.0140625
1 0.16484375 0.00859375 0.02734375 0.015625
1 0.13828125 0.06875 0.0265625 0.03125
1 0.13671875 0.0234375 0.04765625 0.0375
1 0.05234375 0.025 0.02578125 0.02109375
1 0.22890625 0.02109375 0.028125 0.02578125
1 0.12578125 0.0140625 0.02421875 0.021875
1 0.0234375 0.1234375 0.04296875 0.03515625
1 0.090625 0.1046875 0.0484375 0.03046875
1 0.1171875 0.09609375 0.02890625 0.02578125
1 0.0546875 0.04609375 0.01328125 0.01328125
1 0.01328125 0.1109375 0.009375 0.0078125
1 0.03828125 0.04609375 0.01015625 0.0109375
1 0.07265625 0.08203125 0.0265625 0.034375
1 0.0640625 0.1109375 0.03046875 0.01953125