0 0.5703125 0.19375 0.0390625 0.0328125
0 0.75625 0.246875 0.1078125 0.12890625
0 0.72578125 0.29296875 0.04296875 0.04453125
0 0.684375 0.45625 0.0453125 0.05078125
0 0.53203125 0.5015625 0.05078125 0.04921875
0 0.59375 0.4515625 0.0703125 0.0625
0 0.6546875 0.36015625 0.11171875 0.1078125
0 0.7328125 0.1 0.04921875 0.0390625
0 0.77578125 0.06875 0.046875 0.040625
0 0.43984375 0.77265625 0.0390625 0.040625
0 0.4859375 0.7765625 0.02109375 0.025
0 0.4703125 0.796875 0.03359375 0.03125
0 0.37578125 0.840625 0.0484375 0.0375
0 0.37421875 0.9359375 0.0484375 0.04140625
0 0.31875 0.93125 0.03359375 0.02734375
0 0.29375 0.95234375 0.025 0.0171875
0 0.2875 0.89609375 0.03515625 0.03125
0 0.365625 0.753125 0.0546875 0.04296875
0 0.3859375 0.7203125 0.021875 0.040625
0 0.4703125 0.41484375 0.040625 0.053125
0 0.60546875 0.0296875 0.04453125 0.02578125
0 0.746875 0.0578125 0.025 0.025
0 0.4 0.8765625 0.02734375 0.0375
0 0.43984375 0.859375 0.02890625 0.03125
0 0.3640625 0.9828125 0.040625 0.02578125
0 0.1859375 0.753125 0.04296875 0.0453125
0 0.24453125 0.9015625 0.05703125 0.0453125
0 0.22109375 0.9515625 0.02890625 0.025
0 0.54375 0.3125 0.02734375 0.03125
0 0.57890625 0.26015625 0.0296875 0.03359375
0 0.67890625 0.084375 0.0609375 0.05625
0 0.4703125 0.89765625 0.03125 0.03515625