0 0.490625 0.6140625 0.01796875 0.0171875
0 0.221875 0.6515625 0.0171875 0.01875
0 0.3296875 0.68046875 0.05234375 0.05078125
0 0.18125 0.5140625 0.0125 0.01328125
0 0.35859375 0.74296875 0.01953125 0.01796875
0 0.15 0.5375 0.0203125 0.02109375
0 0.0578125 0.56328125 0.01875 0.02109375
0 0.1765625 0.621875 0.0296875 0.02890625
0 0.24296875 0.5125 0.02109375 0.02109375
0 0.2609375 0.31484375 0.01875 0.0203125
0 0.521875 0.65078125 0.02578125 0.025
0 0.30859375 0.77421875 0.0234375 0.02109375
0 0.14453125 0.29765625 0.015625 0.01640625
0 0.19453125 0.746875 0.04140625 0.04140625
0 0.084375 0.2671875 0.015625 0.01640625
0 0.190625 0.6078125 0.0265625 0.02578125
0 0.73671875 0.975 0.03984375 0.028125
0 0.375 0.578125 0.0203125 0.01953125
0 0.5203125 0.465625 0.02109375 0.02109375
0 0.33984375 0.31640625 0.05078125 0.0484375
0 0.68671875 0.55078125 0.0171875 0.0171875
0 0.5671875 0.5109375 0.02421875 0.025
0 0.10390625 0.13828125 0.01171875 0.0125
0 0.309375 0.7359375 0.0265625 0.0265625
0 0.23203125 0.78984375 0.03984375 0.0375
0 0.36953125 0.1484375 0.0171875 0.01640625
0 0.19140625 0.38984375 0.01875 0.0203125
0 0.653125 0.740625 0.0578125 0.0546875
0 0.04140625 0.63125 0.02421875 0.02734375
0 0.14765625 0.1234375 0.0140625 0.0140625
0 0.2359375 0.6609375 0.01484375 0.0171875
0 0.16640625 0.46171875 0.01328125 0.0140625
0 0.59609375 0.6484375 0.02578125 0.025
0 0.759375 0.66796875 0.0234375 0.02265625
0 0.38203125 0.5328125 0.0265625 0.025
0 0.13671875 0.36640625 0.015625 0.01796875
0 0.75859375 0.396875 0.01953125 0.0171875
0 0.8765625 0.790625 0.01640625 0.01640625
0 0.13828125 0.39453125 0.009375 0.01015625
0 0.02265625 0.4796875 0.00859375 0.0109375
0 0.940625 0.81015625 0.0265625 0.02578125
0 0.1953125 0.68515625 0.021875 0.02734375
0 0.165625 0.66875 0.02734375 0.028125
0 0.0953125 0.6703125 0.0234375 0.021875
0 0.79375 0.66796875 0.02109375 0.0203125
0 0.8765625 0.26328125 0.02421875 0.02265625
0 0.840625 0.4046875 0.02109375 0.02109375
0 0.15078125 0.7453125 0.034375 0.0359375
0 0.58515625 0.8609375 0.04765625 0.0390625
0 0.021875 0.4390625 0.0140625 0.0171875
0 0.20234375 0.20625 0.0140625 0.015625
0 0.8515625 0.48828125 0.02265625 0.02421875
0 0.94921875 0.678125 0.021875 0.02421875
0 0.28984375 0.50625 0.01953125 0.021875
0 0.6984375 0.64375 0.021875 0.0203125
0 0.3234375 0.5796875 0.009375 0.01015625
0 0.1359375 0.1859375 0.02265625 0.02265625
0 0.684375 0.490625 0.025 0.025
0 0.5828125 0.76015625 0.03671875 0.0328125
0 0.68203125 0.84921875 0.05390625 0.04375
0 0.59609375 0.03359375 0.02265625 0.01875
0 0.2609375 0.275 0.02265625 0.02578125
0 0.115625 0.18359375 0.0234375 0.02265625
0 0.70625 0.6875 0.04140625 0.0421875
0 0.78515625 0.34375 0.02421875 0.0234375
0 0.7859375 0.55234375 0.0515625 0.04609375
0 0.76640625 0.775 0.059375 0.0421875
0 0.9796875 0.84296875 0.01328125 0.01328125
0 0.02578125 0.2796875 0.0171875 0.02109375
0 0.8921875 0.6125 0.02421875 0.025
0 0.534375 0.4234375 0.03125 0.03125
0 0.8296875 0.68984375 0.03828125 0.03828125
0 0.140625 0.2484375 0.03359375 0.03125
0 0.46875 0.26640625 0.05 0.03984375
0 0.7609375 0.553125 0.03046875 0.03125
0 0.29921875 0.8921875 0.02890625 0.02265625
0 0.56171875 0.8 0.0421875 0.0375
0 0.4453125 0.69609375 0.03515625 0.03125
0 0.7921875 0.8671875 0.05625 0.0453125
0 0.8703125 0.565625 0.02109375 0.02421875
0 0.79921875 0.64140625 0.040625 0.0375
0 0.57734375 0.7203125 0.03046875 0.0359375
0 0.58671875 0.590625 0.02890625 0.0265625
0 0.38515625 0.61875 0.0328125 0.03203125
0 0.27265625 0.8078125 0.0390625 0.034375
0 0.4515625 0.5046875 0.02890625 0.0265625
0 0.34609375 0.7796875 0.05859375 0.0484375
0 0.72421875 0.5421875 0.02890625 0.02734375
0 0.09453125 0.3828125 0.03828125 0.040625
0 0.74375 0.8484375 0.0625 0.0484375
0 0.68515625 0.40625 0.02734375 0.02578125
0 0.903125 0.653125 0.0390625 0.03984375
0 0.57109375 0.665625 0.03046875 0.02734375
0 0.5171875 0.70859375 0.06328125 0.0546875
0 0.91484375 0.77421875 0.0453125 0.04296875
0 0.928125 0.54609375 0.03125 0.03359375
0 0.5890625 0.53828125 0.03828125 0.0359375
0 0.25859375 0.646875 0.053125 0.05234375
0 0.8078125 0.75078125 0.02265625 0.021875
0 0.43046875 0.3078125 0.04140625 0.0359375
0 0.41328125 0.7171875 0.0453125 0.0421875
0 0.52734375 0.07734375 0.025 0.0234375
0 0.528125 0.603125 0.04609375 0.04375
0 0.93203125 0.56640625 0.0359375 0.0375
0 0.79375 0.48828125 0.0421875 0.0421875
0 0.45390625 0.76640625 0.06484375 0.05859375
0 0.846875 0.615625 0.04375 0.04609375
0 0.8734375 0.85625 0.02421875 0.01875
0 0.34296875 0.87421875 0.0390625 0.03046875
0 0.68125 0.4578125 0.04375 0.04140625
0 0.115625 0.56875 0.0796875 0.05546875
0 0.29140625 0.1328125 0.05 0.0421875
0 0.3515625 0.03359375 0.0125 0.0109375
0 0.17265625 0.07578125 0.03046875 0.028125
0 0.5546875 0.1109375 0.03671875 0.03125
0 0.0421875 0.6796875 0.05078125 0.06875
0 0.8390625 0.5609375 0.0390625 0.0390625
0 0.55546875 0.36875 0.04375 0.04296875
0 0.13515625 0.70234375 0.028125 0.03125
0 0.93359375 0.4359375 0.04453125 0.0453125
0 0.81015625 0.2671875 0.0421875 0.04140625
0 0.6390625 0.38984375 0.0484375 0.046875
0 0.890625 0.92109375 0.0484375 0.04140625
0 0.2359375 0.34765625 0.05234375 0.04921875
0 0.45390625 0.05078125 0.04609375 0.03828125
0 0.15703125 0.4 0.04921875 0.053125
0 0.68203125 0.35625 0.0609375 0.05859375
0 0.43515625 0.859375 0.065625 0.05625
0 0.48828125 0.85234375 0.015625 0.028125
0 0.6609375 0.92890625 0.05703125 0.0421875
0 0.503125 0.95 0.0234375 0.0234375
0 0.4234375 0.2671875 0.07265625 0.0609375
0 0.6609375 0.65390625 0.06171875 0.059375
0 0.48828125 0.9484375 0.02578125 0.02421875
0 0.28984375 0.0265625 0.0421875 0.03828125
0 0.75234375 0.82890625 0.04375 0.03203125
0 0.4078125 0.940625 0.0421875 0.0296875
0 0.41171875 0.41796875 0.09375 0.0859375
0 0.909375 0.47109375 0.08203125 0.08515625