0 0.475 0.14296875 0.0171875 0.01796875
0 0.40703125 0.228125 0.01640625 0.01640625
0 0.434375 0.1390625 0.0171875 0.01640625
0 0.4765625 0.1 0.0171875 0.0171875
0 0.7296875 0.11640625 0.0203125 0.01875
0 0.40859375 0.3515625 0.01953125 0.0203125
0 0.065625 0.76875 0.01171875 0.01171875
0 0.1265625 0.48671875 0.01328125 0.01328125
0 0.12265625 0.65078125 0.02109375 0.021875
0 0.04453125 0.803125 0.025 0.02265625
0 0.321875 0.03828125 0.015625 0.01484375
0 0.4265625 0.01953125 0.02421875 0.02265625
0 0.11953125 0.12265625 0.01796875 0.01875
0 0.76015625 0.17265625 0.021875 0.021875
0 0.3421875 0.18984375 0.02109375 0.0234375
0 0.1125 0.15859375 0.01796875 0.01796875
0 0.246875 0.9265625 0.01875 0.02109375
0 0.32421875 0.96015625 0.02265625 0.0234375
0 0.37890625 0.971875 0.025 0.0234375
0 0.36328125 0.2203125 0.02109375 0.0234375
0 0.38671875 0.1953125 0.021875 0.02109375
0 0.425 0.05625 0.0265625 0.025
0 0.4390625 0.18984375 0.0234375 0.0265625
0 0.17109375 0.11953125 0.0203125 0.02109375
0 0.06171875 0.4734375 0.02265625 0.0234375
0 0.02265625 0.90390625 0.02890625 0.028125
0 0.746875 0.93984375 0.09453125 0.08125
0 0.1859375 0.634375 0.015625 0.015625
0 0.47734375 0.3125 0.021875 0.021875
0 0.08125 0.3953125 0.025 0.02578125
1 0.48046875 0.93046875 0.009375 0.01015625
0 0.16328125 0.1625 0.028125 0.0265625
0 0.5015625 0.9703125 0.02734375 0.0265625
0 0.7640625 0.209375 0.028125 0.02890625
0 0.5875 0.34375 0.078125 0.0765625
0 0.525 0.01875 0.02578125 0.01953125
0 0.15859375 0.63359375 0.02421875 0.02421875
1 0.49140625 0.8921875 0.0125 0.0125
0 0.3109375 0.02734375 0.0203125 0.0171875
0 0.5703125 0.0421875 0.02890625 0.0265625
0 0.2921875 0.390625 0.02734375 0.0296875
0 0.7703125 0.078125 0.0265625 0.02421875
0 0.42734375 0.09140625 0.0359375 0.03515625
0 0.01015625 0.6953125 0.0140625 0.015625
0 0.3671875 0.34296875 0.03046875 0.0328125
0 0.12109375 0.9203125 0.10078125 0.10078125
0 0.74921875 0.25390625 0.0265625 0.02578125
0 0.3453125 0.0234375 0.025 0.0203125
0 0.715625 0.05 0.03125 0.028125
0 0.42109375 0.9359375 0.01953125 0.01953125
0 0.70390625 0.375 0.02109375 0.02265625
0 0.1 0.9796875 0.02890625 0.025
0 0.6625 0.08203125 0.03203125 0.03125
0 0.55859375 0.2796875 0.03203125 0.03203125
0 0.30703125 0.203125 0.040625 0.03984375
0 0.69296875 0.1734375 0.06953125 0.06875
0 0.88125 0.8171875 0.0203125 0.028125
0 0.79765625 0.871875 0.02734375 0.02734375
0 0.4015625 0.96015625 0.05234375 0.04921875
0 0.5984375 0.01015625 0.0234375 0.01953125
0 0.07109375 0.71875 0.03671875 0.03984375
0 0.6046875 0.975 0.01953125 0.0203125
0 0.74375 0.07734375 0.03125 0.02890625
0 0.1203125 0.26484375 0.03203125 0.03125
0 0.33828125 0.8953125 0.025 0.02578125
0 0.82109375 0.453125 0.01953125 0.02265625
0 0.7671875 0.371875 0.05859375 0.06171875
0 0.7984375 0.2359375 0.0328125 0.034375
0 0.63125 0.8609375 0.0453125 0.04375
0 0.2609375 0.17109375 0.03203125 0.03125
1 0.48125 0.9078125 0.01171875 0.01328125
0 0.5265625 0.1046875 0.05625 0.05546875
0 0.74921875 0.28203125 0.02890625 0.03359375
0 0.3671875 0.13046875 0.0671875 0.0625
0 0.31953125 0.7515625 0.10703125 0.103125
0 0.8109375 0.07421875 0.034375 0.03359375
0 0.26484375 0.83203125 0.0484375 0.0453125
0 0.79609375 0.1359375 0.04765625 0.046875
0 0.2921875 0.97265625 0.04765625 0.03671875
0 0.6046875 0.0984375 0.03359375 0.0296875
0 0.02265625 0.57734375 0.0375 0.0484375
0 0.78203125 0.0609375 0.040625 0.04140625
0 0.1671875 0.03125 0.04765625 0.03984375
0 0.51171875 0.2171875 0.07421875 0.0734375
0 0.321875 0.3234375 0.04296875 0.04375
0 0.1125 0.3 0.059375 0.06796875
0 0.74375 0.0203125 0.0609375 0.040625
0 0.103125 0.034375 0.04765625 0.0375
0 0.225 0.1375 0.04296875 0.04296875
0 0.5953125 0.1703125 0.059375 0.059375
0 0.65703125 0.96015625 0.0609375 0.053125
0 0.69609375 0.89296875 0.0375 0.0359375
0 0.1875 0.315625 0.0796875 0.078125
0 0.6203125 0.2640625 0.0515625 0.05078125
0 0.90234375 0.4 0.0703125 0.0609375
0 0.9203125 0.1984375 0.08203125 0.08046875
0 0.7109375 0.2359375 0.0453125 0.05078125
0 0.77421875 0.8078125 0.04140625 0.03828125
0 0.8375 0.29296875 0.040625 0.040625
0 0.38125 0.053125 0.05625 0.0484375
0 0.85625 0.18671875 0.07734375 0.071875
0 0.29375 0.88828125 0.01953125 0.021875
0 0.203125 0.20703125 0.07109375 0.07421875
0 0.88125 0.39921875 0.02890625 0.0359375
0 0.83203125 0.83125 0.1109375 0.10546875
0 0.56015625 0.8421875 0.04375 0.04453125
0 0.43828125 0.93515625 0.02265625 0.02421875
0 0.32109375 0.259375 0.05234375 0.053125
1 0.80625 0.575 0.03515625 0.03125
1 0.81015625 0.65078125 0.0296875 0.03125
1 0.88515625 0.60703125 0.028125 0.03515625
1 0.83671875 0.54296875 0.03125 0.02734375
1 0.8703125 0.571875 0.04140625 0.02421875
1 0.31796875 0.83984375 0.02265625 0.02265625
1 0.21484375 0.9140625 0.028125 0.0296875
1 0.32890625 0.8421875 0.03046875 0.03359375
1 0.715625 0.31953125 0.0421875 0.03046875
1 0.3859375 0.31015625 0.028125 0.040625
1 0.55 0.33125 0.04375 0.053125
1 0.64765625 0.3359375 0.02265625 0.02421875
1 0.759375 0.86328125 0.03984375 0.034375