0 0.8296875 0.96953125 0.02421875 0.02421875
0 0.9609375 0.7796875 0.0203125 0.02265625
0 0.09140625 0.74921875 0.04140625 0.05234375
0 0.32734375 0.628125 0.04765625 0.0484375
0 0.7625 0.67734375 0.03046875 0.0296875
0 0.928125 0.72734375 0.04453125 0.04765625
0 0.49921875 0.62421875 0.03125 0.02890625
0 0.528125 0.87421875 0.065625 0.05703125
0 0.26640625 0.3078125 0.025 0.02421875
0 0.0203125 0.7703125 0.040625 0.05625
0 0.25234375 0.21875 0.02578125 0.02265625
0 0.721875 0.5640625 0.05625 0.06015625
0 0.971875 0.69375 0.025 0.02734375
0 0.5734375 0.715625 0.0234375 0.0234375
0 0.96171875 0.4578125 0.02890625 0.0328125
0 0.6953125 0.47734375 0.025 0.0265625
0 0.08515625 0.79765625 0.02421875 0.025
0 0.403125 0.25 0.0296875 0.028125
0 0.43203125 0.3984375 0.0203125 0.01953125
0 0.35703125 0.509375 0.0609375 0.059375
0 0.85234375 0.2328125 0.03828125 0.03828125
0 0.934375 0.784375 0.0328125 0.03671875
0 0.08046875 0.384375 0.05859375 0.06328125
0 0.815625 0.38203125 0.0640625 0.0703125
0 0.54765625 0.809375 0.0203125 0.0203125
0 0.16328125 0.721875 0.015625 0.0171875
0 0.796875 0.98515625 0.03984375 0.0296875
0 0.6390625 0.96640625 0.02578125 0.0234375
0 0.7953125 0.7046875 0.0328125 0.0328125
0 0.89140625 0.853125 0.02109375 0.02265625
0 0.65 0.92265625 0.02265625 0.02109375
0 0.23125 0.71171875 0.02109375 0.0203125
0 0.6421875 0.82890625 0.03203125 0.02734375
1 0.04609375 0.91015625 0.05 0.028125
1 0.12109375 0.875 0.028125 0.02265625
0 0.65234375 0.5765625 0.04375 0.0484375
0 0.7546875 0.87578125 0.02265625 0.021875
0 0.5 0.6796875 0.02421875 0.0234375
0 0.884375 0.71171875 0.015625 0.01640625
0 0.634375 0.8546875 0.01640625 0.015625
0 0.375 0.30859375 0.04296875 0.04375
0 0.60234375 0.98125 0.02421875 0.01875
0 0.8015625 0.73125 0.0296875 0.02734375
0 0.5328125 0.67109375 0.025 0.0234375
0 0.5421875 0.8390625 0.01640625 0.0171875
0 0.15703125 0.65546875 0.04140625 0.04375
0 0.28125 0.1359375 0.0625 0.04375
0 0.54375 0.54765625 0.01796875 0.01875
0 0.91484375 0.82890625 0.01953125 0.02109375
0 0.84921875 0.6078125 0.0296875 0.03203125
0 0.87578125 0.84296875 0.02578125 0.0265625
0 0.5640625 0.27109375 0.0265625 0.0265625
0 0.71796875 0.778125 0.01640625 0.015625
0 0.7359375 0.2421875 0.04296875 0.0390625
0 0.86015625 0.853125 0.01328125 0.0140625
0 0.88203125 0.62578125 0.02734375 0.02421875
0 0.68125 0.7640625 0.01484375 0.0140625
0 0.48984375 0.8421875 0.0140625 0.0140625
0 0.41328125 0.79921875 0.02109375 0.01875
0 0.89375 0.77109375 0.03203125 0.03125
0 0.26953125 0.36875 0.0171875 0.0171875
0 0.81015625 0.55 0.021875 0.02109375
0 0.7546875 0.77421875 0.015625 0.01484375
0 0.14296875 0.14921875 0.02734375 0.025
0 0.71796875 0.04765625 0.0296875 0.0296875
0 0.87578125 0.58671875 0.015625 0.01640625
0 0.81875 0.2859375 0.02421875 0.02734375
0 0.2046875 0.41328125 0.03359375 0.0375
0 0.77109375 0.47265625 0.02421875 0.0265625
0 0.884375 0.384375 0.0171875 0.01640625
0 0.6375 0.32421875 0.0296875 0.0265625
0 0.4328125 0.84765625 0.0109375 0.0109375
0 0.91484375 0.871875 0.02109375 0.01953125
0 0.79375 0.57265625 0.0171875 0.01796875
0 0.86796875 0.34375 0.02109375 0.021875
0 0.978125 0.51953125 0.034375 0.0453125
0 0.8234375 0.5640625 0.0140625 0.0140625
0 0.9328125 0.56640625 0.03515625 0.04140625
0 0.8078125 0.8953125 0.0125 0.0125
0 0.94453125 0.534375 0.0171875 0.02109375
0 0.17265625 0.628125 0.0140625 0.015625
0 0.9703125 0.6671875 0.0140625 0.015625
0 0.9953125 0.5796875 0.009375 0.02265625
0 0.8953125 0.48203125 0.01875 0.01953125
0 0.771875 0.621875 0.028125 0.02734375
0 0.98515625 0.3421875 0.02109375 0.0234375
0 0.521875 0.3671875 0.0171875 0.01796875
0 0.9578125 0.65859375 0.0171875 0.01796875
0 0.51328125 0.22265625 0.015625 0.015625
0 0.70390625 0.25703125 0.02109375 0.021875
0 0.83515625 0.1734375 0.040625 0.03671875
0 0.9875 0.8109375 0.015625 0.01953125
0 0.3296875 0.2015625 0.0140625 0.01484375
0 0.0703125 0.58359375 0.01015625 0.01171875
0 0.5296875 0.83125 0.01171875 0.01171875
1 0.88515625 0.94296875 0.02265625 0.02265625