0 0.265625 0.40703125 0.05234375 0.06875
0 0.2140625 0.40546875 0.04296875 0.0328125
0 0.15703125 0.45625 0.053125 0.05625
0 0.040625 0.4203125 0.04453125 0.0609375
0 0.12109375 0.40625 0.0859375 0.0703125
0 0.81796875 0.6296875 0.04453125 0.05078125
0 0.7109375 0.48359375 0.13515625 0.1703125
0 0.88125 0.5875 0.025 0.03671875
0 0.19453125 0.59375 0.0328125 0.046875
0 0.15078125 0.58984375 0.0390625 0.0390625
0 0.14296875 0.63125 0.04140625 0.0375
0 0.7078125 0.7203125 0.06640625 0.0796875
0 0.11875 0.4859375 0.04140625 0.053125
0 0.93984375 0.64296875 0.0234375 0.0390625
0 0.97890625 0.62421875 0.0421875 0.0421875