0 0.271875 0.234375 0.05078125 0.0546875
0 0.37109375 0.2890625 0.0390625 0.04140625
0 0.40546875 0.31640625 0.021875 0.03125
0 0.42890625 0.2671875 0.06640625 0.07421875
0 0.7578125 0.2765625 0.08046875 0.071875
0 0.709375 0.27890625 0.0328125 0.03671875
0 0.659375 0.2578125 0.0328125 0.02890625
0 0.59140625 0.240625 0.04921875 0.04140625
0 0.53125 0.25625 0.04140625 0.040625
0 0.5265625 0.228125 0.025 0.02578125
0 0.509375 0.315625 0.02578125 0.02734375
0 0.27890625 0.3109375 0.03359375 0.0296875
0 0.628125 0.203125 0.021875 0.0234375
0 0.6828125 0.2 0.04296875 0.05078125
0 0.7328125 0.20390625 0.021875 0.01953125
0 0.81484375 0.3421875 0.04453125 0.053125
0 0.73046875 0.35703125 0.03671875 0.04921875
0 0.76015625 0.353125 0.03125 0.04140625
0 0.59765625 0.3359375 0.03359375 0.0390625
0 0.55625 0.35546875 0.03515625 0.04140625
0 0.6234375 0.2984375 0.02578125 0.02890625
0 0.821875 0.2453125 0.06015625 0.06875