0 0.24375 0.1390625 0.053125 0.0484375
0 0.1578125 0.2265625 0.08984375 0.10390625
0 0.13203125 0.359375 0.05078125 0.0625
0 0.1421875 0.4078125 0.03515625 0.053125
0 0.16015625 0.446875 0.03359375 0.040625
0 0.16484375 0.67109375 0.06875 0.09765625
0 0.2046875 0.69453125 0.046875 0.05078125
0 0.1921875 0.7578125 0.05078125 0.05234375
0 0.2921875 0.92890625 0.0484375 0.0453125
0 0.2328125 0.3078125 0.0390625 0.0375
0 0.315625 0.06328125 0.0296875 0.025
0 0.225 0.065625 0.06875 0.05625
0 0.1921875 0.5328125 0.0296875 0.02890625
0 0.16015625 0.59140625 0.0390625 0.04921875
0 0.12890625 0.521875 0.02578125 0.05078125
0 0.259375 0.540625 0.03125 0.0296875