0 0.37421875 0.58828125 0.053125 0.046875
0 0.28359375 0.534375 0.04140625 0.0375
0 0.4515625 0.38515625 0.05078125 0.05234375
0 0.62421875 0.384375 0.05625 0.05625
0 0.6625 0.4171875 0.0453125 0.040625
1 0.6578125 0.4203125 0.01328125 0.01953125
0 0.359375 0.65625 0.05703125 0.0546875
0 0.80234375 0.38203125 0.0390625 0.0375
0 0.8671875 0.3546875 0.02890625 0.0328125
0 0.82578125 0.13671875 0.03671875 0.05234375
0 0.90390625 0.10859375 0.03671875 0.0453125
0 0.82734375 0.2078125 0.0375 0.03515625
0 0.55234375 0.653125 0.09609375 0.08203125
0 0.459375 0.4390625 0.05078125 0.040625