0 0.36953125 0.7875 0.04140625 0.04140625
0 0.39609375 0.6859375 0.04453125 0.03125
0 0.3609375 0.70234375 0.03125 0.025
0 0.3015625 0.678125 0.02734375 0.0296875
0 0.2703125 0.5703125 0.04296875 0.04921875
0 0.2109375 0.603125 0.02890625 0.03359375
0 0.1234375 0.67265625 0.0328125 0.04296875
0 0.1484375 0.6734375 0.03125 0.046875
0 0.62890625 0.7921875 0.12265625 0.103125
0 0.6296875 0.8140625 0.0296875 0.0234375
0 0.6078125 0.77265625 0.0234375 0.021875
0 0.6625 0.771875 0.02890625 0.02734375
0 0.7265625 0.725 0.05703125 0.0640625
1 0.725 0.7203125 0.02890625 0.02578125
0 0.56328125 0.5875 0.05625 0.06484375
1 0.56328125 0.584375 0.01171875 0.02109375
0 0.490625 0.60625 0.04921875 0.05859375
0 0.80625 0.653125 0.0484375 0.040625
0 0.23125 0.684375 0.04296875 0.0453125
0 0.4984375 0.828125 0.071875 0.06484375