0 0.821875 0.5484375 0.05078125 0.05625
0 0.8453125 0.65390625 0.046875 0.04453125
0 0.68125 0.88125 0.0328125 0.0296875
0 0.5046875 0.18515625 0.0328125 0.03125
0 0.59765625 0.10625 0.03671875 0.0296875
0 0.60703125 0.95390625 0.05234375 0.05078125
0 0.51953125 0.59375 0.06796875 0.06484375
0 0.65546875 0.4359375 0.021875 0.0234375
0 0.69296875 0.48203125 0.0234375 0.0234375
0 0.75859375 0.3921875 0.021875 0.02734375
0 0.8265625 0.43359375 0.021875 0.0234375
0 0.728125 0.3265625 0.0328125 0.02734375
0 0.84765625 0.2734375 0.02890625 0.02890625
0 0.7953125 0.20546875 0.05234375 0.046875
0 0.6875 0.92890625 0.02890625 0.025
0 0.75859375 0.025 0.0484375 0.0390625