0 0.43203125 0.71640625 0.11484375 0.1015625
0 0.60390625 0.68046875 0.06015625 0.0484375
0 0.5921875 0.565625 0.0765625 0.084375
0 0.7265625 0.44375 0.03125 0.0390625
0 0.9390625 0.16015625 0.08359375 0.08046875
0 0.146875 0.79375 0.04921875 0.0453125
1 0.1046875 0.0328125 0.084375 0.0328125
1 0.3265625 0.1328125 0.02734375 0.02890625
1 0.24609375 0.0578125 0.11484375 0.084375
1 0.69453125 0.834375 0.11875 0.1703125
1 0.7828125 0.49765625 0.09765625 0.078125
1 0.77734375 0.6234375 0.04921875 0.07578125
1 0.575 0.95234375 0.0875 0.084375
1 0.578125 0.2078125 0.109375 0.1265625
1 0.525 0.0765625 0.14453125 0.12734375
1 0.390625 0.025 0.04453125 0.04296875
1 0.365625 0.88046875 0.07421875 0.09375