0 0.58359375 0.48125 0.0109375 0.0125
0 0.63515625 0.62578125 0.0125 0.0140625
0 0.87265625 0.41015625 0.0109375 0.0140625
0 0.7890625 0.38046875 0.0140625 0.01484375
0 0.6734375 0.6453125 0.01328125 0.01328125
0 0.68828125 0.42265625 0.01484375 0.01640625
0 0.7046875 0.82109375 0.01015625 0.01015625
0 0.4515625 0.5765625 0.015625 0.01640625
0 0.6609375 0.49609375 0.0140625 0.01484375
0 0.6828125 0.36015625 0.02421875 0.025
0 0.85546875 0.803125 0.0328125 0.03203125
0 0.67734375 0.61875 0.0109375 0.01328125
0 0.7375 0.5953125 0.021875 0.021875
0 0.8109375 0.53359375 0.0140625 0.015625
0 0.6578125 0.35078125 0.0171875 0.015625
0 0.4921875 0.5421875 0.01640625 0.015625
0 0.75 0.6796875 0.046875 0.04765625
0 0.671875 0.48671875 0.0171875 0.0171875
0 0.65 0.4015625 0.0125 0.01328125
0 0.92890625 0.4015625 0.0109375 0.0125
0 0.9140625 0.50234375 0.01640625 0.01796875
0 0.81953125 0.69375 0.0109375 0.01171875
0 0.7125 0.3484375 0.01484375 0.01640625
0 0.65 0.28828125 0.01640625 0.01796875
0 0.81875 0.5484375 0.01328125 0.01328125
0 0.665625 0.41640625 0.01328125 0.01328125
0 0.94609375 0.56953125 0.009375 0.01171875
0 0.81953125 0.62265625 0.0109375 0.01328125
0 0.7765625 0.39296875 0.01328125 0.01484375
0 0.9125 0.65703125 0.059375 0.0640625
0 0.3265625 0.7546875 0.01953125 0.0203125
0 0.865625 0.65234375 0.01171875 0.0140625
0 0.96484375 0.46640625 0.0109375 0.01171875
0 0.83125 0.54765625 0.0125 0.01484375
0 0.8015625 0.55625 0.0125 0.0140625
0 0.77265625 0.82578125 0.0125 0.0140625
0 0.675 0.51328125 0.01484375 0.0171875
0 0.8078125 0.8828125 0.03671875 0.03359375
0 0.92890625 0.2703125 0.01328125 0.015625
0 0.84375 0.40859375 0.01171875 0.0125
0 0.83515625 0.44296875 0.0109375 0.01171875
0 0.753125 0.42109375 0.03359375 0.03671875
0 0.4140625 0.53046875 0.01875 0.01953125
0 0.51484375 0.53046875 0.02109375 0.021875
0 0.46640625 0.63671875 0.0140625 0.01484375
0 0.675 0.471875 0.0171875 0.0171875
0 0.72265625 0.853125 0.034375 0.03125
0 0.8921875 0.68671875 0.01171875 0.0125
0 0.97265625 0.21015625 0.0109375 0.0109375
0 0.9828125 0.296875 0.009375 0.0109375
0 0.7921875 0.690625 0.0140625 0.0171875
0 0.978125 0.409375 0.01171875 0.015625
0 0.86640625 0.521875 0.05078125 0.05390625
0 0.85625 0.5890625 0.0203125 0.0203125
0 0.8734375 0.596875 0.01015625 0.01171875
0 0.7265625 0.62734375 0.0125 0.01640625
0 0.6734375 0.6828125 0.04453125 0.040625
0 0.675 0.56640625 0.0125 0.01484375
0 0.26953125 0.90703125 0.015625 0.01484375
0 0.5375 0.571875 0.0265625 0.02890625
0 0.471875 0.59296875 0.01171875 0.0125
0 0.92109375 0.59921875 0.04921875 0.0546875
0 0.47109375 0.521875 0.02734375 0.02734375
0 0.396875 0.82734375 0.01875 0.01796875
0 0.6140625 0.86328125 0.01640625 0.015625
0 0.578125 0.4171875 0.0328125 0.03359375
0 0.278125 0.76875 0.0234375 0.0234375
0 0.22265625 0.78046875 0.0328125 0.03203125
0 0.94765625 0.53984375 0.009375 0.01171875
0 0.34296875 0.69765625 0.0265625 0.025
0 0.6125 0.58671875 0.025 0.0265625
0 0.4078125 0.81015625 0.02109375 0.01953125
0 0.59609375 0.68671875 0.03671875 0.03203125
0 0.996875 0.44375 0.00546875 0.01875
0 0.49921875 0.65078125 0.0203125 0.0203125
0 0.97109375 0.61484375 0.009375 0.01171875
0 0.71015625 0.7828125 0.021875 0.01875
0 0.40234375 0.88984375 0.01484375 0.01484375
0 0.60390625 0.44453125 0.02265625 0.02421875
0 0.5 0.62578125 0.025 0.025
0 0.746875 0.21953125 0.02890625 0.02734375
0 0.4609375 0.80546875 0.03984375 0.03515625
0 0.684375 0.15390625 0.025 0.02421875
0 0.51640625 0.8234375 0.02109375 0.0203125
0 0.70390625 0.565625 0.01640625 0.01875
0 0.44765625 0.50703125 0.03828125 0.03828125
0 0.728125 0.19609375 0.02265625 0.0203125
0 0.584375 0.62890625 0.02109375 0.025
0 0.4078125 0.85078125 0.02265625 0.02421875
0 0.42578125 0.70625 0.04453125 0.05234375
0 0.91640625 0.81171875 0.01875 0.01953125
1 0.50234375 0.9109375 0.02109375 0.0296875
0 0.97578125 0.5515625 0.0484375 0.09453125
0 0.9359375 0.6296875 0.0359375 0.03984375
0 0.634375 0.6796875 0.0421875 0.040625
0 0.9734375 0.13984375 0.0203125 0.02734375
0 0.73515625 0.13828125 0.02265625 0.02109375
0 0.475 0.884375 0.02578125 0.021875
0 0.821875 0.20234375 0.0234375 0.02578125
0 0.24375 0.85078125 0.0484375 0.04453125
0 0.7546875 0.12890625 0.0234375 0.0203125
0 0.35546875 0.78984375 0.021875 0.021875
0 0.2015625 0.89296875 0.02265625 0.02265625
0 0.63984375 0.9171875 0.0171875 0.0171875
1 0.2953125 0.89296875 0.0453125 0.04921875
1 0.51875 0.71328125 0.034375 0.05703125
1 0.52578125 0.7328125 0.05234375 0.08125
1 0.37109375 0.74140625 0.03671875 0.04296875
1 0.45703125 0.971875 0.04921875 0.0421875
1 0.5421875 0.953125 0.08828125 0.0671875
1 0.4921875 0.8453125 0.0390625 0.040625