0 0.9671875 0.434375 0.01484375 0.02578125
0 0.9671875 0.5 0.01640625 0.0359375
0 0.96953125 0.5984375 0.01640625 0.02734375
0 0.86796875 0.77734375 0.0265625 0.0296875
0 0.9703125 0.371875 0.01484375 0.02890625
0 0.84140625 0.859375 0.025 0.028125
0 0.8984375 0.7828125 0.01640625 0.021875
0 0.92890625 0.2859375 0.015625 0.021875
0 0.88203125 0.746875 0.02421875 0.03203125
0 0.96484375 0.403125 0.01484375 0.02578125
0 0.7328125 0.946875 0.03984375 0.03046875
0 0.89296875 0.19609375 0.025 0.028125
1 0.9109375 0.709375 0.0203125 0.025
0 0.9203125 0.7421875 0.01484375 0.02109375
0 0.98515625 0.3921875 0.0109375 0.01953125
0 0.8078125 0.88671875 0.02265625 0.0234375