0 0.1796875 0.7765625 0.05 0.046875
0 0.86875 0.91484375 0.040625 0.03671875
0 0.08359375 0.6953125 0.0546875 0.05234375
0 0.24296875 0.77421875 0.03984375 0.03984375
0 0.1171875 0.4234375 0.05546875 0.0546875
0 0.7375 0.825 0.05390625 0.04609375
0 0.8328125 0.6984375 0.0609375 0.05703125
0 0.021875 0.4296875 0.03828125 0.04453125
0 0.1734375 0.42421875 0.04375 0.046875
0 0.9234375 0.6984375 0.03203125 0.0328125
0 0.73671875 0.38203125 0.05078125 0.0484375
0 0.1765625 0.94375 0.0328125 0.02890625
0 0.98515625 0.7125 0.02421875 0.028125
0 0.90234375 0.77421875 0.025 0.0265625
0 0.04921875 0.66484375 0.03125 0.03515625
0 0.23203125 0.559375 0.03671875 0.03203125
0 0.16015625 0.559375 0.03828125 0.03671875
0 0.84453125 0.80078125 0.071875 0.0625
0 0.0984375 0.2921875 0.02890625 0.0296875
0 0.13515625 0.34296875 0.0609375 0.06328125
0 0.6796875 0.1859375 0.04453125 0.0390625
0 0.74375 0.92734375 0.04375 0.0390625
0 0.7359375 0.3375 0.04375 0.03828125
0 0.5359375 0.9171875 0.03671875 0.03203125
0 0.6859375 0.86796875 0.0453125 0.0390625
0 0.10703125 0.78203125 0.0421875 0.03359375
0 0.01171875 0.64765625 0.0234375 0.03984375
0 0.70078125 0.43515625 0.03984375 0.03515625
0 0.23828125 0.9140625 0.03125 0.028125
0 0.1421875 0.67265625 0.025 0.0265625
0 0.928125 0.76875 0.0234375 0.0265625
0 0.32265625 0.440625 0.028125 0.025
0 0.76875 0.29921875 0.04375 0.0390625
0 0.475 0.7484375 0.02890625 0.0265625
0 0.79765625 0.484375 0.0296875 0.02890625
0 0.4078125 0.5078125 0.0359375 0.0328125
0 0.9859375 0.621875 0.028125 0.03359375
0 0.21875 0.6953125 0.0296875 0.02890625
0 0.3828125 0.81953125 0.03515625 0.03203125
0 0.8171875 0.5734375 0.04140625 0.0359375
0 0.878125 0.10234375 0.04609375 0.040625
0 0.14609375 0.25 0.0515625 0.05234375
0 0.52890625 0.103125 0.05078125 0.0421875
0 0.7875 0.86640625 0.02734375 0.02578125
0 0.55390625 0.3671875 0.05546875 0.04609375
0 0.53984375 0.6015625 0.0578125 0.05234375
0 0.2453125 0.3890625 0.0578125 0.04921875
0 0.36171875 0.878125 0.05703125 0.05234375
0 0.1296875 0.94453125 0.02890625 0.028125
0 0.13359375 0.58125 0.0328125 0.0296875
0 0.91484375 0.2421875 0.0359375 0.03359375
0 0.2578125 0.5984375 0.0546875 0.05234375
0 0.57109375 0.2984375 0.0265625 0.025
0 0.12890625 0.6125 0.025 0.02734375
0 0.05078125 0.3203125 0.02578125 0.025
0 0.44609375 0.93671875 0.0625 0.05
0 0.6078125 0.275 0.03671875 0.03125
0 0.49609375 0.91796875 0.02265625 0.0203125
0 0.85234375 0.18984375 0.02734375 0.02578125
0 0.45859375 0.58359375 0.0328125 0.03125
0 0.815625 0.1640625 0.04765625 0.0421875
0 0.7609375 0.24609375 0.0328125 0.028125
0 0.353125 0.55390625 0.0546875 0.0515625
0 0.19140625 0.8171875 0.02421875 0.02265625
0 0.27109375 0.5234375 0.028125 0.0265625
0 0.8375 0.359375 0.0390625 0.03828125
0 0.35078125 0.925 0.025 0.02265625
0 0.875 0.44296875 0.02265625 0.0234375
0 0.965625 0.32890625 0.06328125 0.0671875
0 0.78125 0.77421875 0.02421875 0.021875
0 0.2578125 0.8109375 0.03203125 0.03125
0 0.9046875 0.57890625 0.08359375 0.0890625
0 0.2984375 0.5921875 0.05625 0.05234375
0 0.425 0.38984375 0.09140625 0.0765625
0 0.8625 0.60234375 0.0640625 0.06484375
0 0.9765625 0.5515625 0.046875 0.05
0 0.17265625 0.49375 0.021875 0.02109375
0 0.23515625 0.09921875 0.071875 0.06484375
0 0.86171875 0.0578125 0.0546875 0.04375
0 0.06328125 0.4265625 0.02578125 0.02421875
0 0.1375 0.209375 0.034375 0.034375
0 0.025 0.14140625 0.021875 0.02265625
0 0.303125 0.7 0.0625 0.0609375
0 0.79921875 0.28203125 0.06328125 0.0609375
0 0.14296875 0.7265625 0.02734375 0.0265625
0 0.72734375 0.22265625 0.03203125 0.02890625
0 0.25 0.16484375 0.0609375 0.053125
0 0.025 0.07265625 0.05 0.05703125
0 0.75546875 0.6734375 0.0921875 0.0890625
0 0.5640625 0.08515625 0.0453125 0.03359375
0 0.32578125 0.03359375 0.0453125 0.03515625
0 0.43359375 0.06015625 0.0640625 0.05546875
0 0.7109375 0.06328125 0.103125 0.0859375
0 0.95234375 0.125 0.0953125 0.109375
0 0.33359375 0.1453125 0.11953125 0.09453125
0 0.95390625 0.86796875 0.06640625 0.0890625
1 0.71484375 0.06796875 0.03828125 0.034375