0 0.840625 0.47578125 0.0453125 0.0609375
0 0.82109375 0.353125 0.0375 0.040625
0 0.7921875 0.1890625 0.0328125 0.03125
0 0.7625 0.1625 0.025 0.03125
0 0.7203125 0.1046875 0.03671875 0.04296875
0 0.7 0.05703125 0.0328125 0.02109375
0 0.65234375 0.0265625 0.04921875 0.01953125
0 0.8109375 0.73203125 0.06875 0.078125
0 0.8234375 0.75078125 0.0296875 0.0296875
0 0.85390625 0.75078125 0.0234375 0.0375
0 0.85078125 0.6703125 0.021875 0.0328125
0 0.85546875 0.603125 0.0234375 0.0234375
0 0.8953125 0.525 0.02734375 0.0375
0 0.884375 0.47421875 0.0375 0.0390625
0 0.89140625 0.55703125 0.01953125 0.0234375
0 0.86640625 0.56015625 0.01953125 0.01796875