0 0.19375 0.32890625 0.04453125 0.0484375
0 0.20859375 0.21796875 0.0390625 0.0390625
0 0.39296875 0.81796875 0.02109375 0.01875
0 0.1125 0.378125 0.03515625 0.03984375
0 0.03125 0.228125 0.04375 0.053125
0 0.065625 0.45 0.046875 0.05234375
0 0.03984375 0.58515625 0.01796875 0.0234375
0 0.42265625 0.67734375 0.0203125 0.0203125
0 0.140625 0.46875 0.04453125 0.05703125
0 0.12578125 0.28046875 0.028125 0.03203125
0 0.1875 0.5046875 0.01640625 0.0171875
0 0.12265625 0.2171875 0.025 0.02734375
0 0.1734375 0.6515625 0.03046875 0.03203125
0 0.17421875 0.55390625 0.02578125 0.03125
0 0.05546875 0.55390625 0.03125 0.0375
0 0.10078125 0.421875 0.0296875 0.0390625
0 0.25390625 0.62109375 0.0171875 0.01640625
0 0.5109375 0.6421875 0.01875 0.01875
0 0.23984375 0.2984375 0.01875 0.01953125
0 0.01875 0.4359375 0.0328125 0.0453125
0 0.09921875 0.55625 0.034375 0.04140625
0 0.478125 0.55234375 0.01640625 0.0171875
0 0.34453125 0.17734375 0.025 0.02421875
0 0.51875 0.77265625 0.01953125 0.02109375
0 0.2984375 0.28046875 0.03828125 0.0390625
0 0.15546875 0.3828125 0.0171875 0.01875
0 0.50078125 0.2484375 0.04140625 0.040625
0 0.3578125 0.0625 0.03125 0.02421875
0 0.25 0.7359375 0.01953125 0.0203125
0 0.31328125 0.4984375 0.01875 0.0203125
0 0.2953125 0.53359375 0.015625 0.01640625
0 0.25703125 0.41640625 0.01640625 0.0171875
0 0.2171875 0.371875 0.01640625 0.01875
0 0.26328125 0.7921875 0.04453125 0.0453125
0 0.36328125 0.2859375 0.046875 0.04609375
0 0.453125 0.4765625 0.04296875 0.0421875
0 0.35078125 0.3484375 0.01796875 0.01875
0 0.01953125 0.55546875 0.01875 0.02578125
0 0.39609375 0.14140625 0.02890625 0.02578125
0 0.103125 0.68828125 0.0203125 0.025
0 0.03828125 0.6109375 0.01796875 0.025
0 0.3109375 0.04140625 0.0296875 0.02421875
0 0.05390625 0.6453125 0.021875 0.028125
0 0.1984375 0.0359375 0.03203125 0.02578125
0 0.3890625 0.5609375 0.01875 0.01875
0 0.46171875 0.3 0.0234375 0.0234375
0 0.24375 0.57734375 0.021875 0.02265625
0 0.2453125 0.19609375 0.02578125 0.025