0 0.32265625 0.7046875 0.11171875 0.12109375
0 0.16015625 0.63671875 0.0625 0.05234375
0 0.08671875 0.51171875 0.07421875 0.09921875
0 0.459375 0.1859375 0.06875 0.0546875
0 0.23359375 0.525 0.0375 0.0484375
1 0.09296875 0.5125 0.02734375 0.01953125
0 0.69765625 0.696875 0.171875 0.1875
1 0.7046875 0.66328125 0.08203125 0.0328125
1 0.684375 0.7171875 0.10546875 0.053125
0 0.959375 0.56015625 0.03359375 0.04140625
0 0.7796875 0.51875 0.04921875 0.05078125
0 0.7375 0.4859375 0.01953125 0.021875
0 0.81015625 0.45390625 0.0234375 0.025
0 0.81953125 0.484375 0.01953125 0.02109375
0 0.9546875 0.48515625 0.02890625 0.03515625
0 0.8953125 0.596875 0.05078125 0.05625
0 0.8265625 0.35703125 0.053125 0.0625
0 0.90859375 0.39609375 0.03125 0.03359375
0 0.8890625 0.428125 0.0234375 0.0234375
0 0.91796875 0.440625 0.015625 0.01953125
0 0.59609375 0.29921875 0.046875 0.05703125
0 0.57734375 0.31953125 0.021875 0.025
0 0.2234375 0.24921875 0.0296875 0.0375
0 0.18984375 0.215625 0.03125 0.040625
0 0.1453125 0.2328125 0.025 0.0375
0 0.1796875 0.35859375 0.04140625 0.0453125
0 0.02890625 0.3890625 0.0390625 0.046875
0 0.3125 0.51171875 0.08828125 0.11484375
1 0.30703125 0.5125 0.03359375 0.0296875