0 0.23046875 0.89921875 0.07265625 0.071875
0 0.11484375 0.8203125 0.07265625 0.07578125
0 0.95546875 0.82890625 0.046875 0.05625
0 0.85 0.81953125 0.0375 0.0328125
0 0.85078125 0.65 0.146875 0.14296875
0 0.1796875 0.52109375 0.07265625 0.06796875
0 0.0671875 0.62421875 0.053125 0.07421875
0 0.0421875 0.75 0.0609375 0.10703125
0 0.203125 0.9796875 0.08046875 0.0328125
0 0.7125 0.8890625 0.109375 0.1234375
1 0.715625 0.87734375 0.03515625 0.04140625
1 0.18671875 0.528125 0.01953125 0.009375
1 0.834375 0.66953125 0.02109375 0.01015625
1 0.12109375 0.8265625 0.02109375 0.01328125