0 0.753125 0.2546875 0.01640625 0.01796875
0 0.8421875 0.4109375 0.015625 0.0171875
0 0.775 0.21875 0.01640625 0.01796875
0 0.890625 0.509375 0.00859375 0.01015625
0 0.8171875 0.5078125 0.0140625 0.01640625
0 0.78984375 0.328125 0.0109375 0.01171875
0 0.8359375 0.32265625 0.0109375 0.0125
0 0.80703125 0.30703125 0.009375 0.01015625
0 0.6796875 0.1390625 0.015625 0.015625
0 0.771875 0.603125 0.015625 0.01640625
0 0.60859375 0.2109375 0.01484375 0.0140625
0 0.853125 0.60546875 0.009375 0.0109375
0 0.8234375 0.6015625 0.0140625 0.01484375
0 0.5765625 0.21484375 0.028125 0.0234375
0 0.6046875 0.14375 0.01953125 0.0203125
0 0.95859375 0.365625 0.02109375 0.03125
0 0.63359375 0.11796875 0.01796875 0.0171875
0 0.80625 0.22421875 0.021875 0.02265625
0 0.7765625 0.55 0.01015625 0.0109375
0 0.93046875 0.3671875 0.009375 0.0125
0 0.70703125 0.38828125 0.01015625 0.01015625
0 0.684375 0.45625 0.0234375 0.02265625
0 0.9734375 0.4984375 0.01015625 0.01484375
0 0.82421875 0.30078125 0.02109375 0.02265625
0 0.68046875 0.19140625 0.02578125 0.02421875
0 0.77265625 0.37890625 0.02734375 0.028125
0 0.7328125 0.1328125 0.02578125 0.02421875
0 0.92265625 0.5671875 0.0265625 0.0375
0 0.965625 0.4046875 0.01328125 0.02109375
0 0.77578125 0.45 0.02578125 0.0265625
0 0.89453125 0.61015625 0.0078125 0.00859375
0 0.8296875 0.4640625 0.02578125 0.0265625
0 0.9578125 0.5953125 0.01640625 0.02421875
0 0.68046875 0.40546875 0.02578125 0.028125
0 0.7015625 0.26484375 0.021875 0.0234375
0 0.5265625 0.14453125 0.08515625 0.0671875
0 0.8640625 0.58125 0.02109375 0.0203125
0 0.63125 0.32734375 0.025 0.02265625
0 0.79375 0.39609375 0.034375 0.03671875
0 0.86796875 0.3734375 0.02265625 0.0234375
0 0.85234375 0.52734375 0.0109375 0.01171875
0 0.60625 0.2546875 0.02578125 0.0265625
0 0.8875 0.278125 0.0421875 0.05
0 0.6796875 0.2828125 0.03046875 0.03125
0 0.66171875 0.44765625 0.03203125 0.03359375
0 0.884375 0.4515625 0.0078125 0.009375
0 0.67109375 0.475 0.03203125 0.03125
0 0.80859375 0.73203125 0.03984375 0.03984375
0 0.7140625 0.17265625 0.03671875 0.0328125
0 0.46328125 0.0203125 0.02265625 0.01484375
0 0.61875 0.3765625 0.02265625 0.0265625
0 0.72265625 0.44765625 0.05625 0.0546875
0 0.71953125 0.5875 0.025 0.025
0 0.7140625 0.50859375 0.0375 0.0375
0 0.93828125 0.61875 0.015625 0.01953125
0 0.7796875 0.4875 0.015625 0.01640625
0 0.63359375 0.37734375 0.04765625 0.040625
1 0.80625 0.5328125 0.0171875 0.0234375
0 0.5015625 0.06328125 0.02890625 0.028125
0 0.84296875 0.14609375 0.0265625 0.0296875
0 0.74609375 0.6046875 0.01875 0.01640625
0 0.6421875 0.23125 0.034375 0.03515625
0 0.8765625 0.4859375 0.0078125 0.00859375
1 0.61328125 0.3328125 0.028125 0.03046875
1 0.83515625 0.76953125 0.01171875 0.0171875
1 0.95625 0.67578125 0.01015625 0.01875
1 0.7015625 0.6421875 0.0125 0.01015625
1 0.79609375 0.93046875 0.01484375 0.0125
0 0.934375 0.759375 0.01328125 0.01640625
1 0.81328125 0.76796875 0.0125 0.01328125
0 0.85234375 0.77890625 0.009375 0.0109375
1 0.76640625 0.8046875 0.01640625 0.0171875
1 0.903125 0.74375 0.00859375 0.009375
1 0.85625 0.88203125 0.01171875 0.0125
1 0.63984375 0.49921875 0.01015625 0.0109375
1 0.54609375 0.25390625 0.01484375 0.015625
0 0.93828125 0.753125 0.01015625 0.01484375
1 0.84296875 0.68359375 0.02109375 0.01953125
0 0.93203125 0.7015625 0.01328125 0.015625
1 0.89921875 0.7984375 0.009375 0.0125
0 0.94453125 0.7625 0.0078125 0.01015625
1 0.78984375 0.78046875 0.0125 0.0125
0 0.8859375 0.7546875 0.00703125 0.00859375
1 0.85859375 0.7125 0.01640625 0.01328125
0 0.91875 0.80625 0.0140625 0.02109375
1 0.69375 0.55625 0.01875 0.01953125
1 0.8734375 0.6796875 0.01953125 0.02734375
1 0.8671875 0.678125 0.0171875 0.01796875
1 0.8109375 0.77890625 0.01328125 0.0125
1 0.8375 0.709375 0.01484375 0.01796875
1 0.95 0.78203125 0.03828125 0.06796875
1 0.81953125 0.66640625 0.009375 0.01015625