0 0.86796875 0.4296875 0.01640625 0.0171875
0 0.853125 0.38203125 0.015625 0.01640625
0 0.86015625 0.353125 0.015625 0.01640625
0 0.8546875 0.365625 0.01640625 0.0171875
0 0.81328125 0.3734375 0.01640625 0.01640625
0 0.946875 0.4 0.01640625 0.021875
0 0.771875 0.253125 0.02734375 0.02734375
0 0.98828125 0.4234375 0.015625 0.01953125
0 0.853125 0.2859375 0.0234375 0.02421875
0 0.92734375 0.60078125 0.015625 0.01875
0 0.84765625 0.7140625 0.01015625 0.01171875
0 0.8484375 0.50703125 0.02109375 0.0234375
0 0.971875 0.56484375 0.01015625 0.01328125
0 0.8171875 0.34765625 0.02421875 0.02421875
0 0.8109375 0.165625 0.01953125 0.021875
0 0.87265625 0.72734375 0.009375 0.01015625
0 0.7375 0.7546875 0.01875 0.02421875
0 0.8859375 0.3125 0.0203125 0.02109375
0 0.9078125 0.4453125 0.009375 0.0109375
0 0.934375 0.39765625 0.01640625 0.0234375
0 0.8640625 0.9109375 0.009375 0.01015625
0 0.7828125 0.59453125 0.01171875 0.0125
0 0.84921875 0.253125 0.01953125 0.0203125
0 0.93046875 0.46171875 0.01640625 0.021875
0 0.9 0.80546875 0.0140625 0.015625
1 0.715625 0.909375 0.01953125 0.0171875
0 0.78046875 0.5015625 0.025 0.0265625
0 0.94453125 0.33828125 0.0265625 0.0328125
1 0.73359375 0.93046875 0.01171875 0.0109375
0 0.89765625 0.86953125 0.0125 0.01328125
0 0.9234375 0.68671875 0.03359375 0.04140625
0 0.89921875 0.20234375 0.0390625 0.04453125
0 0.79765625 0.3265625 0.02265625 0.0234375
0 0.9109375 0.290625 0.02578125 0.03046875
0 0.96171875 0.65 0.03671875 0.0484375
0 0.83515625 0.51484375 0.0171875 0.01953125
0 0.7828125 0.721875 0.0109375 0.01328125
0 0.803125 0.5453125 0.0515625 0.05390625
0 0.9359375 0.7546875 0.0125 0.01640625
0 0.85078125 0.17734375 0.0328125 0.034375
0 0.96640625 0.90625 0.01328125 0.01796875
0 0.903125 0.1484375 0.025 0.028125
0 0.965625 0.2109375 0.0265625 0.03046875
0 0.75078125 0.81171875 0.01171875 0.01328125
0 0.78203125 0.3765625 0.0234375 0.02265625
0 0.99765625 0.778125 0.0046875 0.01171875
0 0.8828125 0.1 0.02109375 0.025
0 0.73359375 0.65234375 0.01640625 0.021875
0 0.86640625 0.13203125 0.0203125 0.021875
0 0.91875 0.4890625 0.0109375 0.015625
0 0.7890625 0.2296875 0.034375 0.03671875
0 0.72265625 0.41484375 0.01328125 0.01484375
0 0.92109375 0.625 0.009375 0.01015625
0 0.82421875 0.93671875 0.00703125 0.009375
1 0.66953125 0.84453125 0.01171875 0.0140625
0 0.76015625 0.809375 0.0140625 0.01640625
0 0.834375 0.8171875 0.009375 0.01171875
0 0.9703125 0.790625 0.01171875 0.01640625
0 0.79140625 0.34609375 0.03203125 0.0296875
0 0.99609375 0.4234375 0.0078125 0.015625
0 0.8296875 0.13359375 0.02109375 0.025
0 0.75703125 0.14453125 0.01875 0.02421875
0 0.88984375 0.91171875 0.04296875 0.0421875
0 0.971875 0.475 0.04375 0.0609375
0 0.7828125 0.425 0.02421875 0.02578125
0 0.96328125 0.74296875 0.00859375 0.01328125
1 0.7328125 0.29296875 0.0140625 0.01484375
0 0.825 0.5359375 0.01640625 0.021875
1 0.6234375 0.96796875 0.015625 0.0171875
0 0.83671875 0.78125 0.02265625 0.0234375
1 0.75390625 0.84296875 0.015625 0.02734375
1 0.81640625 0.72265625 0.02265625 0.02578125
1 0.85703125 0.80625 0.03984375 0.04140625