0 0.11328125 0.36875 0.0375 0.04375
0 0.26015625 0.4140625 0.040625 0.03984375
0 0.2234375 0.76328125 0.040625 0.03828125
0 0.3734375 0.5890625 0.0421875 0.0390625
0 0.8015625 0.60625 0.01796875 0.0203125
0 0.05859375 0.27890625 0.021875 0.028125
0 0.453125 0.2984375 0.01640625 0.015625
0 0.09453125 0.41875 0.02421875 0.0265625
0 0.1546875 0.37265625 0.02421875 0.0265625
0 0.75625 0.55 0.0375 0.0390625
0 0.5890625 0.6953125 0.046875 0.04375
0 0.53984375 0.8421875 0.0390625 0.0359375
0 0.49609375 0.62578125 0.04609375 0.0453125
0 0.534375 0.55390625 0.03671875 0.0375
0 0.21953125 0.5140625 0.01640625 0.01484375
0 0.6578125 0.425 0.0171875 0.0171875
0 0.7796875 0.6078125 0.02265625 0.02265625
0 0.075 0.4734375 0.0625 0.06484375
0 0.2671875 0.7421875 0.021875 0.021875
0 0.0984375 0.16171875 0.040625 0.0390625
0 0.45390625 0.26484375 0.0234375 0.02421875
0 0.69609375 0.70078125 0.03984375 0.03828125
0 0.7546875 0.49765625 0.02109375 0.02265625
0 0.2671875 0.19921875 0.034375 0.03125
0 0.2453125 0.48046875 0.01328125 0.01328125
0 0.671875 0.671875 0.01796875 0.01640625
0 0.4765625 0.4703125 0.0171875 0.0171875
0 0.34921875 0.46328125 0.0125 0.01328125
0 0.53828125 0.5109375 0.01640625 0.01796875
0 0.06953125 0.153125 0.02890625 0.0328125
0 0.6609375 0.325 0.02265625 0.02421875
0 0.2734375 0.828125 0.01953125 0.01953125
0 0.234375 0.81328125 0.025 0.02421875
0 0.22421875 0.30078125 0.02109375 0.021875
0 0.53046875 0.746875 0.0515625 0.04921875
0 0.17265625 0.30234375 0.06171875 0.065625
0 0.61796875 0.83828125 0.01171875 0.0125
0 0.4515625 0.15625 0.02421875 0.02421875
0 0.30625 0.659375 0.015625 0.01484375
0 0.3046875 0.46015625 0.0484375 0.05
0 0.49140625 0.3703125 0.03203125 0.03046875
0 0.58203125 0.8328125 0.02421875 0.0234375
0 0.79453125 0.671875 0.0265625 0.02734375
0 0.19453125 0.25390625 0.0296875 0.02734375
0 0.059375 0.246875 0.01875 0.0203125
0 0.3265625 0.325 0.0171875 0.0171875
0 0.39375 0.13515625 0.0203125 0.01875
0 0.603125 0.265625 0.01953125 0.021875
0 0.21796875 0.4015625 0.01328125 0.0140625
0 0.23046875 0.3796875 0.01171875 0.0125
0 0.3375 0.2296875 0.0328125 0.0328125
0 0.1703125 0.5609375 0.02578125 0.02421875
0 0.571875 0.2609375 0.02734375 0.0265625
0 0.68125 0.8703125 0.03828125 0.03359375
0 0.5046875 0.52890625 0.02421875 0.0234375
0 0.146875 0.46796875 0.015625 0.0171875
0 0.259375 0.29765625 0.01640625 0.015625
0 0.23046875 0.86875 0.0203125 0.0203125
0 0.40078125 0.915625 0.028125 0.0234375
0 0.40546875 0.66484375 0.03359375 0.03203125
0 0.3953125 0.93359375 0.01796875 0.015625
0 0.49453125 0.91796875 0.0109375 0.01015625
0 0.0953125 0.328125 0.0125 0.0140625
0 0.2375 0.09375 0.04921875 0.0421875
0 0.871875 0.634375 0.02109375 0.02578125
0 0.68671875 0.63671875 0.0328125 0.03203125
0 0.309375 0.54765625 0.0203125 0.015625
0 0.4765625 0.8890625 0.0234375 0.01953125
0 0.4984375 0.46484375 0.01796875 0.01953125
0 0.01328125 0.15 0.0125 0.015625
0 0.74296875 0.946875 0.0453125 0.03828125
0 0.44375 0.34609375 0.0203125 0.02421875
0 0.65546875 0.5796875 0.0265625 0.02734375
0 0.30625 0.315625 0.01875 0.01953125
0 0.5953125 0.421875 0.053125 0.05390625
0 0.55078125 0.43203125 0.02265625 0.0265625
0 0.51640625 0.2296875 0.03125 0.0296875
0 0.325 0.93671875 0.021875 0.01953125
0 0.1296875 0.1078125 0.01484375 0.0140625
0 0.6703125 0.5296875 0.04921875 0.05
0 0.90703125 0.9546875 0.02265625 0.025
0 0.76171875 0.78046875 0.03515625 0.03515625
0 0.61328125 0.89765625 0.04765625 0.046875
0 0.71953125 0.978125 0.0203125 0.01875
0 0.36484375 0.15234375 0.02578125 0.02578125
0 0.478125 0.6765625 0.03671875 0.0359375
0 0.4296875 0.13203125 0.01953125 0.01875
0 0.459375 0.8375 0.0734375 0.0625
0 0.8875 0.76640625 0.0390625 0.04296875
0 0.6859375 0.57109375 0.03203125 0.03515625
0 0.265625 0.321875 0.0171875 0.01875
0 0.5625 0.7609375 0.03828125 0.0375
0 0.3078125 0.2484375 0.02109375 0.02265625
0 0.878125 0.840625 0.02265625 0.02421875
0 0.75703125 0.803125 0.0296875 0.02890625
0 0.4859375 0.17109375 0.01484375 0.01640625
0 0.5828125 0.9828125 0.02265625 0.021875
0 0.74921875 0.871875 0.0328125 0.03046875
0 0.7734375 0.74609375 0.046875 0.0484375
0 0.3890625 0.384375 0.0921875 0.09296875
0 0.6390625 0.77578125 0.03203125 0.0328125
0 0.77265625 0.96015625 0.025 0.02265625
0 0.13125 0.2640625 0.01796875 0.02109375
0 0.384375 0.70234375 0.021875 0.02109375
0 0.178125 0.7234375 0.02734375 0.025
0 0.0734375 0.3203125 0.0234375 0.02578125
0 0.18984375 0.09140625 0.0296875 0.0296875
0 0.53515625 0.60234375 0.0265625 0.025
0 0.3859375 0.54375 0.04140625 0.0390625
0 0.465625 0.7171875 0.03046875 0.02890625
0 0.534375 0.3640625 0.02578125 0.0296875
0 0.62109375 0.965625 0.0296875 0.02578125
0 0.3296875 0.2734375 0.05078125 0.04609375
1 0.80234375 0.82890625 0.02578125 0.03125
0 0.3875 0.23046875 0.03828125 0.03671875
0 0.690625 0.7625 0.08359375 0.0796875
0 0.675 0.48125 0.05390625 0.05390625
0 0.86640625 0.9 0.0265625 0.02890625
0 0.853125 0.85390625 0.03125 0.03125
0 0.559375 0.6546875 0.021875 0.01953125
0 0.784375 0.56640625 0.0328125 0.034375
0 0.93359375 0.72109375 0.0453125 0.05078125
0 0.825 0.95390625 0.028125 0.0265625
0 0.59609375 0.99453125 0.0234375 0.0109375
0 0.840625 0.70625 0.0578125 0.05859375
0 0.378125 0.7515625 0.03046875 0.03515625
0 0.27421875 0.909375 0.028125 0.02734375
0 0.7234375 0.71875 0.025 0.02578125
0 0.81328125 0.9078125 0.01875 0.01953125
0 0.66640625 0.7484375 0.0265625 0.02734375
1 0.803125 0.4484375 0.009375 0.01640625
1 0.70546875 0.36953125 0.01171875 0.0171875
1 0.596875 0.55859375 0.02578125 0.02421875
0 0.0296875 0.60546875 0.01015625 0.01171875
0 0.13984375 0.80703125 0.025 0.0265625
0 0.0390625 0.6640625 0.0125 0.01328125
0 0.36640625 0.87890625 0.0171875 0.01484375
0 0.0484375 0.4515625 0.01953125 0.0234375
0 0.74453125 0.60546875 0.0171875 0.02734375