0 0.91328125 0.56328125 0.0328125 0.040625
0 0.5515625 0.24921875 0.0296875 0.02890625
0 0.61015625 0.24921875 0.03359375 0.03203125
0 0.3546875 0.30234375 0.03828125 0.0421875
0 0.54453125 0.3453125 0.04921875 0.04921875
0 0.60078125 0.196875 0.03046875 0.0296875
0 0.87890625 0.596875 0.028125 0.0328125
0 0.5328125 0.8953125 0.02890625 0.02578125
0 0.71171875 0.3578125 0.04765625 0.04921875
0 0.490625 0.31796875 0.0546875 0.05703125
0 0.834375 0.340625 0.02578125 0.02890625
0 0.91953125 0.4125 0.0375 0.04921875
0 0.715625 0.18046875 0.0359375 0.03359375
0 0.85625 0.8171875 0.040625 0.03984375
0 0.56640625 0.8171875 0.03203125 0.03046875
0 0.47734375 0.40703125 0.02734375 0.02890625
0 0.36796875 0.36171875 0.0375 0.04296875
0 0.74921875 0.19296875 0.03046875 0.0296875
0 0.60390625 0.3484375 0.04140625 0.0421875
0 0.58359375 0.4625 0.0359375 0.0375
0 0.553125 0.54375 0.021875 0.021875
0 0.46796875 0.93828125 0.0453125 0.03515625
0 0.64765625 0.3671875 0.02890625 0.02890625
0 0.690625 0.73828125 0.0359375 0.03828125
0 0.76640625 0.45625 0.0515625 0.05078125
0 0.6796875 0.653125 0.04296875 0.04453125
0 0.459375 0.3140625 0.028125 0.02890625
0 0.534375 0.93046875 0.021875 0.01953125
0 0.8890625 0.29140625 0.02578125 0.028125
0 0.6375 0.5109375 0.0421875 0.04140625
0 0.7453125 0.4203125 0.0203125 0.021875
0 0.571875 0.20703125 0.02109375 0.021875
0 0.4203125 0.65390625 0.0515625 0.05234375
0 0.6296875 0.4578125 0.01953125 0.0203125
0 0.3765625 0.4578125 0.02421875 0.0234375
0 0.8484375 0.1734375 0.03671875 0.034375
0 0.63203125 0.09296875 0.04453125 0.03359375
0 0.6421875 0.8234375 0.0125 0.01328125
0 0.69453125 0.215625 0.0484375 0.04765625
0 0.25859375 0.57890625 0.02109375 0.0234375
0 0.50546875 0.48125 0.01953125 0.01953125
0 0.68671875 0.44140625 0.03203125 0.03203125
0 0.8015625 0.67890625 0.01953125 0.01953125
0 0.621875 0.68984375 0.02265625 0.0234375
0 0.35390625 0.459375 0.0234375 0.02265625
0 0.328125 0.2109375 0.0359375 0.03515625
0 0.33359375 0.24609375 0.02265625 0.02578125
0 0.69765625 0.07734375 0.021875 0.0203125
0 0.371875 0.2375 0.03046875 0.02734375
1 0.51875 0.75 0.0171875 0.034375
1 0.484375 0.70546875 0.028125 0.02734375
1 0.4171875 0.740625 0.02421875 0.02109375
1 0.36328125 0.684375 0.02734375 0.02265625
1 0.453125 0.88671875 0.02578125 0.03515625
1 0.50390625 0.8125 0.02421875 0.03671875
1 0.4234375 0.77734375 0.01953125 0.02734375
1 0.3796875 0.71015625 0.03828125 0.02890625
1 0.52734375 0.784375 0.01796875 0.02109375
1 0.634375 0.76796875 0.01015625 0.01484375
0 0.3546875 0.95234375 0.0328125 0.03515625