0 0.4671875 0.6984375 0.02734375 0.0234375
0 0.65546875 0.6390625 0.05546875 0.05546875
0 0.84296875 0.7546875 0.01640625 0.015625
0 0.753125 0.7890625 0.0515625 0.04765625
0 0.93984375 0.56015625 0.0234375 0.03359375
0 0.90703125 0.7390625 0.0171875 0.01875
0 0.921875 0.63984375 0.0296875 0.03125
0 0.9640625 0.5265625 0.02421875 0.0359375
0 0.49140625 0.83671875 0.0171875 0.01328125
0 0.803125 0.5453125 0.02265625 0.0234375
0 0.57421875 0.746875 0.021875 0.01796875
0 0.6109375 0.715625 0.02578125 0.02421875
0 0.9015625 0.58515625 0.0203125 0.02109375
0 0.9390625 0.62734375 0.015625 0.0203125
0 0.86015625 0.6546875 0.02578125 0.02578125
0 0.44140625 0.77421875 0.02578125 0.02265625
0 0.50625 0.77109375 0.0234375 0.0203125
0 0.8984375 0.60859375 0.0265625 0.028125
0 0.4359375 0.8625 0.0171875 0.0140625
0 0.49453125 0.70703125 0.02265625 0.0203125
0 0.83828125 0.5203125 0.01953125 0.0234375
0 0.775 0.74296875 0.01875 0.0203125
0 0.19453125 0.85078125 0.0140625 0.0125
0 0.8625 0.59375 0.02421875 0.025
0 0.503125 0.81875 0.034375 0.02734375
0 0.4765625 0.8640625 0.0203125 0.01640625
0 0.18671875 0.83125 0.01328125 0.01171875
0 0.21171875 0.86640625 0.02109375 0.01796875
0 0.2140625 0.903125 0.0171875 0.01171875
0 0.7546875 0.75625 0.03359375 0.03046875
0 0.75234375 0.778125 0.01875 0.01640625
0 0.18828125 0.81484375 0.0265625 0.02265625
0 0.82109375 0.63203125 0.02578125 0.0234375
0 0.1515625 0.78984375 0.02734375 0.028125
0 0.54765625 0.86328125 0.0328125 0.02578125
0 0.5796875 0.82265625 0.04921875 0.0421875
0 0.74921875 0.621875 0.021875 0.021875
0 0.5625 0.7984375 0.01484375 0.0171875
1 0.2984375 0.69921875 0.01640625 0.015625
0 0.43359375 0.75625 0.025 0.02421875
0 0.984375 0.590625 0.015625 0.02578125
0 0.80625 0.596875 0.0328125 0.0328125
0 0.09453125 0.75703125 0.02109375 0.02109375
0 0.37578125 0.903125 0.05859375 0.0421875
0 0.7171875 0.63203125 0.03515625 0.034375
0 0.7703125 0.67890625 0.040625 0.040625
0 0.56171875 0.76640625 0.015625 0.0125
0 0.8578125 0.72734375 0.03125 0.02890625
0 0.97734375 0.48984375 0.028125 0.0359375
0 0.40625 0.8953125 0.03984375 0.025
0 0.6328125 0.83046875 0.01328125 0.0109375
0 0.72109375 0.8375 0.0171875 0.0140625
0 0.53828125 0.7046875 0.0234375 0.02421875
0 0.35078125 0.69140625 0.02578125 0.0234375
0 0.35703125 0.88203125 0.01875 0.01328125
0 0.87109375 0.54140625 0.03359375 0.0359375
1 0.2609375 0.78828125 0.00859375 0.00859375
0 0.9375 0.68125 0.02578125 0.03125
0 0.57578125 0.771875 0.01484375 0.0125
0 0.55 0.7484375 0.028125 0.02265625
0 0.575 0.85859375 0.01328125 0.0109375
0 0.8796875 0.48359375 0.02265625 0.02578125
0 0.534375 0.93046875 0.03671875 0.02578125
1 0.340625 0.75390625 0.0109375 0.0109375
0 0.5875 0.88046875 0.03828125 0.02890625
0 0.63359375 0.9203125 0.03359375 0.02109375
1 0.33125 0.9265625 0.01484375 0.0125
0 0.8625 0.5703125 0.028125 0.03125
1 0.61328125 0.56015625 0.02578125 0.02265625
0 0.4828125 0.90546875 0.0203125 0.0140625
0 0.4890625 0.79453125 0.01328125 0.01171875
0 0.83046875 0.55390625 0.02578125 0.03671875
0 0.425 0.74296875 0.0171875 0.01953125
0 0.471875 0.6390625 0.03203125 0.03359375
0 0.31796875 0.7921875 0.01484375 0.0140625
0 0.7265625 0.88203125 0.0203125 0.0171875
0 0.51640625 0.66484375 0.03671875 0.03203125
0 0.615625 0.63359375 0.02578125 0.02734375
0 0.23984375 0.89921875 0.01796875 0.01328125
0 0.3875 0.9703125 0.03984375 0.0265625
1 0.22265625 0.84453125 0.0078125 0.00859375
0 0.74140625 0.80078125 0.01328125 0.0125
0 0.50859375 0.65 0.0234375 0.0203125
0 0.6078125 0.734375 0.01640625 0.01484375
0 0.47421875 0.88203125 0.03671875 0.0296875
0 0.91953125 0.553125 0.015625 0.0171875
1 0.3359375 0.95234375 0.0203125 0.0140625
0 0.73359375 0.5578125 0.02890625 0.02890625
1 0.23671875 0.79921875 0.0078125 0.0078125
0 0.99375 0.521875 0.01171875 0.03125
0 0.9078125 0.50625 0.0390625 0.04609375
1 0.73515625 0.6765625 0.0109375 0.0109375
0 0.9125 0.78203125 0.01953125 0.0203125
1 0.6859375 0.70703125 0.00859375 0.00859375
0 0.59453125 0.678125 0.03671875 0.028125
1 0.334375 0.765625 0.0078125 0.0078125
0 0.36015625 0.83671875 0.05546875 0.0421875
0 0.58125 0.91171875 0.02109375 0.01484375
0 0.971875 0.4703125 0.02890625 0.0328125
0 0.58984375 0.97578125 0.0640625 0.03671875
1 0.66640625 0.54765625 0.01328125 0.01484375
1 0.1390625 0.73515625 0.0171875 0.02265625
0 0.81875 0.64921875 0.0328125 0.03203125
0 0.57109375 0.61640625 0.028125 0.02578125
0 0.41328125 0.759375 0.01953125 0.01484375
0 0.9625 0.59765625 0.01171875 0.0140625
1 0.35 0.64765625 0.01640625 0.009375
1 0.19375 0.7375 0.01015625 0.00859375
0 0.38046875 0.659375 0.03359375 0.0328125
1 0.0734375 0.70234375 0.01015625 0.01484375
0 0.95234375 0.75078125 0.01953125 0.02265625