0 0.8546875 0.540625 0.0484375 0.05078125
0 0.65546875 0.534375 0.06015625 0.06328125
0 0.96171875 0.52734375 0.05078125 0.0625
0 0.2515625 0.86796875 0.078125 0.07109375
0 0.37890625 0.6140625 0.11875 0.10859375
0 0.08671875 0.64765625 0.09296875 0.09921875
0 0.725 0.525 0.0640625 0.06328125
0 0.30703125 0.19375 0.05 0.04609375
0 0.75234375 0.14921875 0.06640625 0.0546875
0 0.63828125 0.7 0.0484375 0.04765625
0 0.690625 0.6453125 0.07421875 0.06953125
0 0.203125 0.64921875 0.0875 0.08984375
0 0.44375 0.36953125 0.0890625 0.0875
0 0.15546875 0.88984375 0.04609375 0.04296875
0 0.76640625 0.27109375 0.04921875 0.04453125
0 0.17890625 0.66875 0.03203125 0.034375
0 0.584375 0.85625 0.06015625 0.05859375
0 0.35625 0.821875 0.10078125 0.09140625
0 0.70234375 0.43203125 0.0640625 0.06015625
0 0.50078125 0.87421875 0.04609375 0.03984375
0 0.93125 0.6 0.05859375 0.059375
0 0.26484375 0.75078125 0.05859375 0.05859375
0 0.85 0.43203125 0.040625 0.0375
0 0.41484375 0.90546875 0.04140625 0.03828125
0 0.840625 0.26875 0.03515625 0.0375
0 0.521875 0.92890625 0.04375 0.03359375
0 0.61328125 0.55859375 0.03203125 0.03203125
0 0.05859375 0.81796875 0.03828125 0.03984375
0 0.45234375 0.78203125 0.08125 0.07734375
0 0.04453125 0.2484375 0.04921875 0.05546875
0 0.3734375 0.2203125 0.03359375 0.03046875
0 0.7625 0.38671875 0.046875 0.04609375
0 0.32578125 0.86640625 0.053125 0.04609375
0 0.8625 0.11171875 0.059375 0.05546875
0 0.29375 0.29453125 0.0375 0.03828125
0 0.1625 0.21484375 0.03515625 0.03515625
0 0.0171875 0.68125 0.0328125 0.04921875
0 0.56328125 0.11953125 0.11171875 0.09375
0 0.2359375 0.5265625 0.03046875 0.0328125
0 0.41015625 0.7140625 0.0328125 0.0296875
0 0.28203125 0.57890625 0.02890625 0.03046875
0 0.19921875 0.41640625 0.03125 0.0296875
0 0.03125 0.40390625 0.03203125 0.0421875
0 0.33359375 0.9578125 0.040625 0.034375
0 0.7078125 0.90546875 0.04453125 0.0359375
0 0.5765625 0.78515625 0.03984375 0.028125
0 0.53671875 0.75859375 0.0296875 0.02578125
0 0.70234375 0.721875 0.03203125 0.03203125
0 0.69453125 0.76015625 0.03359375 0.028125
0 0.590625 0.90546875 0.04140625 0.034375
0 0.821875 0.71171875 0.01953125 0.0203125
0 0.43671875 0.95546875 0.02265625 0.01875
0 0.86015625 0.71953125 0.01875 0.01875
0 0.58046875 0.93359375 0.03203125 0.02578125
0 0.7671875 0.8265625 0.0203125 0.01875
0 0.6578125 0.8625 0.03125 0.02890625
0 0.8953125 0.5046875 0.0234375 0.025
0 0.57109375 0.58203125 0.021875 0.01953125
0 0.46484375 0.96328125 0.021875 0.01875