0 0.8859375 0.62734375 0.0453125 0.0453125
0 0.4921875 0.5578125 0.046875 0.04609375
0 0.4203125 0.3765625 0.04375 0.04296875
0 0.8921875 0.4640625 0.0359375 0.0375
0 0.23671875 0.590625 0.0546875 0.05859375
0 0.0546875 0.646875 0.02734375 0.03125
0 0.2875 0.8140625 0.04453125 0.04375
0 0.5046875 0.49453125 0.0375 0.03359375
0 0.70859375 0.41640625 0.02734375 0.02578125
0 0.6703125 0.87734375 0.078125 0.07421875
0 0.415625 0.8546875 0.05390625 0.0546875
0 0.87421875 0.71953125 0.04375 0.04765625
0 0.41796875 0.41953125 0.0359375 0.0359375
0 0.5421875 0.85546875 0.02578125 0.025
0 0.675 0.675 0.07578125 0.07109375
0 0.5171875 0.65703125 0.03828125 0.0390625
0 0.90859375 0.7734375 0.0421875 0.04609375
0 0.22890625 0.66796875 0.04921875 0.05
0 0.56484375 0.56875 0.03125 0.03046875
0 0.3734375 0.2546875 0.04140625 0.03671875
0 0.9015625 0.25 0.04453125 0.04453125
0 0.19296875 0.328125 0.0296875 0.02890625
0 0.74375 0.27109375 0.0609375 0.06015625
0 0.35390625 0.61875 0.03671875 0.040625
0 0.96171875 0.3109375 0.0328125 0.03359375
0 0.884375 0.83203125 0.0328125 0.03359375
0 0.16015625 0.44453125 0.02109375 0.021875
0 0.59140625 0.8796875 0.0234375 0.021875
0 0.91484375 0.56328125 0.028125 0.02890625
0 0.3109375 0.26875 0.040625 0.03671875
0 0.91796875 0.45 0.03359375 0.03671875
0 0.2625 0.54375 0.0265625 0.0265625
0 0.84375 0.3578125 0.05859375 0.06484375
0 0.38984375 0.5734375 0.028125 0.028125
0 0.96953125 0.5609375 0.0375 0.0421875
0 0.7390625 0.48203125 0.04296875 0.04140625
0 0.9390625 0.428125 0.0265625 0.03359375
0 0.84765625 0.75234375 0.025 0.02734375
0 0.9 0.3265625 0.0265625 0.0265625
0 0.11328125 0.3328125 0.01875 0.0203125
0 0.81953125 0.26015625 0.03125 0.03125
0 0.5609375 0.75390625 0.0203125 0.0203125
0 0.3734375 0.49375 0.025 0.02421875
1 0.62421875 0.4828125 0.0109375 0.0109375
0 0.8421875 0.415625 0.04453125 0.04375
0 0.81640625 0.29609375 0.02578125 0.0265625
0 0.9203125 0.225 0.0375 0.03984375
0 0.33046875 0.0921875 0.040625 0.03515625
0 0.30625 0.209375 0.03203125 0.028125
0 0.58125 0.35234375 0.0296875 0.0265625
0 0.7328125 0.10859375 0.034375 0.0296875
0 0.79765625 0.125 0.03984375 0.0359375
0 0.8765625 0.5328125 0.025 0.02890625
0 0.77734375 0.19921875 0.05 0.04765625
1 0.27578125 0.459375 0.01328125 0.01484375
0 0.2359375 0.5265625 0.0203125 0.0203125
1 0.09453125 0.228125 0.01640625 0.01796875
0 0.98125 0.47421875 0.02109375 0.02890625
0 0.74296875 0.15234375 0.0328125 0.03046875
0 0.2109375 0.22578125 0.0484375 0.04453125
0 0.7328125 0.01953125 0.0296875 0.02265625
0 0.93046875 0.8234375 0.0203125 0.0234375
0 0.26171875 0.0609375 0.03203125 0.02734375
0 0.72265625 0.165625 0.0546875 0.0484375
0 0.16328125 0.51953125 0.021875 0.021875
0 0.8890625 0.1796875 0.02109375 0.02109375
0 0.4109375 0.75546875 0.01875 0.01640625
0 0.428125 0.33359375 0.01953125 0.01796875
1 0.9296875 0.6703125 0.015625 0.01875
1 0.225 0.4390625 0.01015625 0.01171875
1 0.27109375 0.846875 0.0359375 0.0265625
0 0.2390625 0.14453125 0.02578125 0.0234375
0 0.640625 0.05859375 0.0359375 0.02734375
1 0.99609375 0.64453125 0.0078125 0.02734375
0 0.82109375 0.159375 0.03125 0.02578125
0 0.68046875 0.03671875 0.02734375 0.02109375
1 0.659375 0.49765625 0.0109375 0.0109375
1 0.16875 0.128125 0.0125 0.01171875
0 0.5515625 0.3890625 0.01953125 0.01953125
0 0.971875 0.2609375 0.0328125 0.0390625
0 0.8296875 0.13203125 0.03125 0.03125
0 0.284375 0.68125 0.01953125 0.01875
1 0.06875 0.3640625 0.0125 0.0140625
0 0.90703125 0.18828125 0.0171875 0.01796875
0 0.29765625 0.025 0.046875 0.0296875
0 0.7859375 0.0546875 0.05 0.03828125
0 0.89375 0.15078125 0.04453125 0.04453125
0 0.834375 0.1015625 0.04375 0.03984375
0 0.65 0.0109375 0.0265625 0.01953125
0 0.6421875 0.1515625 0.0515625 0.0375
0 0.71875 0.0453125 0.04296875 0.034375
0 0.54609375 0.02109375 0.03046875 0.0203125
0 0.7078125 0.065625 0.025 0.0203125
0 0.79609375 0.1640625 0.03828125 0.034375