0 0.571875 0.54921875 0.04765625 0.0515625
0 0.4078125 0.7296875 0.04765625 0.04609375
0 0.2515625 0.7953125 0.03203125 0.03046875
0 0.3453125 0.90546875 0.0515625 0.03828125
0 0.6421875 0.70625 0.0421875 0.040625
0 0.45 0.91015625 0.04453125 0.03515625
0 0.528125 0.884375 0.0515625 0.03984375
0 0.271875 0.59453125 0.03046875 0.0296875
0 0.53984375 0.609375 0.0328125 0.03359375
0 0.3828125 0.7859375 0.03671875 0.03515625
0 0.5875 0.8671875 0.0359375 0.03359375
0 0.2140625 0.88203125 0.0375 0.034375
0 0.25546875 0.22578125 0.025 0.025
0 0.246875 0.5515625 0.025 0.02578125
0 0.2015625 0.2828125 0.0234375 0.02265625
0 0.66015625 0.8953125 0.0421875 0.0359375
0 0.0578125 0.56796875 0.04296875 0.053125
0 0.57734375 0.88515625 0.02734375 0.02265625
0 0.3578125 0.38515625 0.03046875 0.0328125
0 0.5828125 0.39921875 0.0921875 0.09375
0 0.1265625 0.74921875 0.021875 0.021875
0 0.0828125 0.203125 0.01796875 0.01875
0 0.72265625 0.64140625 0.02734375 0.0265625
0 0.5328125 0.9109375 0.03203125 0.02421875
0 0.31328125 0.78359375 0.02265625 0.02109375
0 0.36015625 0.9734375 0.05703125 0.0390625
0 0.21875 0.7109375 0.02421875 0.025
0 0.53671875 0.5109375 0.021875 0.021875
0 0.40625 0.5796875 0.02578125 0.02421875
0 0.43203125 0.06953125 0.034375 0.0265625
0 0.14453125 0.54140625 0.0328125 0.03203125
0 0.57578125 0.34375 0.02265625 0.021875
0 0.3671875 0.728125 0.028125 0.0296875
0 0.5828125 0.66484375 0.0453125 0.0484375
0 0.24140625 0.728125 0.02578125 0.0296875
0 0.4875 0.76875 0.01953125 0.01796875
0 0.053125 0.39921875 0.01875 0.0203125
0 0.77265625 0.60234375 0.02109375 0.02109375
0 0.82578125 0.5375 0.01875 0.0203125
0 0.2484375 0.65078125 0.0140625 0.01484375
0 0.48046875 0.81875 0.01875 0.01875
0 0.2203125 0.53046875 0.01484375 0.01484375
0 0.4796875 0.44296875 0.0203125 0.0203125
0 0.6953125 0.56953125 0.02734375 0.028125
0 0.3765625 0.8640625 0.02109375 0.021875
0 0.69921875 0.3875 0.01953125 0.01953125
0 0.646875 0.84375 0.02734375 0.021875
0 0.03515625 0.734375 0.0171875 0.01953125
0 0.36875 0.8234375 0.0171875 0.01875
0 0.48359375 0.503125 0.0171875 0.01796875
0 0.8015625 0.578125 0.01953125 0.01953125
0 0.37734375 0.89296875 0.0171875 0.0171875
0 0.3671875 0.2484375 0.01796875 0.0171875
0 0.7015625 0.325 0.01796875 0.0171875
0 0.2875 0.61796875 0.01328125 0.01484375
0 0.78984375 0.740625 0.0203125 0.0203125
0 0.1671875 0.30625 0.01328125 0.01328125
0 0.21328125 0.4953125 0.0140625 0.01484375
0 0.0984375 0.75625 0.0203125 0.021875
0 0.73515625 0.54609375 0.01484375 0.015625
0 0.1328125 0.25 0.0140625 0.0140625
0 0.7046875 0.9515625 0.02109375 0.01875
0 0.19296875 0.7828125 0.0171875 0.01796875