0 0.8890625 0.87421875 0.01484375 0.01640625
0 0.684375 0.971875 0.02265625 0.021875
0 0.7046875 0.953125 0.0171875 0.01640625
0 0.7609375 0.8421875 0.0171875 0.01875
0 0.9203125 0.971875 0.0140625 0.01484375
0 0.7328125 0.92578125 0.0140625 0.0140625
0 0.79921875 0.9 0.015625 0.015625
0 0.9296875 0.7875 0.021875 0.02109375
0 0.97421875 0.79609375 0.034375 0.0390625
0 0.63828125 0.86796875 0.021875 0.01953125
0 0.96796875 0.7453125 0.015625 0.01796875
0 0.728125 0.8671875 0.01953125 0.01640625
0 0.72578125 0.8171875 0.02109375 0.021875
0 0.659375 0.89765625 0.02265625 0.0234375
0 0.52421875 0.9515625 0.0203125 0.01953125
0 0.75078125 0.884375 0.025 0.021875
0 0.834375 0.7203125 0.02109375 0.0234375
0 0.78203125 0.8109375 0.02734375 0.025
0 0.5015625 0.9328125 0.0203125 0.0171875
0 0.9015625 0.84453125 0.01328125 0.01484375
0 0.8109375 0.603125 0.01953125 0.02109375
0 0.8109375 0.86875 0.0390625 0.03671875
0 0.86640625 0.7390625 0.015625 0.0171875
0 0.91484375 0.715625 0.0171875 0.01796875
0 0.86796875 0.6609375 0.02421875 0.02578125
0 0.93046875 0.57109375 0.0296875 0.03125
0 0.54296875 0.92890625 0.01875 0.01953125
0 0.5703125 0.934375 0.02578125 0.02109375
0 0.6765625 0.79765625 0.0171875 0.01875
0 0.62578125 0.9421875 0.02578125 0.0203125
0 0.921875 0.79765625 0.01796875 0.021875
0 0.81171875 0.721875 0.03125 0.028125
0 0.82109375 0.665625 0.0296875 0.02734375
0 0.78671875 0.615625 0.01875 0.02109375
0 0.93046875 0.525 0.01875 0.01875
0 0.9171875 0.8234375 0.01875 0.02109375
0 0.6375 0.98515625 0.02578125 0.0203125
0 0.90546875 0.5515625 0.034375 0.03828125
0 0.8640625 0.7109375 0.0203125 0.021875
0 0.84453125 0.665625 0.02265625 0.02421875
0 0.95078125 0.50703125 0.02265625 0.0265625
0 0.8984375 0.68984375 0.02265625 0.0234375
0 0.6859375 0.98515625 0.025 0.02109375
0 0.81328125 0.7390625 0.0203125 0.02109375
0 0.5640625 0.95390625 0.0203125 0.0234375
0 0.91328125 0.728125 0.0171875 0.02109375
0 0.653125 0.91875 0.02734375 0.028125
0 0.37578125 0.94375 0.0453125 0.0375
0 0.590625 0.86953125 0.0515625 0.0453125
0 0.8375 0.59921875 0.025 0.02578125
1 0.93671875 0.41640625 0.0140625 0.02109375
0 0.9109375 0.609375 0.0359375 0.03671875
0 0.82421875 0.76484375 0.0328125 0.0328125
0 0.684375 0.840625 0.01875 0.01953125
0 0.6296875 0.825 0.02578125 0.02109375
0 0.8484375 0.778125 0.05390625 0.04765625
0 0.959375 0.70234375 0.03203125 0.03515625
0 0.7921875 0.99609375 0.015625 0.0078125
0 0.9828125 0.56640625 0.034375 0.0421875
0 0.546875 0.96796875 0.03203125 0.02578125
0 0.4796875 0.92421875 0.02890625 0.02734375
0 0.87265625 0.5953125 0.028125 0.02890625
0 0.76015625 0.65 0.02734375 0.02734375
0 0.9875 0.615625 0.02421875 0.034375
0 0.76171875 0.7015625 0.0265625 0.0265625
0 0.95234375 0.56171875 0.03671875 0.0421875
0 0.95703125 0.66875 0.03828125 0.0390625
0 0.7046875 0.821875 0.02890625 0.0234375
1 0.85390625 0.56875 0.01015625 0.01796875
0 0.9859375 0.75078125 0.028125 0.0359375
0 0.78046875 0.78828125 0.03515625 0.03359375
0 0.459375 0.95 0.015625 0.01640625
0 0.73046875 0.7328125 0.0546875 0.05078125
1 0.93203125 0.396875 0.01015625 0.0140625