0 0.24375 0.51015625 0.04453125 0.05703125
0 0.071875 0.58671875 0.07265625 0.09765625
0 0.02421875 0.575 0.0484375 0.103125
0 0.021875 0.4296875 0.04296875 0.04921875
0 0.0515625 0.46328125 0.0296875 0.02578125
0 0.3265625 0.55625 0.05078125 0.0609375
0 0.37109375 0.49765625 0.04921875 0.0546875
0 0.446875 0.5640625 0.046875 0.0484375
0 0.5109375 0.58671875 0.0328125 0.03515625
0 0.5390625 0.5703125 0.03671875 0.0234375
0 0.59609375 0.6234375 0.0625 0.06796875
0 0.64375 0.5546875 0.0375 0.04140625
0 0.64921875 0.50546875 0.025 0.02890625
0 0.63515625 0.4734375 0.02109375 0.01953125
0 0.6609375 0.4671875 0.021875 0.01796875
0 0.7125 0.4671875 0.02578125 0.021875
0 0.8140625 0.496875 0.03359375 0.040625
0 0.778125 0.50625 0.0375 0.04296875
0 0.80625 0.5765625 0.0328125 0.0328125
0 0.78203125 0.5921875 0.02734375 0.03515625
0 0.72109375 0.63984375 0.03671875 0.04296875
0 0.890625 0.6390625 0.07265625 0.0625
0 0.9515625 0.59140625 0.0484375 0.04453125
0 0.93046875 0.42734375 0.0484375 0.05703125
0 0.8078125 0.3609375 0.05078125 0.05703125
0 0.428125 0.43125 0.03515625 0.03359375
0 0.4578125 0.40234375 0.0296875 0.0390625
0 0.5 0.421875 0.02109375 0.02890625
0 0.478125 0.46640625 0.02109375 0.02578125
0 0.4484375 0.46484375 0.01953125 0.02109375
0 0.5125 0.4625 0.03515625 0.01796875
0 0.34140625 0.40546875 0.02890625 0.0296875
0 0.4078125 0.39375 0.04296875 0.0328125
0 0.39921875 0.35625 0.025 0.0328125
0 0.3296875 0.3375 0.0375 0.0328125
0 0.32578125 0.4421875 0.03125 0.02734375
0 0.13046875 0.40078125 0.04140625 0.04453125
0 0.31953125 0.475 0.021875 0.0296875
0 0.25625 0.44375 0.01171875 0.015625
0 0.1734375 0.303125 0.0375 0.04296875
0 0.2078125 0.2921875 0.0296875 0.0328125
0 0.5875 0.40078125 0.01953125 0.02890625
0 0.62421875 0.4125 0.01953125 0.0171875
0 0.35546875 0.62109375 0.01796875 0.02109375
0 0.28515625 0.5875 0.015625 0.01953125
0 0.1546875 0.475 0.03515625 0.02890625
0 0.040625 0.5140625 0.040625 0.0390625
0 0.8671875 0.53046875 0.046875 0.0484375