0 0.153125 0.14453125 0.0640625 0.06953125
0 0.06171875 0.1109375 0.04140625 0.040625
0 0.05625 0.9390625 0.05 0.05625
0 0.0859375 0.41015625 0.02734375 0.03515625
0 0.4921875 0.1296875 0.0390625 0.04375
0 0.034375 0.609375 0.0359375 0.040625
0 0.10390625 0.02890625 0.03046875 0.0296875
0 0.41796875 0.6671875 0.046875 0.04453125
0 0.421875 0.8359375 0.0703125 0.06640625
0 0.20859375 0.0828125 0.05390625 0.046875
0 0.2171875 0.1953125 0.046875 0.04375
0 0.30390625 0.21015625 0.0453125 0.0421875
0 0.353125 0.97890625 0.04609375 0.0421875
0 0.29765625 0.8828125 0.02890625 0.02734375
0 0.1375 0.66875 0.1234375 0.140625
0 0.26484375 0.396875 0.115625 0.11796875
1 0.2640625 0.3984375 0.0359375 0.0375
1 0.13671875 0.67421875 0.0390625 0.0578125