0 0.4671875 0.3140625 0.0375 0.02890625
0 0.5171875 0.08203125 0.03359375 0.01796875
0 0.55078125 0.0421875 0.02578125 0.0140625
0 0.18515625 0.5828125 0.02578125 0.02734375
0 0.61015625 0.55234375 0.02734375 0.0234375
0 0.415625 0.49375 0.03515625 0.02578125
0 0.35234375 0.56875 0.025 0.0234375
0 0.10078125 0.68984375 0.06640625 0.0703125
0 0.6359375 0.221875 0.0140625 0.01953125
0 0.6453125 0.25625 0.01171875 0.0140625
0 0.809375 0.278125 0.025 0.025
0 0.88359375 0.26484375 0.02734375 0.01953125
0 0.72265625 0.315625 0.015625 0.01953125
0 0.56953125 0.9046875 0.06640625 0.046875
0 0.440625 0.946875 0.05859375 0.0328125
0 0.4296875 0.8625 0.02890625 0.02734375
0 0.3265625 0.959375 0.03125 0.0328125
0 0.171875 0.62734375 0.05234375 0.05234375
0 0.1796875 0.6671875 0.02109375 0.0140625
0 0.209375 0.34921875 0.0328125 0.03359375
0 0.43125 0.31796875 0.021875 0.01796875
0 0.28125 0.8375 0.02890625 0.025