0 0.040625 0.8671875 0.01328125 0.015625
0 0.03359375 0.790625 0.0140625 0.0171875
0 0.2296875 0.628125 0.03359375 0.034375
0 0.32578125 0.95 0.0328125 0.028125
0 0.134375 0.56171875 0.04140625 0.0421875
0 0.19375 0.85703125 0.01171875 0.01328125
0 0.290625 0.75 0.0109375 0.0140625
0 0.1328125 0.64609375 0.01640625 0.01640625
0 0.3078125 0.65234375 0.01328125 0.01484375
0 0.759375 0.61015625 0.03984375 0.040625
0 0.80546875 0.8015625 0.0140625 0.01484375
0 0.85078125 0.59765625 0.02265625 0.02109375
0 0.29921875 0.6890625 0.01640625 0.01796875
0 0.79375 0.521875 0.025 0.0234375
0 0.22890625 0.690625 0.01171875 0.0125
0 0.89140625 0.68984375 0.01875 0.01875
0 0.75390625 0.50859375 0.02109375 0.021875
1 0.27890625 0.78671875 0.01328125 0.015625
1 0.065625 0.6453125 0.01171875 0.0125
1 0.9125 0.5421875 0.015625 0.0171875
0 0.06796875 0.73671875 0.0109375 0.0125
0 0.76875 0.5359375 0.021875 0.02109375
1 0.271875 0.91484375 0.01015625 0.015625
0 0.37265625 0.65 0.01171875 0.01328125
0 0.0125 0.86640625 0.009375 0.01171875
1 0.64765625 0.9359375 0.01328125 0.015625
0 0.19609375 0.28515625 0.01484375 0.0140625
0 0.44765625 0.6328125 0.01953125 0.02265625
1 0.13828125 0.92265625 0.025 0.03125
0 0.8984375 0.96015625 0.021875 0.01953125
0 0.35 0.553125 0.0140625 0.01640625
1 0.43515625 0.75078125 0.0109375 0.0125
0 0.81875 0.9484375 0.015625 0.01875
0 0.42578125 0.18828125 0.01875 0.02109375
0 0.1515625 0.328125 0.0171875 0.01796875
1 0.20078125 0.9875 0.01875 0.01640625
0 0.084375 0.684375 0.009375 0.0125
0 0.0640625 0.5828125 0.01015625 0.0140625
0 0.2078125 0.325 0.0125 0.01328125
1 0.02421875 0.28203125 0.0171875 0.01640625
0 0.15703125 0.2640625 0.0140625 0.01328125
0 0.08671875 0.28359375 0.02109375 0.02421875
0 0.22109375 0.5953125 0.01015625 0.01015625
0 0.3578125 0.97734375 0.03828125 0.03046875
1 0.40546875 0.965625 0.01796875 0.01953125
0 0.0375 0.6265625 0.0328125 0.0421875
0 0.828125 0.6625 0.02734375 0.02734375
1 0.42265625 0.840625 0.009375 0.0109375
0 0.253125 0.1796875 0.01328125 0.0140625
0 0.3171875 0.11875 0.0171875 0.0171875
0 0.50546875 0.63203125 0.0140625 0.015625
1 0.3234375 0.2 0.0203125 0.0203125
0 0.21015625 0.39609375 0.01015625 0.01171875
0 0.66875 0.43828125 0.01953125 0.0171875
0 0.4625 0.9203125 0.034375 0.03046875
1 0.58359375 0.1078125 0.0171875 0.01953125
0 0.35390625 0.7078125 0.01171875 0.01171875
0 0.00546875 0.728125 0.01015625 0.0140625
0 0.9640625 0.91875 0.03203125 0.03359375
0 0.275 0.475 0.0125 0.01640625
0 0.73515625 0.790625 0.02734375 0.025
1 0.73984375 0.9078125 0.00859375 0.0109375
1 0.040625 0.109375 0.01875 0.0171875
0 0.4890625 0.7859375 0.01640625 0.01640625
0 0.0515625 0.3078125 0.0125 0.01328125
0 0.453125 0.66875 0.01171875 0.01328125
1 0.36953125 0.33984375 0.02265625 0.028125
1 0.18125 0.43046875 0.0140625 0.01328125
1 0.31796875 0.9515625 0.01484375 0.01875
1 0.37109375 0.36796875 0.015625 0.01640625
1 0.79375 0.63203125 0.0140625 0.015625
1 0.85703125 0.9234375 0.01953125 0.01875
1 0.42578125 0.44375 0.01484375 0.015625
1 0.38515625 0.425 0.02734375 0.02734375
1 0.59609375 0.5671875 0.0109375 0.01171875
1 0.45234375 0.3328125 0.0125 0.0125
1 0.653125 0.4671875 0.025 0.0265625
1 0.1140625 0.134375 0.0109375 0.0109375
0 0.3421875 0.83984375 0.05078125 0.0484375
0 0.34375 0.56328125 0.0421875 0.05625
0 0.0390625 0.79609375 0.0265625 0.03046875
0 0.58671875 0.9671875 0.0328125 0.028125
0 0.04453125 0.3140625 0.0453125 0.04140625
0 0.790625 0.68046875 0.0515625 0.05
0 0.7765625 0.97421875 0.040625 0.03359375
0 0.92109375 0.9 0.05546875 0.06015625
0 0.63125 0.515625 0.0609375 0.065625
0 0.3140625 0.86796875 0.028125 0.02421875
0 0.49296875 0.7546875 0.040625 0.03984375
0 0.8484375 0.84140625 0.0546875 0.0421875
0 0.4453125 0.346875 0.0703125 0.071875
0 0.36640625 0.46796875 0.06640625 0.06953125
0 0.78828125 0.88515625 0.04765625 0.04453125
0 0.69375 0.53203125 0.0421875 0.04296875
0 0.63515625 0.690625 0.04296875 0.04765625
0 0.5078125 0.41328125 0.0546875 0.05546875
0 0.79375 0.71796875 0.03984375 0.03671875
0 0.6140625 0.35 0.0578125 0.05703125
0 0.64140625 0.97421875 0.06328125 0.0359375
0 0.66171875 0.72109375 0.02109375 0.03125
0 0.45859375 0.67109375 0.053125 0.11484375
0 0.46796875 0.8640625 0.02265625 0.0234375
0 0.5609375 0.8375 0.0515625 0.04296875
0 0.865625 0.66171875 0.02890625 0.02890625
0 0.4234375 0.978125 0.021875 0.02109375