0 0.24609375 0.27109375 0.0109375 0.01015625
0 0.34765625 0.31484375 0.04921875 0.0453125
0 0.55546875 0.15703125 0.0265625 0.021875
0 0.40703125 0.271875 0.0140625 0.01328125
0 0.9390625 0.36796875 0.01953125 0.01875
0 0.34609375 0.11875 0.01796875 0.01484375
0 0.4359375 0.134375 0.01484375 0.0125
0 0.6734375 0.240625 0.01953125 0.0171875
0 0.29140625 0.1640625 0.009375 0.00859375
0 0.77109375 0.30625 0.02265625 0.021875
0 0.5609375 0.32421875 0.0375 0.03203125
0 0.946875 0.34453125 0.0140625 0.015625
0 0.91796875 0.36953125 0.01796875 0.0203125
0 0.63828125 0.09921875 0.034375 0.028125
0 0.4625 0.134375 0.0328125 0.0234375
0 0.121875 0.2859375 0.02890625 0.0328125
0 0.6265625 0.26484375 0.021875 0.02265625
0 0.521875 0.2203125 0.015625 0.01484375
0 0.190625 0.11015625 0.0140625 0.01328125
0 0.53828125 0.03828125 0.02578125 0.01640625
0 0.2359375 0.125 0.01171875 0.0109375
0 0.4609375 0.109375 0.01171875 0.009375
0 0.4859375 0.10390625 0.0125 0.009375
0 0.7484375 0.2171875 0.01328125 0.0125
0 0.64296875 0.24375 0.015625 0.01328125
1 0.10625 0.1828125 0.01484375 0.015625
0 0.4484375 0.1671875 0.009375 0.00859375
0 0.9015625 0.3078125 0.015625 0.015625
0 0.271875 0.08828125 0.01484375 0.0125
0 0.53203125 0.0796875 0.0171875 0.01171875
0 0.50390625 0.17421875 0.01796875 0.01640625
0 0.74375 0.346875 0.034375 0.0296875
0 0.23515625 0.16953125 0.0109375 0.0109375
0 0.2171875 0.065625 0.0109375 0.009375
0 0.35546875 0.25625 0.01796875 0.0171875
0 0.29921875 0.30703125 0.03671875 0.03515625
0 0.6890625 0.271875 0.015625 0.0140625
0 0.3171875 0.01875 0.040625 0.0265625
0 0.25 0.2984375 0.0109375 0.0109375
0 0.815625 0.3234375 0.02109375 0.02109375
0 0.928125 0.196875 0.021875 0.0171875
0 0.33671875 0.26640625 0.01015625 0.01015625
0 0.09921875 0.140625 0.0375 0.0375
0 0.20234375 0.309375 0.02109375 0.02109375
0 0.9828125 0.34453125 0.01328125 0.015625
0 0.6125 0.13671875 0.0140625 0.0109375
0 0.44765625 0.08671875 0.009375 0.0078125
0 0.7953125 0.15703125 0.0609375 0.0546875
0 0.56484375 0.121875 0.0375 0.02421875
0 0.92890625 0.3046875 0.0140625 0.01484375
0 0.16796875 0.2203125 0.03515625 0.0390625
0 0.95 0.40078125 0.0375 0.04453125
0 0.46875 0.23359375 0.06640625 0.059375
0 0.6875 0.096875 0.02734375 0.021875
0 0.6875 0.15703125 0.02890625 0.02421875
0 0.04609375 0.290625 0.01640625 0.02109375
0 0.9734375 0.3640625 0.0125 0.01484375
0 0.30703125 0.103125 0.03515625 0.02734375
0 0.29765625 0.134375 0.0078125 0.0078125
1 0.03046875 0.271875 0.01015625 0.01796875
0 0.146875 0.19140625 0.0078125 0.0078125
0 0.259375 0.0296875 0.02421875 0.01640625
1 0.1921875 0.27421875 0.0203125 0.0171875
0 0.171875 0.13984375 0.00859375 0.009375
1 0.8703125 0.3125 0.02421875 0.02578125