0 0.39765625 0.56171875 0.0359375 0.0328125
0 0.35703125 0.77421875 0.05546875 0.05390625
0 0.53125 0.4796875 0.059375 0.05859375
0 0.76953125 0.48828125 0.07890625 0.08203125
0 0.40703125 0.4390625 0.05546875 0.05390625
0 0.30625 0.78984375 0.046875 0.04453125
0 0.34609375 0.52265625 0.03828125 0.0359375
0 0.7125 0.39140625 0.06015625 0.05703125
0 0.89296875 0.446875 0.04296875 0.0515625
0 0.16640625 0.60703125 0.03828125 0.04375
0 0.503125 0.68515625 0.0421875 0.0390625
0 0.42890625 0.79296875 0.040625 0.034375
0 0.4234375 0.603125 0.01796875 0.0171875
0 0.6390625 0.61875 0.025 0.0234375
0 0.3453125 0.66015625 0.0296875 0.02578125
0 0.58671875 0.4984375 0.05078125 0.04609375
0 0.9046875 0.6140625 0.0203125 0.0203125
0 0.53828125 0.65546875 0.11640625 0.109375
0 0.6078125 0.77734375 0.03203125 0.02578125
0 0.27734375 0.71484375 0.0390625 0.03515625
0 0.8453125 0.675 0.021875 0.02265625
0 0.53203125 0.34375 0.05078125 0.04296875
0 0.72578125 0.6671875 0.03125 0.03125
0 0.33046875 0.615625 0.0171875 0.0171875
0 0.55 0.59609375 0.021875 0.01875
0 0.3625 0.56171875 0.01796875 0.01875
0 0.63984375 0.69453125 0.0296875 0.02734375
0 0.2640625 0.64453125 0.01875 0.01953125
0 0.615625 0.55234375 0.0296875 0.028125
0 0.6203125 0.35078125 0.04453125 0.04140625
0 0.59609375 0.8265625 0.02421875 0.021875
0 0.3828125 0.62421875 0.02265625 0.02109375
0 0.14921875 0.67421875 0.0375 0.04140625
0 0.35390625 0.73359375 0.03359375 0.0296875
0 0.49296875 0.39765625 0.03359375 0.0296875
0 0.37578125 0.66796875 0.0546875 0.0484375
0 0.11015625 0.67734375 0.02734375 0.03359375
0 0.53203125 0.75078125 0.025 0.0234375
0 0.83203125 0.446875 0.0203125 0.021875
0 0.5140625 0.55625 0.03984375 0.0390625
0 0.68203125 0.0953125 0.06484375 0.04375
0 0.7875 0.32578125 0.0546875 0.05078125
0 0.684375 0.75703125 0.02890625 0.0265625
0 0.37890625 0.33828125 0.01484375 0.0140625
0 0.28046875 0.5828125 0.04140625 0.0390625
0 0.0578125 0.7203125 0.0296875 0.0375
0 0.66328125 0.45859375 0.04765625 0.04609375
0 0.7328125 0.5953125 0.0421875 0.0375
0 0.2875 0.45859375 0.03828125 0.0359375
0 0.228125 0.57265625 0.03515625 0.03671875
0 0.75 0.1296875 0.02578125 0.0203125
0 0.1359375 0.7265625 0.0234375 0.025
0 0.31796875 0.7265625 0.0265625 0.02578125
0 0.88125 0.5109375 0.0296875 0.0296875
0 0.846875 0.40234375 0.02578125 0.025
0 0.70546875 0.3375 0.0328125 0.03046875
0 0.43046875 0.553125 0.0265625 0.028125
0 0.4484375 0.32890625 0.05078125 0.04609375
0 0.7296875 0.22109375 0.0390625 0.03203125
0 0.67421875 0.43359375 0.02265625 0.0203125
0 0.715625 0.28828125 0.03359375 0.02734375
0 0.65 0.27109375 0.0171875 0.015625
0 0.4671875 0.49140625 0.02578125 0.02578125
0 0.63984375 0.14609375 0.0265625 0.01953125
0 0.23359375 0.52265625 0.03046875 0.02734375
0 0.690625 0.56953125 0.0390625 0.03671875
0 0.45546875 0.403125 0.028125 0.025
0 0.7984375 0.58515625 0.03046875 0.02890625
0 0.7734375 0.234375 0.03515625 0.0296875
0 0.1984375 0.66484375 0.02109375 0.021875
1 0.41328125 0.721875 0.03125 0.028125
0 0.46171875 0.58125 0.03359375 0.0328125
0 0.840625 0.30078125 0.04921875 0.04453125
1 0.25234375 0.35390625 0.01875 0.0203125
0 0.15 0.734375 0.01953125 0.02265625
0 0.753125 0.471875 0.02265625 0.02265625
0 0.79375 0.15703125 0.02265625 0.01875
0 0.93203125 0.50859375 0.021875 0.02421875
0 0.9328125 0.47421875 0.025 0.0296875
0 0.91953125 0.253125 0.02734375 0.03046875
0 0.83671875 0.5515625 0.0296875 0.028125
0 0.959375 0.3234375 0.021875 0.0265625
0 0.09140625 0.753125 0.01953125 0.0203125
0 0.7015625 0.1703125 0.03046875 0.02265625
0 0.94375 0.46015625 0.03671875 0.0484375
0 0.2875 0.53515625 0.03203125 0.0296875
0 0.78984375 0.3890625 0.0390625 0.03828125
0 0.21953125 0.64375 0.01328125 0.01484375
0 0.6390625 0.38984375 0.025 0.021875
0 0.140625 0.6 0.0140625 0.01640625
1 0.2140625 0.3359375 0.01875 0.01953125
0 0.5375 0.29140625 0.0484375 0.0375
0 0.56328125 0.3078125 0.0328125 0.028125
0 0.7359375 0.18984375 0.03359375 0.02578125
1 0.11171875 0.55 0.01640625 0.02890625
0 0.73515625 0.17109375 0.021875 0.01796875
0 0.0265625 0.6890625 0.01953125 0.0265625
0 0.609375 0.2921875 0.03203125 0.028125
0 0.85703125 0.14453125 0.05 0.04609375
0 0.8640625 0.28671875 0.0453125 0.0390625
0 0.321875 0.346875 0.02109375 0.02109375
0 0.95234375 0.66484375 0.03125 0.0328125
0 0.59609375 0.38359375 0.028125 0.02578125
0 0.259375 0.43984375 0.03515625 0.0328125
0 0.9625 0.52734375 0.04296875 0.04921875
0 0.91328125 0.31953125 0.02421875 0.02734375
0 0.67265625 0.24375 0.0234375 0.0203125
0 0.9828125 0.41015625 0.0125 0.0171875
0 0.8 0.19140625 0.0265625 0.021875
0 0.62890625 0.2125 0.0296875 0.02890625
0 0.02265625 0.621875 0.03046875 0.05078125
0 0.3390625 0.2375 0.03203125 0.02734375
0 0.2796875 0.3890625 0.0359375 0.034375
0 0.8 0.8171875 0.1 0.0921875
1 0.14140625 0.415625 0.0109375 0.0140625
0 0.98125 0.33671875 0.0140625 0.01328125
0 0.5375 0.22578125 0.05546875 0.040625
0 0.6921875 0.21796875 0.02734375 0.0203125
0 0.97109375 0.253125 0.02890625 0.0390625
0 0.9640625 0.22890625 0.01328125 0.015625
0 0.5484375 0.2671875 0.05078125 0.0390625
1 0.22421875 0.23125 0.03515625 0.03046875
0 0.31875 0.2078125 0.02890625 0.0234375
1 0.0390625 0.50703125 0.0109375 0.02578125
0 0.55625 0.1953125 0.021875 0.0234375
0 0.5171875 0.42109375 0.02578125 0.02890625
1 0.37734375 0.17421875 0.03984375 0.03359375
0 0.46640625 0.27109375 0.03046875 0.02578125
0 0.4859375 0.21484375 0.0265625 0.028125
0 0.26953125 0.3171875 0.0640625 0.0625
0 0.4359375 0.3015625 0.06796875 0.0546875
0 0.7625 0.10234375 0.04375 0.028125
1 0.025 0.57421875 0.01328125 0.01875
1 0.18359375 0.29921875 0.01953125 0.02578125
1 0.559375 0.10703125 0.028125 0.01875
1 0.6828125 0.9578125 0.0234375 0.01796875