0 0.125 0.7875 0.03046875 0.03203125
0 0.1796875 0.88125 0.0203125 0.01875
0 0.25390625 0.846875 0.0359375 0.040625
0 0.12890625 0.9171875 0.025 0.02265625
0 0.103125 0.82734375 0.0140625 0.01484375
0 0.025 0.83203125 0.02265625 0.021875
0 0.2453125 0.928125 0.01953125 0.01796875
0 0.06875 0.8484375 0.03125 0.03125
0 0.06484375 0.76171875 0.01328125 0.01796875
0 0.1890625 0.81875 0.01640625 0.015625
0 0.0234375 0.890625 0.025 0.0265625
0 0.19921875 0.83515625 0.01484375 0.01484375
0 0.0953125 0.7765625 0.0328125 0.03828125
0 0.278125 0.92265625 0.025 0.021875
0 0.08671875 0.89921875 0.02578125 0.02421875
0 0.30390625 0.94609375 0.02734375 0.02265625
0 0.07578125 0.9203125 0.02421875 0.02109375
0 0.06875 0.790625 0.02578125 0.02734375
1 0.0921875 0.98203125 0.01640625 0.015625
0 0.13984375 0.8453125 0.04609375 0.046875
0 0.01484375 0.7671875 0.01484375 0.015625
0 0.1890625 0.96875 0.03515625 0.02890625
0 0.2203125 0.92890625 0.03203125 0.028125
0 0.08671875 0.88125 0.01015625 0.0109375
0 0.15546875 0.78671875 0.02578125 0.02890625
0 0.1140625 0.87578125 0.0140625 0.01484375
0 0.465625 0.975 0.05078125 0.0359375
0 0.2609375 0.91484375 0.01796875 0.01640625
0 0.028125 0.865625 0.015625 0.01640625
0 0.340625 0.959375 0.05078125 0.034375
0 0.3640625 0.99609375 0.01875 0.00703125
0 0.384375 0.97734375 0.0171875 0.0125
0 0.26328125 0.99609375 0.0171875 0.0078125
1 0.04921875 0.66328125 0.0125 0.01796875
0 0.22578125 0.9625 0.01171875 0.0109375
0 0.2640625 0.9515625 0.04609375 0.02890625
1 0.025 0.7171875 0.01328125 0.01953125
0 0.51171875 0.9859375 0.0328125 0.02265625
0 0.49453125 0.96796875 0.0328125 0.02421875
1 0.146875 0.821875 0.025 0.028125
1 0.92265625 0.95234375 0.01171875 0.01171875
0 0.40546875 0.9390625 0.0203125 0.021875
1 0.01875 0.65625 0.03515625 0.04140625
0 0.43671875 0.92265625 0.03828125 0.03125
1 0.95859375 0.9609375 0.0125 0.0125
1 0.5265625 0.90703125 0.01015625 0.00859375
0 0.46328125 0.95 0.04140625 0.0296875
1 0.90078125 0.9796875 0.01015625 0.01015625
0 0.3265625 0.87578125 0.08046875 0.06796875
1 0.10390625 0.80625 0.02109375 0.02734375
0 0.14609375 0.74453125 0.0515625 0.046875
1 0.465625 0.87578125 0.0171875 0.0140625
1 0.08203125 0.7296875 0.0234375 0.0359375
1 0.12734375 0.72109375 0.0203125 0.0203125
1 0.08984375 0.95078125 0.009375 0.0125
0 0.6140625 0.96953125 0.078125 0.05390625
1 0.7203125 0.984375 0.040625 0.02734375
1 0.4046875 0.909375 0.02578125 0.03828125