0 0.2140625 0.2890625 0.01796875 0.0203125
0 0.5984375 0.1875 0.01796875 0.01484375
0 0.33203125 0.125 0.025 0.01875
0 0.18828125 0.2140625 0.0234375 0.021875
0 0.56796875 0.234375 0.0171875 0.01484375
0 0.340625 0.10703125 0.02265625 0.0171875
0 0.24296875 0.11171875 0.02109375 0.015625
0 0.08125 0.37578125 0.0203125 0.0234375
0 0.09375 0.51796875 0.01953125 0.02265625
0 0.84296875 0.27734375 0.015625 0.01640625
0 0.4765625 0.45234375 0.0140625 0.0125
0 0.33671875 0.078125 0.02421875 0.01640625
0 0.121875 0.3453125 0.0328125 0.0375
0 0.43125 0.14375 0.01484375 0.01171875
0 0.87578125 0.26640625 0.01484375 0.01328125
0 0.55234375 0.20234375 0.01171875 0.0109375
0 0.525 0.2203125 0.0125 0.01171875
0 0.11953125 0.4046875 0.0125 0.0171875
0 0.12109375 0.315625 0.03046875 0.0359375
0 0.5890625 0.440625 0.01328125 0.0140625
0 0.37734375 0.16015625 0.03203125 0.02734375
0 0.2328125 0.13828125 0.034375 0.02578125
0 0.2296875 0.2328125 0.021875 0.02421875
0 0.4984375 0.31015625 0.01796875 0.01640625
0 0.29765625 0.14296875 0.0359375 0.0265625
0 0.69375 0.31171875 0.0109375 0.01171875
0 0.52421875 0.26484375 0.015625 0.01484375
0 0.21328125 0.3015625 0.0140625 0.015625
0 0.48515625 0.14609375 0.01171875 0.01015625
0 0.6828125 0.10703125 0.01328125 0.01015625
0 0.85546875 0.2234375 0.01875 0.0203125
0 0.19921875 0.5640625 0.015625 0.0171875
0 0.1984375 0.315625 0.02734375 0.028125
0 0.5921875 0.053125 0.02109375 0.0125
0 0.715625 0.19453125 0.03359375 0.03046875
0 0.49921875 0.19921875 0.01796875 0.0140625
0 0.728125 0.4734375 0.01171875 0.01328125
0 0.57890625 0.31796875 0.01640625 0.015625
0 0.24453125 0.459375 0.01796875 0.01796875
0 0.790625 0.45 0.0171875 0.0171875
0 0.3734375 0.18828125 0.0171875 0.01484375
0 0.64375 0.08125 0.0234375 0.01484375
0 0.3203125 0.0984375 0.01875 0.0140625
0 0.60625 0.053125 0.0328125 0.015625
0 0.36875 0.70234375 0.01484375 0.01484375
0 0.84296875 0.39765625 0.03125 0.03359375
0 0.24375 0.340625 0.0140625 0.01484375
0 0.29140625 0.1 0.0203125 0.01484375
0 0.2578125 0.5265625 0.0203125 0.021875
0 0.85703125 0.34375 0.01640625 0.01953125
0 0.72734375 0.12734375 0.0125 0.0109375
0 0.7328125 0.096875 0.02265625 0.0171875
0 0.14296875 0.18046875 0.01796875 0.015625
0 0.19140625 0.359375 0.01328125 0.015625
0 0.4125 0.1109375 0.05234375 0.04296875