0 0.2171875 0.38046875 0.028125 0.02421875
0 0.621875 0.40234375 0.0265625 0.025
0 0.80546875 0.40390625 0.0296875 0.02890625
0 0.5515625 0.41484375 0.0328125 0.028125
0 0.59765625 0.38125 0.0328125 0.03125
0 0.5125 0.30234375 0.021875 0.01796875
0 0.6125 0.3046875 0.03515625 0.0203125
0 0.728125 0.43984375 0.03046875 0.028125
0 0.7390625 0.3484375 0.0375 0.03203125
0 0.42890625 0.2671875 0.0203125 0.01640625
0 0.2953125 0.4296875 0.034375 0.02890625
0 0.91953125 0.4203125 0.025 0.02890625
0 0.74453125 0.221875 0.0203125 0.01875
0 0.49921875 0.3828125 0.03046875 0.02734375
0 0.859375 0.23046875 0.021875 0.01953125
0 0.68671875 0.49375 0.03125 0.02734375
0 0.8890625 0.35625 0.02578125 0.02890625
0 0.50703125 0.52734375 0.0359375 0.03203125
0 0.59140625 0.52421875 0.034375 0.02890625
0 0.5375 0.4703125 0.03203125 0.0265625
0 0.44375 0.30546875 0.0140625 0.01484375
0 0.38046875 0.4203125 0.0359375 0.03515625
0 0.2453125 0.434375 0.02109375 0.021875
0 0.228125 0.309375 0.03203125 0.0296875
0 0.92890625 0.2828125 0.01796875 0.02265625
0 0.6265625 0.47890625 0.025 0.0234375
0 0.69453125 0.2984375 0.028125 0.0234375
0 0.09765625 0.2640625 0.021875 0.01796875
0 0.42265625 0.1078125 0.02734375 0.02421875
0 0.8796875 0.13984375 0.02421875 0.0203125
0 0.315625 0.51171875 0.03984375 0.0359375
0 0.31171875 0.25859375 0.01953125 0.015625
0 0.27109375 0.27578125 0.03125 0.02890625
0 0.0234375 0.41875 0.0140625 0.01328125
0 0.73515625 0.1625 0.0171875 0.015625
0 0.37734375 0.171875 0.02578125 0.0234375
0 0.584375 0.1609375 0.021875 0.01875
0 0.103125 0.3265625 0.01953125 0.01796875
0 0.29921875 0.22421875 0.03125 0.02890625
0 0.7671875 0.196875 0.02265625 0.02421875
0 0.353125 0.4796875 0.021875 0.02109375
0 0.43515625 0.33203125 0.0125 0.0125
0 0.95703125 0.46484375 0.0203125 0.0234375
0 0.2640625 0.19296875 0.0359375 0.03515625
0 0.85859375 0.16796875 0.015625 0.01328125
0 0.634375 0.1 0.0296875 0.02109375
0 0.6359375 0.14296875 0.06171875 0.0515625
0 0.440625 0.17109375 0.059375 0.0484375
0 0.0296875 0.35 0.01953125 0.01953125
0 0.76640625 0.25859375 0.028125 0.02265625
0 0.8921875 0.4515625 0.0375 0.0390625
0 0.95390625 0.25390625 0.015625 0.01875
0 0.8125 0.23828125 0.0390625 0.02578125
0 0.81796875 0.16015625 0.01875 0.0140625
0 0.50546875 0.246875 0.0296875 0.03125
0 0.34140625 0.1328125 0.05 0.04140625
0 0.521875 0.16171875 0.0171875 0.01328125
0 0.65703125 0.209375 0.0234375 0.0203125
0 0.734375 0.31171875 0.03515625 0.03125
0 0.48515625 0.1921875 0.04453125 0.0390625
0 0.34296875 0.50703125 0.02421875 0.02421875
0 0.5578125 0.11953125 0.01796875 0.0140625
0 0.55625 0.1765625 0.04453125 0.04140625
0 0.04140625 0.40234375 0.03046875 0.03046875
0 0.95625 0.3046875 0.03046875 0.0390625
0 0.79609375 0.50703125 0.0390625 0.0390625
0 0.67109375 0.23046875 0.0703125 0.06484375
0 0.40625 0.44921875 0.02265625 0.0203125
0 0.36640625 0.3453125 0.03984375 0.0375
0 0.390625 0.10859375 0.025 0.01953125
0 0.19453125 0.33671875 0.01796875 0.0171875
0 0.8640625 0.35390625 0.0390625 0.03828125
0 0.3546875 0.24375 0.0421875 0.0390625
0 0.15625 0.36953125 0.034375 0.03984375
0 0.271875 0.45546875 0.0375 0.03671875
0 0.1546875 0.2453125 0.03984375 0.03984375
0 0.21640625 0.20390625 0.0328125 0.03046875
0 0.43671875 0.525 0.03828125 0.03359375