0 0.8703125 0.71875 0.01875 0.021875
0 0.75625 0.7203125 0.02890625 0.0296875
0 0.5796875 0.62421875 0.025 0.0234375
0 0.26171875 0.63828125 0.0234375 0.025
0 0.25859375 0.32578125 0.0296875 0.02734375
0 0.29453125 0.23984375 0.02734375 0.02421875
0 0.5453125 0.07421875 0.040625 0.03359375
0 0.871875 0.4359375 0.01484375 0.0171875
0 0.27421875 0.5890625 0.02265625 0.02265625
0 0.2515625 0.27265625 0.0359375 0.03359375
0 0.896875 0.40234375 0.021875 0.0234375
0 0.125 0.396875 0.01875 0.01953125
0 0.78515625 0.365625 0.01640625 0.0171875