0 0.63046875 0.421875 0.046875 0.0484375
0 0.8890625 0.428125 0.04609375 0.05390625
0 0.63359375 0.671875 0.01640625 0.01484375
0 0.521875 0.71796875 0.0125 0.0125
0 0.40234375 0.7234375 0.015625 0.01640625
0 0.4890625 0.19375 0.040625 0.03359375
0 0.86015625 0.53984375 0.01328125 0.01328125
0 0.30859375 0.38671875 0.02578125 0.0265625
0 0.39375 0.78984375 0.02109375 0.0203125
0 0.890625 0.2625 0.015625 0.015625
0 0.66484375 0.615625 0.015625 0.01640625
0 0.28046875 0.7328125 0.0109375 0.01171875
0 0.871875 0.34375 0.0265625 0.0296875
0 0.5203125 0.7890625 0.009375 0.01015625
0 0.2453125 0.43359375 0.0359375 0.0359375
0 0.3078125 0.77734375 0.0125 0.0125
0 0.8921875 0.32734375 0.01640625 0.01875
0 0.721875 0.2171875 0.0390625 0.0390625
0 0.7015625 0.40859375 0.0125 0.0125
0 0.68125 0.221875 0.0328125 0.0296875
0 0.9 0.3859375 0.01171875 0.01328125
0 0.3765625 0.6609375 0.01875 0.01796875
1 0.3359375 0.246875 0.0109375 0.01328125
1 0.15234375 0.4546875 0.01484375 0.0171875
1 0.340625 0.2234375 0.01328125 0.0109375
0 0.78203125 0.42734375 0.0171875 0.01640625
0 0.70703125 0.58671875 0.01640625 0.01640625
0 0.34296875 0.865625 0.0125 0.01171875
0 0.71953125 0.4671875 0.01171875 0.01171875
1 0.53984375 0.76953125 0.01171875 0.01171875
0 0.4796875 0.2640625 0.03125 0.02890625
0 0.25 0.8609375 0.01484375 0.0140625
0 0.946875 0.32109375 0.02109375 0.02890625
0 0.48828125 0.740625 0.009375 0.01015625
0 0.60859375 0.7109375 0.01015625 0.01015625
0 0.86640625 0.42734375 0.015625 0.01953125
0 0.06875 0.63359375 0.03203125 0.03984375
0 0.803125 0.25390625 0.0171875 0.0171875
0 0.54375 0.703125 0.01484375 0.01484375
0 0.42109375 0.7671875 0.01015625 0.01015625
0 0.48515625 0.809375 0.0140625 0.0125
1 0.08828125 0.44375 0.0125 0.015625
0 0.7453125 0.35234375 0.0109375 0.01171875
0 0.85078125 0.18984375 0.021875 0.021875
0 0.4671875 0.6421875 0.01328125 0.0125
0 0.96796875 0.33359375 0.01953125 0.02890625
0 0.56875 0.65234375 0.0203125 0.01875
0 0.4625 0.88046875 0.0125 0.0125
0 0.88359375 0.38125 0.01953125 0.02265625
0 0.79765625 0.8796875 0.02578125 0.02109375
0 0.71328125 0.34375 0.01484375 0.0140625
0 0.825 0.53515625 0.02421875 0.028125
0 0.95859375 0.265625 0.03359375 0.046875
0 0.90859375 0.2953125 0.0109375 0.0109375
0 0.8265625 0.26953125 0.01640625 0.01484375
0 0.92421875 0.4203125 0.0140625 0.01484375
0 0.05390625 0.69453125 0.01484375 0.0203125
0 0.596875 0.2875 0.015625 0.01484375
0 0.7765625 0.64921875 0.01484375 0.015625
1 0.390625 0.8140625 0.0171875 0.01484375
0 0.415625 0.33125 0.01796875 0.015625
0 0.784375 0.30703125 0.021875 0.021875
0 0.63984375 0.37421875 0.0140625 0.01484375
0 0.14453125 0.6125 0.02109375 0.02578125
1 0.30390625 0.43125 0.01875 0.01875
0 0.2359375 0.73359375 0.01015625 0.01015625
1 0.078125 0.509375 0.009375 0.01171875
1 0.49296875 0.56875 0.01015625 0.01015625
0 0.35390625 0.8578125 0.009375 0.01015625
0 0.5921875 0.25234375 0.02109375 0.01953125
0 0.85234375 0.2421875 0.0203125 0.0203125
1 0.64765625 0.3078125 0.0140625 0.0140625
0 0.840625 0.3234375 0.0109375 0.0109375
1 0.90859375 0.5890625 0.01015625 0.0125
0 0.03203125 0.44765625 0.01015625 0.01328125
0 0.2046875 0.80234375 0.01015625 0.0109375
0 0.46015625 0.846875 0.009375 0.01015625
0 0.89921875 0.25 0.0109375 0.0125
0 0.365625 0.353125 0.01171875 0.0125
0 0.603125 0.4015625 0.01015625 0.01015625
0 0.71484375 0.50078125 0.01640625 0.0171875
1 0.37265625 0.42265625 0.0140625 0.0140625
0 0.7609375 0.28828125 0.0171875 0.01796875
1 0.25625 0.26015625 0.01015625 0.00859375
0 0.60234375 0.6265625 0.01015625 0.01015625
1 0.30859375 0.30078125 0.00859375 0.0109375
1 0.76875 0.57109375 0.01015625 0.0109375
0 0.60234375 0.196875 0.01484375 0.01328125
0 0.63984375 0.3953125 0.01171875 0.0109375
0 0.97109375 0.6375 0.01171875 0.0203125
0 0.2171875 0.453125 0.00859375 0.009375
0 0.76640625 0.2296875 0.01171875 0.01171875
0 0.959375 0.44296875 0.01484375 0.01640625
0 0.35703125 0.30859375 0.03046875 0.0296875
1 0.0375 0.71484375 0.00859375 0.0109375
0 0.85078125 0.22578125 0.01171875 0.0125
0 0.840625 0.5984375 0.0125 0.0125
0 0.89375 0.55 0.00859375 0.01015625
0 0.4546875 0.7953125 0.00859375 0.00859375
0 0.6109375 0.2078125 0.01171875 0.0109375
1 0.2484375 0.3703125 0.01484375 0.02734375
1 0.32265625 0.21875 0.00859375 0.0078125
0 0.67109375 0.72578125 0.00859375 0.00859375
0 0.965625 0.39296875 0.00859375 0.009375
1 0.06796875 0.596875 0.00703125 0.0109375
0 0.69609375 0.61015625 0.01015625 0.0109375
0 0.26015625 0.31015625 0.0078125 0.00859375
0 0.4125 0.59453125 0.00859375 0.009375
1 0.8875 0.1921875 0.01953125 0.021875
0 0.7578125 0.215625 0.01640625 0.01484375
1 0.36171875 0.18984375 0.01171875 0.0109375
0 0.69609375 0.1734375 0.01484375 0.0140625
0 0.465625 0.65 0.02734375 0.025
1 0.0671875 0.4109375 0.00703125 0.0078125
1 0.64921875 0.2734375 0.009375 0.0109375
0 0.721875 0.340625 0.009375 0.01015625
1 0.37578125 0.5828125 0.01015625 0.0109375
0 0.453125 0.728125 0.021875 0.02109375
0 0.8234375 0.334375 0.0375 0.03359375
0 0.01484375 0.44921875 0.00859375 0.0109375
1 0.290625 0.55390625 0.01171875 0.01328125
1 0.9859375 0.55 0.0109375 0.0125
0 0.39296875 0.29296875 0.00859375 0.00859375
1 0.44296875 0.25390625 0.01875 0.01640625
0 0.25625 0.4078125 0.00859375 0.009375
1 0.88046875 0.29453125 0.01953125 0.01875
0 0.290625 0.2796875 0.009375 0.01015625
1 0.60625 0.28515625 0.0390625 0.02265625
1 0.26328125 0.23046875 0.0078125 0.00859375
0 0.86875 0.228125 0.0328125 0.0328125
1 0.81953125 0.453125 0.009375 0.0109375
1 0.29140625 0.525 0.015625 0.01328125
1 0.43828125 0.290625 0.03359375 0.02578125
1 0.51484375 0.2453125 0.00859375 0.009375
1 0.36015625 0.19921875 0.01171875 0.0125
1 0.64140625 0.56015625 0.01875 0.0234375
1 0.021875 0.52578125 0.02265625 0.03359375
0 0.703125 0.3875 0.02734375 0.025
1 0.45234375 0.315625 0.03828125 0.0296875
1 0.565625 0.4078125 0.0078125 0.0078125
0 0.99765625 0.3859375 0.0046875 0.01171875
1 0.5734375 0.84140625 0.009375 0.01015625
1 0.4359375 0.26875 0.03046875 0.0265625