0 0.7390625 0.16015625 0.0328125 0.03359375
0 0.31171875 0.6421875 0.040625 0.03984375
0 0.49296875 0.8015625 0.03046875 0.02890625
0 0.4234375 0.07578125 0.02109375 0.01953125
0 0.17265625 0.2796875 0.0375 0.034375
0 0.17734375 0.37109375 0.07421875 0.0671875
0 0.875 0.54375 0.05390625 0.05
0 0.52578125 0.528125 0.01953125 0.01875
0 0.38984375 0.10703125 0.01875 0.0171875
0 0.5234375 0.1234375 0.028125 0.02421875
0 0.1953125 0.634375 0.0234375 0.02265625
0 0.728125 0.89921875 0.02734375 0.02578125
0 0.21171875 0.4515625 0.0328125 0.03125
0 0.1234375 0.0734375 0.02265625 0.021875
0 0.02421875 0.35078125 0.0234375 0.021875
0 0.1234375 0.690625 0.0265625 0.02578125
0 0.340625 0.72265625 0.02109375 0.021875
0 0.746875 0.41640625 0.03125 0.03203125
0 0.38671875 0.0171875 0.02109375 0.01875
0 0.94453125 0.76875 0.01796875 0.01796875
0 0.26953125 0.653125 0.02890625 0.02890625
0 0.3140625 0.11640625 0.0203125 0.01796875
0 0.98359375 0.61171875 0.02421875 0.02578125
0 0.05859375 0.871875 0.05859375 0.065625
0 0.6375 0.29921875 0.01484375 0.0140625
0 0.4015625 0.30546875 0.06171875 0.0625
0 0.128125 0.37421875 0.03203125 0.03046875
0 0.784375 0.23984375 0.0421875 0.0390625
0 0.375 0.8734375 0.02578125 0.02421875
0 0.69453125 0.25625 0.0140625 0.0140625
0 0.753125 0.6375 0.02890625 0.03125
0 0.9140625 0.4890625 0.04140625 0.0421875
0 0.9046875 0.1828125 0.03984375 0.040625
0 0.225 0.49453125 0.01953125 0.01875
0 0.490625 0.56953125 0.0328125 0.03046875
0 0.6078125 0.06875 0.02734375 0.0265625
0 0.2390625 0.73984375 0.01796875 0.0171875
0 0.13125 0.55390625 0.0375 0.0359375
0 0.24921875 0.8515625 0.0359375 0.0328125
0 0.07734375 0.93671875 0.02734375 0.02890625
0 0.521875 0.246875 0.01796875 0.01796875
0 0.7546875 0.54375 0.0234375 0.0265625
0 0.9609375 0.29765625 0.03125 0.03359375
0 0.23203125 0.809375 0.03203125 0.0296875
0 0.38984375 0.81640625 0.028125 0.02421875
0 0.59609375 0.54453125 0.03671875 0.03359375
0 0.8890625 0.2703125 0.03828125 0.03671875
0 0.37421875 0.2171875 0.03125 0.025
0 0.80625 0.3453125 0.03515625 0.034375
0 0.54140625 0.696875 0.0421875 0.03828125
0 0.03828125 0.43984375 0.05234375 0.05234375
0 0.9234375 0.553125 0.04296875 0.0453125
0 0.91796875 0.5296875 0.028125 0.02890625
0 0.009375 0.24765625 0.01640625 0.01796875
0 0.19453125 0.82890625 0.02890625 0.0265625
0 0.9859375 0.57734375 0.0171875 0.0203125
0 0.196875 0.12734375 0.021875 0.0203125
0 0.6046875 0.334375 0.06015625 0.05546875
0 0.76484375 0.7546875 0.03359375 0.02890625
0 0.815625 0.415625 0.01328125 0.01328125
0 0.8890625 0.15 0.015625 0.01484375
0 0.32578125 0.56953125 0.02578125 0.0296875
0 0.175 0.58671875 0.0140625 0.0140625
0 0.85234375 0.340625 0.03671875 0.0359375
0 0.6171875 0.73515625 0.03984375 0.03984375
0 0.5609375 0.628125 0.05 0.04609375
0 0.21953125 0.64609375 0.01796875 0.0171875
0 0.1203125 0.21796875 0.028125 0.02734375
0 0.27890625 0.93671875 0.0265625 0.02265625