0 0.7859375 0.66484375 0.0578125 0.05703125
0 0.26328125 0.546875 0.0140625 0.0140625
0 0.42265625 0.44375 0.01953125 0.0203125
0 0.53046875 0.7078125 0.0203125 0.02109375
0 0.6921875 0.6015625 0.02890625 0.028125
0 0.42578125 0.55234375 0.0125 0.01328125
0 0.2109375 0.5828125 0.01171875 0.01171875
0 0.5875 0.66796875 0.03515625 0.034375
0 0.8421875 0.30703125 0.01875 0.01796875
0 0.5703125 0.64921875 0.015625 0.01640625
0 0.196875 0.8140625 0.03359375 0.03359375
0 0.1796875 0.846875 0.02734375 0.02734375
0 0.190625 0.3828125 0.0109375 0.0109375
0 0.496875 0.340625 0.01484375 0.01484375
0 0.3734375 0.52890625 0.02578125 0.0265625
0 0.92421875 0.60625 0.02109375 0.0234375
0 0.534375 0.840625 0.02265625 0.02109375
0 0.21875 0.76875 0.01796875 0.01875
0 0.66328125 0.67109375 0.03671875 0.03828125
0 0.36484375 0.8671875 0.02421875 0.02421875
0 0.171875 0.70546875 0.01328125 0.0140625
0 0.4421875 0.31484375 0.0359375 0.0375
0 0.13515625 0.47109375 0.01171875 0.0109375
0 0.4359375 0.740625 0.028125 0.02578125
0 0.24921875 0.76015625 0.01796875 0.01953125
0 0.371875 0.5578125 0.02421875 0.02421875
0 0.50078125 0.253125 0.04375 0.04140625
0 0.81328125 0.45234375 0.025 0.02421875
0 0.75 0.75859375 0.0140625 0.0140625
0 0.1359375 0.30390625 0.0421875 0.04296875
0 0.58125 0.56171875 0.015625 0.015625
0 0.3390625 0.55703125 0.0328125 0.03203125
0 0.63203125 0.15234375 0.05625 0.0515625
0 0.121875 0.87578125 0.03984375 0.040625
0 0.3609375 0.9421875 0.0359375 0.0359375
0 0.203125 0.26328125 0.0109375 0.01171875
0 0.4828125 0.853125 0.03359375 0.03046875
0 0.88203125 0.40078125 0.02421875 0.0234375
0 0.409375 0.4703125 0.0109375 0.0109375
0 0.73359375 0.36015625 0.0140625 0.01484375
0 0.7171875 0.2359375 0.03125 0.03046875
0 0.67890625 0.0796875 0.028125 0.025
0 0.69609375 0.115625 0.0328125 0.02890625
0 0.76796875 0.26484375 0.01875 0.01953125
0 0.83125 0.41484375 0.03046875 0.0296875
0 0.225 0.73125 0.01875 0.01875
0 0.596875 0.9875 0.025 0.021875
0 0.1515625 0.46796875 0.0125 0.0109375
0 0.53828125 0.6140625 0.01328125 0.01328125
0 0.54765625 0.703125 0.015625 0.0171875
0 0.196875 0.4171875 0.009375 0.01015625
0 0.6515625 0.31953125 0.0390625 0.03671875
0 0.07265625 0.37578125 0.015625 0.0203125
0 0.10625 0.65234375 0.04921875 0.04296875
0 0.66640625 0.778125 0.0390625 0.03515625
0 0.27578125 0.1546875 0.025 0.02265625
0 0.834375 0.65546875 0.01875 0.0203125
0 0.29765625 0.0421875 0.01640625 0.01484375
0 0.3171875 0.1078125 0.021875 0.01875
0 0.2546875 0.1125 0.02578125 0.025
0 0.6765625 0.746875 0.02265625 0.02265625
0 0.2203125 0.8734375 0.021875 0.021875
0 0.60546875 0.46640625 0.04296875 0.04453125
0 0.834375 0.46484375 0.02421875 0.02421875
0 0.634375 0.47265625 0.02578125 0.028125
0 0.0703125 0.67109375 0.0171875 0.01796875
0 0.65703125 0.22421875 0.0390625 0.0390625
0 0.79765625 0.48359375 0.01484375 0.01484375
0 0.97421875 0.32734375 0.01953125 0.0203125
0 0.32890625 0.66328125 0.0109375 0.0109375
0 0.7484375 0.846875 0.06015625 0.05546875
0 0.8375 0.79140625 0.03671875 0.0359375
0 0.58359375 0.403125 0.01953125 0.021875
0 0.5140625 0.1890625 0.025 0.02421875
0 0.09296875 0.6921875 0.0265625 0.02890625
0 0.78671875 0.41953125 0.0296875 0.0296875
0 0.81328125 0.5265625 0.0203125 0.021875
0 0.8328125 0.06328125 0.02578125 0.021875
0 0.8453125 0.02734375 0.04296875 0.0359375
0 0.0375 0.7765625 0.02265625 0.025
0 0.8515625 0.71484375 0.059375 0.0640625
0 0.2125 0.90703125 0.0125 0.0125
0 0.659375 0.35078125 0.02890625 0.03125
0 0.8484375 0.884375 0.0296875 0.02890625
0 0.77734375 0.4421875 0.015625 0.015625
0 0.01796875 0.3140625 0.009375 0.0109375
0 0.8859375 0.3640625 0.034375 0.040625
0 0.80390625 0.60625 0.01875 0.01875
0 0.0234375 0.8953125 0.01640625 0.01875
0 0.25546875 0.915625 0.01171875 0.01171875
0 0.1046875 0.7390625 0.0265625 0.0296875
0 0.03515625 0.6203125 0.04453125 0.0546875
0 0.5640625 0.81953125 0.01328125 0.01484375
0 0.10625 0.93515625 0.015625 0.01796875
0 0.6890625 0.5109375 0.0125 0.0125
0 0.57109375 0.784375 0.01171875 0.0125
0 0.634375 0.628125 0.025 0.02578125
1 0.06796875 0.2234375 0.015625 0.0171875
0 0.715625 0.52421875 0.0234375 0.02265625
0 0.696875 0.35546875 0.0171875 0.0171875
0 0.6 0.49765625 0.02265625 0.021875
0 0.86171875 0.9578125 0.01796875 0.0171875
0 0.1984375 0.1015625 0.02578125 0.02578125
0 0.125 0.50703125 0.009375 0.009375
0 0.6453125 0.93203125 0.03203125 0.03203125
0 0.0125 0.4046875 0.0203125 0.02421875
0 0.8734375 0.6328125 0.0140625 0.01484375
1 0.01875 0.9515625 0.01953125 0.03125
1 0.02734375 0.2609375 0.0140625 0.015625
1 0.54140625 0.11328125 0.028125 0.04140625