1 0.26015625 0.01484375 0.03828125 0.02734375
1 0.1890625 0.01328125 0.03046875 0.02421875
1 0.16171875 0.0109375 0.0328125 0.0203125
1 0.3125 0.00859375 0.03125 0.0171875
1 0.93828125 0.0953125 0.03125 0.0171875
1 0.22578125 0.0375 0.02109375 0.01328125
1 0.92265625 0.103125 0.03359375 0.028125
1 0.3625 0.03359375 0.01875 0.01875
1 0.10859375 0.0390625 0.028125 0.01953125
1 0.9796875 0.0515625 0.040625 0.053125
1 0.0328125 0.06640625 0.0125 0.01328125
1 0.50859375 0.0515625 0.025 0.01640625
1 0.86796875 0.04765625 0.0265625 0.01796875
1 0.915625 0.07109375 0.01796875 0.02109375
0 0.73984375 0.00859375 0.0265625 0.0171875
1 0.8828125 0.03828125 0.02734375 0.0234375