0 0.503125 0.109375 0.03046875 0.02109375
0 0.6359375 0.2421875 0.01875 0.01875
0 0.834375 0.371875 0.0171875 0.021875
0 0.490625 0.05234375 0.0171875 0.01328125
0 0.8625 0.30625 0.02265625 0.02578125
0 0.7984375 0.41171875 0.021875 0.02421875
0 0.94921875 0.39921875 0.01484375 0.02109375
0 0.8 0.24296875 0.01953125 0.02109375
0 0.54609375 0.05703125 0.01875 0.0125
0 0.8828125 0.34609375 0.02890625 0.034375
0 0.71796875 0.1109375 0.01953125 0.01484375
0 0.8859375 0.390625 0.02265625 0.02890625
0 0.6546875 0.21640625 0.0171875 0.015625
0 0.53828125 0.09140625 0.02265625 0.01640625
0 0.79375 0.26875 0.01328125 0.01484375
0 0.4625 0.1015625 0.02734375 0.02265625
0 0.65546875 0.1703125 0.025 0.02109375
0 0.85390625 0.375 0.01640625 0.0234375
0 0.63203125 0.1234375 0.01953125 0.01640625
0 0.68359375 0.19375 0.0203125 0.01875
0 0.58671875 0.153125 0.02109375 0.01875
0 0.9125 0.36953125 0.02421875 0.0265625
0 0.6890625 0.3109375 0.03203125 0.025
0 0.9328125 0.53359375 0.0125 0.01875
0 0.6734375 0.28671875 0.025 0.02421875
0 0.865625 0.4609375 0.0171875 0.021875
0 0.80859375 0.19296875 0.0203125 0.02109375
0 0.859375 0.44375 0.01796875 0.0203125
0 0.834375 0.55546875 0.02109375 0.0265625
0 0.60703125 0.165625 0.01796875 0.0171875
0 0.778125 0.35546875 0.025 0.03046875
0 0.73359375 0.11015625 0.025 0.02109375
0 0.88203125 0.4078125 0.025 0.0328125
0 0.92265625 0.4421875 0.0109375 0.01328125
0 0.67265625 0.24609375 0.01796875 0.01640625
0 0.5984375 0.07421875 0.021875 0.0140625
0 0.5671875 0.134375 0.0203125 0.021875