0 0.1671875 0.1875 0.02109375 0.01640625
0 0.6625 0.1125 0.0265625 0.01796875
0 0.56953125 0.17109375 0.025 0.01796875
0 0.39453125 0.1234375 0.02734375 0.0234375
0 0.82109375 0.1171875 0.01796875 0.01484375
0 0.940625 0.26484375 0.01953125 0.01953125
0 0.5078125 0.2359375 0.0234375 0.0203125
0 0.9234375 0.11015625 0.01640625 0.01484375
0 0.23125 0.10546875 0.03046875 0.02109375
0 0.51484375 0.2125 0.03359375 0.02578125
0 0.7421875 0.1546875 0.021875 0.0171875
0 0.44921875 0.2296875 0.03515625 0.02578125
0 0.6734375 0.0890625 0.02265625 0.0140625
0 0.81171875 0.09296875 0.02265625 0.0171875
0 0.67890625 0.13671875 0.01484375 0.0140625
0 0.87890625 0.3296875 0.02734375 0.02734375
0 0.4859375 0.19453125 0.02890625 0.01875
0 0.6921875 0.0796875 0.0171875 0.01171875
0 0.6703125 0.36484375 0.0328125 0.03203125
0 0.65859375 0.23046875 0.02265625 0.0203125
0 0.25703125 0.0703125 0.02734375 0.0140625
0 0.3375 0.265625 0.021875 0.01875
0 0.71953125 0.0578125 0.0296875 0.0203125
0 0.9546875 0.24140625 0.01484375 0.01796875
0 0.6 0.23125 0.02890625 0.025
0 0.628125 0.090625 0.0171875 0.01328125
0 0.50703125 0.15625 0.03203125 0.02578125
0 0.31875 0.11640625 0.0125 0.01171875
0 0.23046875 0.265625 0.02578125 0.02578125
0 0.26796875 0.184375 0.01953125 0.01875
0 0.72734375 0.03515625 0.01953125 0.0140625
0 0.6265625 0.21484375 0.03125 0.028125
0 0.37109375 0.203125 0.02265625 0.01640625
0 0.6546875 0.13984375 0.028125 0.02265625
0 0.58515625 0.203125 0.03515625 0.0265625
0 0.62578125 0.11015625 0.02890625 0.01796875
0 0.76015625 0.2359375 0.01328125 0.01328125
0 0.21484375 0.3078125 0.03828125 0.03359375
0 0.82890625 0.2875 0.01796875 0.01796875
0 0.5015625 0.26171875 0.02109375 0.01953125
0 0.284375 0.1328125 0.01796875 0.015625
0 0.61640625 0.2625 0.01953125 0.01796875
0 0.31328125 0.1734375 0.0234375 0.021875
0 0.4296875 0.11875 0.01640625 0.01328125
0 0.47890625 0.30078125 0.01953125 0.01953125
0 0.7328125 0.2265625 0.01953125 0.01953125
0 0.496875 0.0546875 0.01328125 0.009375
0 0.3296875 0.24375 0.01796875 0.015625
0 0.103125 0.28671875 0.03203125 0.0359375
0 0.61875 0.34296875 0.0453125 0.0390625
0 0.13046875 0.1046875 0.02265625 0.01875
0 0.8078125 0.14609375 0.01484375 0.0125
0 0.5265625 0.08828125 0.01640625 0.0140625
0 0.89375 0.15 0.03125 0.02578125
0 0.89140625 0.140625 0.021875 0.01484375
0 0.64375 0.265625 0.02421875 0.02109375
0 0.903125 0.328125 0.02265625 0.02578125
0 0.309375 0.13984375 0.01640625 0.0140625
0 0.42109375 0.225 0.01796875 0.01484375
0 0.8921875 0.2203125 0.03125 0.02734375
0 0.359375 0.13046875 0.034375 0.028125
0 0.34921875 0.0703125 0.0359375 0.028125
0 0.1921875 0.2390625 0.04140625 0.04140625
0 0.2796875 0.29921875 0.01484375 0.01328125
0 0.83671875 0.30078125 0.0171875 0.0171875
0 0.24765625 0.171875 0.015625 0.01328125
0 0.2 0.16640625 0.040625 0.0359375
0 0.31796875 0.2046875 0.03359375 0.02578125
0 0.42421875 0.15859375 0.01640625 0.01328125
0 0.6296875 0.02109375 0.02421875 0.0140625
0 0.325 0.05 0.04609375 0.03515625
0 0.790625 0.284375 0.01171875 0.01328125
0 0.86171875 0.2453125 0.015625 0.0140625
0 0.58359375 0.09140625 0.02109375 0.0140625
0 0.39765625 0.084375 0.0140625 0.009375
0 0.01875 0.259375 0.01015625 0.01171875
0 0.63125 0.190625 0.01640625 0.01484375
0 0.10234375 0.2453125 0.03203125 0.03125
0 0.04453125 0.3953125 0.03125 0.034375
0 0.1296875 0.309375 0.03046875 0.03828125
0 0.05 0.315625 0.01484375 0.015625
0 0.2015625 0.38125 0.02109375 0.02265625
0 0.44140625 0.23828125 0.01796875 0.01640625
0 0.63359375 0.0296875 0.0515625 0.03203125
0 0.9703125 0.22265625 0.01484375 0.0171875
0 0.36796875 0.32265625 0.02421875 0.02109375
0 0.7859375 0.2265625 0.0125 0.01328125
0 0.3140625 0.2375 0.01640625 0.0140625
0 0.4015625 0.2515625 0.03203125 0.028125
0 0.32890625 0.0359375 0.03203125 0.01328125
0 0.74296875 0.3953125 0.04296875 0.03515625
0 0.77109375 0.2875 0.015625 0.015625
0 0.16015625 0.29375 0.01484375 0.01328125
0 0.53125 0.35 0.025 0.02578125
0 0.05390625 0.35 0.04140625 0.05
0 0.82421875 0.24921875 0.03515625 0.0328125
0 0.07578125 0.2703125 0.0125 0.01328125
0 0.54453125 0.284375 0.046875 0.04453125
0 0.3703125 0.41484375 0.05234375 0.04453125
0 0.3796875 0.353125 0.01875 0.01640625
0 0.7859375 0.3125 0.0171875 0.01796875
0 0.71171875 0.23828125 0.015625 0.0140625
0 0.49140625 0.4234375 0.0390625 0.03203125
0 0.87890625 0.3578125 0.03671875 0.03515625
0 0.30625 0.2984375 0.015625 0.0140625
0 0.47734375 0.07421875 0.01328125 0.009375
0 0.2546875 0.08125 0.04375 0.034375
0 0.01015625 0.4203125 0.0203125 0.03515625
0 0.43046875 0.28828125 0.053125 0.04453125
0 0.75703125 0.11328125 0.02890625 0.02109375
0 0.40625 0.03125 0.03828125 0.028125
0 0.8984375 0.234375 0.0328125 0.0265625