0 0.5 0.17421875 0.03359375 0.0296875
0 0.33046875 0.13984375 0.028125 0.0265625
0 0.15546875 0.12890625 0.01953125 0.01875
0 0.03359375 0.63515625 0.0203125 0.02421875
0 0.12265625 0.4765625 0.02890625 0.03515625
0 0.16171875 0.3109375 0.01328125 0.0140625
0 0.01640625 0.5953125 0.01796875 0.02109375
0 0.0453125 0.60625 0.01875 0.02578125
0 0.04609375 0.4328125 0.0171875 0.01796875
0 0.1609375 0.475 0.05 0.05703125
0 0.025 0.49453125 0.0125 0.01875
0 0.12421875 0.353125 0.0203125 0.02109375
0 0.1875 0.4390625 0.01953125 0.01953125
0 0.27890625 0.1859375 0.02421875 0.02421875
0 0.3984375 0.11875 0.015625 0.015625
0 0.05078125 0.3046875 0.0140625 0.0140625
0 0.046875 0.56328125 0.0140625 0.01796875
0 0.29921875 0.2625 0.04375 0.0421875
0 0.31328125 0.1984375 0.0234375 0.02890625
0 0.07890625 0.6625 0.015625 0.01875
0 0.0453125 0.49453125 0.021875 0.02890625
0 0.08984375 0.59609375 0.034375 0.04453125
0 0.02734375 0.23984375 0.0125 0.01484375
0 0.11875 0.51015625 0.015625 0.0203125
0 0.46015625 0.0515625 0.02578125 0.01875
0 0.3984375 0.1984375 0.021875 0.02109375
0 0.02265625 0.68828125 0.040625 0.05234375
0 0.4984375 0.08203125 0.01875 0.01640625
0 0.0203125 0.740625 0.02734375 0.03125
0 0.1578125 0.425 0.01796875 0.01875
0 0.03046875 0.57265625 0.01484375 0.0203125
0 0.1453125 0.0875 0.0421875 0.03828125
0 0.378125 0.27578125 0.04453125 0.0421875
0 0.29140625 0.03359375 0.01640625 0.01328125
0 0.57109375 0.09296875 0.084375 0.0796875
0 0.04296875 0.81953125 0.03203125 0.03984375
0 0.0640625 0.6109375 0.015625 0.01875
0 0.32890625 0.03125 0.02109375 0.0171875
0 0.12421875 0.6515625 0.028125 0.03203125
0 0.2640625 0.25 0.03828125 0.040625
0 0.6046875 0.06953125 0.0421875 0.03515625
0 0.19921875 0.3921875 0.01953125 0.02109375
0 0.415625 0.203125 0.02421875 0.02421875
0 0.0890625 0.4734375 0.0140625 0.015625
0 0.390625 0.2359375 0.0515625 0.05
0 0.40703125 0.0328125 0.01796875 0.01640625
0 0.1125 0.68125 0.0265625 0.0265625