0 0.3703125 0.9609375 0.0875 0.059375
0 0.4328125 0.89609375 0.0453125 0.03984375
0 0.49921875 0.853125 0.04140625 0.03203125
0 0.603125 0.8953125 0.06875 0.03828125
0 0.528125 0.88671875 0.059375 0.0515625
0 0.471875 0.940625 0.0578125 0.04140625
0 0.76875 0.69921875 0.040625 0.0359375
0 0.78203125 0.5109375 0.02890625 0.021875
0 0.4859375 0.74375 0.0234375 0.025
0 0.45625 0.8 0.0265625 0.034375
0 0.49453125 0.790625 0.028125 0.021875
0 0.321875 0.8015625 0.0234375 0.02578125
0 0.05 0.828125 0.03359375 0.040625
0 0.228125 0.9359375 0.053125 0.04375
1 0.22578125 0.93515625 0.01015625 0.0140625
0 0.66875 0.83203125 0.03671875 0.0484375
0 0.77578125 0.7984375 0.03203125 0.0375
0 0.746875 0.8 0.0328125 0.04453125
0 0.7 0.7984375 0.0328125 0.02890625
0 0.52421875 0.92109375 0.06015625 0.0609375