0 0.0421875 0.60390625 0.0296875 0.0359375
0 0.075 0.69140625 0.0171875 0.02734375
0 0.140625 0.72421875 0.02734375 0.0296875
0 0.1984375 0.7375 0.040625 0.0375
0 0.2828125 0.83984375 0.096875 0.0796875
0 0.37421875 0.8671875 0.0609375 0.04765625
0 0.571875 0.946875 0.0703125 0.040625
0 0.1046875 0.7609375 0.0296875 0.034375
0 0.0453125 0.72421875 0.0328125 0.03984375
0 0.0796875 0.740625 0.0375 0.03828125
0 0.1453125 0.76953125 0.0296875 0.0328125
0 0.28203125 0.8140625 0.025 0.025
0 0.2453125 0.8390625 0.025 0.02578125
0 0.4015625 0.9140625 0.01796875 0.01953125
0 0.44453125 0.9046875 0.021875 0.0125
0 0.0890625 0.6359375 0.021875 0.02578125
0 0.19140625 0.78515625 0.0390625 0.0328125
0 0.4015625 0.95390625 0.025 0.01796875