0 0.7796875 0.60546875 0.0328125 0.03515625
0 0.35390625 0.653125 0.021875 0.021875
0 0.3609375 0.73515625 0.01875 0.0171875
0 0.325 0.76484375 0.02265625 0.0203125
0 0.4140625 0.559375 0.0234375 0.02890625
0 0.79921875 0.6625 0.02890625 0.03125
0 0.37265625 0.684375 0.01875 0.01796875
0 0.359375 0.4984375 0.03046875 0.03125
0 0.38359375 0.446875 0.02734375 0.02578125
0 0.6703125 0.5640625 0.0203125 0.01875
0 0.23984375 0.58046875 0.01640625 0.01953125
0 0.36484375 0.35625 0.0328125 0.03515625
0 0.29765625 0.49453125 0.0328125 0.03515625
0 0.30625 0.55 0.01953125 0.01875
0 0.46171875 0.440625 0.0328125 0.0296875
0 0.89140625 0.5125 0.01640625 0.02109375
0 0.46640625 0.71015625 0.0203125 0.0171875
0 0.334375 0.5640625 0.02890625 0.028125
0 0.12578125 0.71015625 0.03046875 0.03828125
0 0.6796875 0.86015625 0.034375 0.0265625
0 0.08828125 0.74375 0.025 0.03203125
0 0.8046875 0.3390625 0.02421875 0.028125
0 0.871875 0.36484375 0.02890625 0.0375
0 0.37890625 0.33046875 0.0328125 0.03359375
0 0.16953125 0.32578125 0.025 0.0296875
0 0.5921875 0.3484375 0.025 0.02578125
0 0.11640625 0.47421875 0.01953125 0.021875
0 0.68203125 0.25 0.028125 0.02890625
0 0.90390625 0.478125 0.02109375 0.028125
0 0.72734375 0.83359375 0.01875 0.0171875
0 0.73515625 0.746875 0.02421875 0.0234375
0 0.32421875 0.23984375 0.02421875 0.025
0 0.09140625 0.6359375 0.0171875 0.01953125
0 0.24140625 0.61640625 0.01484375 0.015625
0 0.91484375 0.66328125 0.021875 0.0296875
0 0.5265625 0.94140625 0.028125 0.02890625
0 0.61328125 0.421875 0.034375 0.0328125
0 0.5203125 0.5515625 0.021875 0.0203125
0 0.625 0.534375 0.01875 0.01796875
0 0.1171875 0.46171875 0.0203125 0.025
0 0.4625 0.6671875 0.021875 0.0203125
0 0.73125 0.19375 0.028125 0.0265625
0 0.4109375 0.715625 0.01953125 0.01875
0 0.821875 0.284375 0.02109375 0.02421875
0 0.16171875 0.35078125 0.021875 0.025
0 0.38828125 0.5890625 0.01875 0.01796875
0 0.603125 0.90234375 0.0296875 0.01796875
0 0.8578125 0.590625 0.0171875 0.02109375
0 0.72578125 0.52265625 0.015625 0.01484375
0 0.1140625 0.6546875 0.0125 0.015625
0 0.70234375 0.48203125 0.01796875 0.01796875
0 0.31484375 0.0984375 0.03125 0.025
0 0.44609375 0.6015625 0.015625 0.01640625
0 0.465625 0.09921875 0.05859375 0.04140625
0 0.2328125 0.26484375 0.02109375 0.02265625
0 0.7203125 0.81328125 0.02265625 0.021875
0 0.2265625 0.4515625 0.02265625 0.0234375
0 0.76796875 0.42578125 0.01640625 0.0171875
0 0.12578125 0.78828125 0.01796875 0.02109375
0 0.22578125 0.43203125 0.02421875 0.02734375
0 0.58359375 0.484375 0.02109375 0.02109375
0 0.14765625 0.61875 0.01171875 0.01640625
0 0.49609375 0.56171875 0.021875 0.021875
0 0.69609375 0.58984375 0.0125 0.01328125
0 0.771875 0.5328125 0.0140625 0.015625
0 0.14609375 0.5140625 0.02109375 0.0234375
0 0.346875 0.83359375 0.01640625 0.0171875
0 0.45 0.65546875 0.01328125 0.0140625
0 0.603125 0.68046875 0.0390625 0.0359375
0 0.084375 0.5921875 0.0140625 0.01875
0 0.7625 0.11953125 0.02890625 0.0265625
0 0.4859375 0.62421875 0.015625 0.01875
0 0.684375 0.63515625 0.02265625 0.021875
0 0.18125 0.26953125 0.01953125 0.02421875