0 0.21328125 0.4671875 0.059375 0.06953125
0 0.0953125 0.72734375 0.03046875 0.0390625
0 0.4515625 0.68671875 0.046875 0.0421875
0 0.609375 0.56953125 0.096875 0.0921875
0 0.603125 0.796875 0.0265625 0.03203125
0 0.578125 0.7390625 0.0359375 0.03828125
0 0.84375 0.79375 0.05 0.046875
0 0.29375 0.6015625 0.028125 0.03515625
0 0.88515625 0.75234375 0.03203125 0.02734375
0 0.871875 0.72578125 0.028125 0.0265625
0 0.8515625 0.84140625 0.034375 0.0296875
0 0.8875 0.83671875 0.02109375 0.0234375
0 0.7453125 0.8890625 0.0421875 0.03828125
0 0.84140625 0.90234375 0.0265625 0.0296875