0 0.06875 0.08671875 0.02734375 0.03203125
0 0.0890625 0.10390625 0.03046875 0.034375
0 0.125 0.06171875 0.0234375 0.02265625
0 0.1015625 0.05234375 0.03046875 0.028125
0 0.046875 0.1671875 0.01875 0.02265625
0 0.01640625 0.17265625 0.025 0.03046875
0 0.15859375 0.02421875 0.0171875 0.01640625
0 0.06328125 0.14765625 0.028125 0.03046875
0 0.0375 0.1171875 0.0203125 0.021875
0 0.1390625 0.01015625 0.028125 0.0203125
0 0.03828125 0.146875 0.02421875 0.02578125
0 0.090625 0.03125 0.03203125 0.02890625
0 0.00859375 0.125 0.0171875 0.02578125
0 0.1859375 0.025 0.01328125 0.0140625
0 0.046875 0.065625 0.01015625 0.01640625
0 0.11171875 0.08515625 0.0203125 0.01875
0 0.10390625 0.1078125 0.028125 0.03046875
0 0.20078125 0.01171875 0.03046875 0.021875
0 0.06171875 0.06015625 0.01640625 0.01875
0 0.09609375 0.0046875 0.015625 0.009375