0 0.246875 0.2796875 0.034375 0.03125
0 0.27578125 0.29453125 0.034375 0.02578125
0 0.21875 0.325 0.0265625 0.02421875
0 0.62890625 0.496875 0.03125 0.02421875
0 0.6625 0.5125 0.03125 0.02109375
0 0.7078125 0.48046875 0.02578125 0.01953125
0 0.70859375 0.5578125 0.028125 0.028125
0 0.621875 0.55625 0.034375 0.03359375
0 0.58984375 0.53359375 0.0234375 0.0265625
0 0.78203125 0.6546875 0.03359375 0.034375
0 0.85546875 0.66171875 0.0390625 0.0328125
0 0.8296875 0.7046875 0.04765625 0.040625
0 0.465625 0.47265625 0.05 0.0453125
0 0.35 0.46015625 0.03828125 0.04453125
0 0.7984375 0.5234375 0.03203125 0.034375
0 0.71328125 0.63203125 0.034375 0.02890625
0 0.76875 0.53828125 0.021875 0.02578125
0 0.725 0.52578125 0.0265625 0.0234375
0 0.8671875 0.628125 0.028125 0.028125
0 0.340625 0.26171875 0.021875 0.0296875
0 0.27890625 0.13671875 0.0359375 0.03515625
0 0.3359375 0.36640625 0.028125 0.0328125
0 0.78359375 0.56796875 0.034375 0.0296875
0 0.25 0.334375 0.028125 0.02734375
0 0.5421875 0.50234375 0.040625 0.03515625