0 0.21484375 0.184375 0.0625 0.059375
0 0.22265625 0.259375 0.0703125 0.07734375
0 0.421875 0.290625 0.0859375 0.07734375
0 0.1515625 0.39140625 0.0671875 0.0703125
0 0.684375 0.309375 0.04140625 0.03671875
0 0.66484375 0.26796875 0.0296875 0.03203125
0 0.56484375 0.334375 0.034375 0.034375
0 0.66171875 0.35078125 0.0515625 0.0484375
0 0.7921875 0.35 0.05625 0.05546875
0 0.89453125 0.30625 0.05859375 0.06171875
0 0.9703125 0.35546875 0.0359375 0.0421875
0 0.5140625 0.19765625 0.0453125 0.0390625
0 0.7890625 0.28671875 0.028125 0.02265625
0 0.8109375 0.23671875 0.03125 0.0265625
0 0.425 0.221875 0.0359375 0.03671875
0 0.3921875 0.24296875 0.03046875 0.02890625
0 0.3171875 0.1078125 0.0296875 0.03125
0 0.2859375 0.31875 0.0640625 0.05859375
0 0.0265625 0.3484375 0.0328125 0.03125