0 0.159375 0.47421875 0.05625 0.0484375
0 0.2171875 0.49609375 0.0609375 0.06953125
0 0.2421875 0.19921875 0.03515625 0.0421875
0 0.20625 0.609375 0.0328125 0.0375
0 0.22421875 0.653125 0.04375 0.046875
0 0.1703125 0.9109375 0.05 0.046875
0 0.390625 0.24453125 0.0421875 0.0421875
0 0.503125 0.053125 0.0515625 0.04296875
0 0.51484375 0.0890625 0.0484375 0.04375
0 0.49375 0.1640625 0.0390625 0.03046875
0 0.38515625 0.39921875 0.07734375 0.0859375
0 0.33984375 0.75625 0.0625 0.065625
0 0.403125 0.75625 0.04140625 0.03984375
0 0.33515625 0.81015625 0.03671875 0.0328125
0 0.32109375 0.86640625 0.084375 0.07265625
0 0.1484375 0.7828125 0.03125 0.0375
0 0.3546875 0.240625 0.021875 0.02421875
0 0.23359375 0.41328125 0.0328125 0.0328125
0 0.49140625 0.540625 0.0484375 0.04921875
0 0.5078125 0.29296875 0.0421875 0.0421875
0 0.43828125 0.31484375 0.0296875 0.0265625
0 0.45390625 0.38828125 0.0296875 0.0328125