0 0.3015625 0.37109375 0.01640625 0.015625
0 0.240625 0.40703125 0.01640625 0.015625
0 0.34375 0.38203125 0.01796875 0.0171875
0 0.4828125 0.4296875 0.01953125 0.01796875
0 0.24375 0.34140625 0.01953125 0.01953125
0 0.534375 0.3890625 0.021875 0.0203125
0 0.221875 0.34921875 0.01953125 0.01953125
0 0.253125 0.46171875 0.021875 0.02265625
0 0.8265625 0.61015625 0.02109375 0.0203125
0 0.69609375 0.58984375 0.0265625 0.02421875
0 0.2046875 0.48046875 0.0234375 0.0234375
0 0.73515625 0.1828125 0.01875 0.01796875
0 0.90859375 0.49296875 0.0203125 0.01796875
0 0.48828125 0.1484375 0.0234375 0.0203125
0 0.18828125 0.6609375 0.0234375 0.02265625
0 0.715625 0.475 0.021875 0.021875
0 0.696875 0.675 0.021875 0.02109375
0 0.23515625 0.84609375 0.01953125 0.0203125
0 0.8484375 0.290625 0.0421875 0.0390625
0 0.6328125 0.71875 0.0203125 0.02109375
0 0.8765625 0.41015625 0.02578125 0.0265625
0 0.84453125 0.425 0.05625 0.053125
0 0.94609375 0.4140625 0.06484375 0.06484375
0 0.034375 0.52734375 0.0125 0.01484375
0 0.678125 0.28671875 0.0390625 0.0359375
0 0.40625 0.89375 0.01875 0.01796875
0 0.203125 0.290625 0.01875 0.0234375
0 0.121875 0.39375 0.02265625 0.02421875
0 0.1796875 0.27265625 0.02734375 0.02734375
0 0.94375 0.621875 0.06875 0.0640625
0 0.775 0.46796875 0.03984375 0.040625
0 0.91796875 0.32109375 0.0203125 0.02109375
0 0.56328125 0.396875 0.01953125 0.01953125
0 0.23671875 0.71796875 0.021875 0.0203125
0 0.6984375 0.11484375 0.05546875 0.04765625
0 0.15625 0.50546875 0.021875 0.02265625
0 0.4640625 0.3703125 0.0421875 0.03828125
0 0.8296875 0.3390625 0.03828125 0.03828125
0 0.0765625 0.3921875 0.034375 0.03359375
0 0.33125 0.2515625 0.02578125 0.025
0 0.08203125 0.60078125 0.0234375 0.02421875
0 0.8515625 0.5078125 0.0734375 0.07109375
0 0.27265625 0.1234375 0.046875 0.04453125
0 0.07890625 0.18046875 0.0296875 0.028125
0 0.2375 0.21484375 0.03515625 0.0328125
0 0.07109375 0.55 0.01484375 0.01640625
0 0.18046875 0.38203125 0.02109375 0.021875
0 0.62109375 0.30859375 0.06171875 0.06171875
0 0.31015625 0.71796875 0.015625 0.01875
0 0.684375 0.2328125 0.0359375 0.03515625
0 0.65234375 0.8 0.05 0.053125
0 0.12734375 0.709375 0.040625 0.03984375
0 0.653125 0.48359375 0.02421875 0.0234375
0 0.2015625 0.6203125 0.01875 0.01953125
0 0.7296875 0.37265625 0.03984375 0.03828125
0 0.09296875 0.81875 0.02421875 0.02734375
0 0.09375 0.88203125 0.0375 0.0359375
0 0.03671875 0.3453125 0.0265625 0.0296875
0 0.53203125 0.81015625 0.05390625 0.05078125
0 0.7171875 0.43359375 0.03359375 0.034375
0 0.5265625 0.54140625 0.0265625 0.025
0 0.5671875 0.4703125 0.02265625 0.02265625
0 0.63203125 0.4078125 0.0265625 0.025
0 0.43984375 0.20625 0.034375 0.02890625
0 0.29765625 0.86328125 0.028125 0.0296875
0 0.09921875 0.1875 0.02265625 0.02421875
0 0.1625 0.090625 0.0171875 0.01640625
0 0.40390625 0.9578125 0.025 0.0234375
0 0.8859375 0.7953125 0.053125 0.05390625
0 0.2375 0.190625 0.0171875 0.01640625
0 0.10390625 0.74296875 0.046875 0.04453125
0 0.34921875 0.12109375 0.06640625 0.05859375
0 0.625 0.540625 0.03515625 0.03046875
0 0.96015625 0.34921875 0.03125 0.03203125
0 0.18828125 0.4125 0.02578125 0.025
0 0.5125 0.79765625 0.03515625 0.03125
0 0.77890625 0.91171875 0.0390625 0.0375
0 0.92265625 0.19921875 0.0234375 0.025
0 0.93671875 0.12265625 0.025 0.021875
0 0.35859375 0.953125 0.02890625 0.02890625
0 0.44375 0.034375 0.0265625 0.02421875
0 0.06171875 0.7 0.04609375 0.0484375
0 0.8640625 0.7796875 0.03359375 0.03671875
0 0.0421875 0.08984375 0.0421875 0.04140625
0 0.6796875 0.884375 0.03203125 0.0328125
0 0.9875 0.271875 0.025 0.02578125
0 0.03125 0.7203125 0.03125 0.03515625
0 0.6546875 0.64453125 0.0265625 0.02734375
0 0.82734375 0.37578125 0.0515625 0.05078125
0 0.38046875 0.82109375 0.0359375 0.0328125
0 0.26796875 0.203125 0.03203125 0.03125
0 0.2703125 0.05546875 0.0390625 0.02734375
0 0.10390625 0.31171875 0.021875 0.0234375
0 0.01875 0.7453125 0.0203125 0.0234375
0 0.24921875 0.7 0.05546875 0.05390625
0 0.7796875 0.5125 0.040625 0.040625
0 0.1640625 0.75625 0.04453125 0.05
0 0.88046875 0.0296875 0.05 0.04296875
0 0.971875 0.19375 0.02421875 0.02109375
0 0.46640625 0.79609375 0.03046875 0.02890625
0 0.66328125 0.4390625 0.0421875 0.040625
0 0.11796875 0.66953125 0.0171875 0.01796875
0 0.0578125 0.778125 0.03046875 0.03125
0 0.27890625 0.5609375 0.02890625 0.03046875
0 0.69453125 0.9046875 0.03671875 0.0375
0 0.58046875 0.3375 0.03671875 0.0359375
0 0.74921875 0.3078125 0.0375 0.03359375
0 0.10234375 0.92109375 0.03359375 0.03359375
0 0.9828125 0.16640625 0.03359375 0.03515625
0 0.76953125 0.16484375 0.02734375 0.02265625
0 0.50625 0.22265625 0.0734375 0.0703125