0 0.93046875 0.64140625 0.04765625 0.05078125
0 0.953125 0.34609375 0.046875 0.0375
0 0.37421875 0.30546875 0.06015625 0.05390625
0 0.146875 0.59453125 0.05234375 0.04921875
0 0.85859375 0.58046875 0.03515625 0.03828125
0 0.396875 0.18828125 0.0171875 0.01640625
0 0.21484375 0.5515625 0.0359375 0.0359375
0 0.87109375 0.653125 0.05625 0.05859375
0 0.72734375 0.35703125 0.0171875 0.01640625
0 0.61875 0.69375 0.06796875 0.0640625
0 0.471875 0.184375 0.0203125 0.01875
0 0.4296875 0.24921875 0.0203125 0.01796875
0 0.6859375 0.4546875 0.0671875 0.0640625
0 0.9046875 0.45390625 0.015625 0.015625
0 0.16015625 0.225 0.0234375 0.01875
0 0.7921875 0.75078125 0.015625 0.015625
0 0.52265625 0.140625 0.02265625 0.02109375
0 0.30078125 0.49453125 0.01796875 0.0171875
0 0.90546875 0.71953125 0.015625 0.01640625
0 0.609375 0.1953125 0.01953125 0.01875
0 0.41328125 0.83203125 0.0453125 0.04296875
0 0.73671875 0.6890625 0.01796875 0.01953125
0 0.76484375 0.09296875 0.021875 0.0203125
0 0.25625 0.5015625 0.01953125 0.01953125
0 0.52265625 0.2421875 0.02734375 0.02734375
0 0.196875 0.17734375 0.01796875 0.0171875
0 0.76484375 0.609375 0.028125 0.02734375
0 0.953125 0.47265625 0.01171875 0.0125
0 0.68515625 0.68203125 0.040625 0.04296875
0 0.44375 0.1796875 0.02109375 0.01875
0 0.81328125 0.8609375 0.01953125 0.01953125
0 0.9515625 0.5515625 0.059375 0.06328125
0 0.16171875 0.0859375 0.01875 0.0171875
0 0.809375 0.665625 0.02265625 0.0234375
0 0.9671875 0.39140625 0.0125 0.01328125
0 0.87578125 0.50234375 0.040625 0.04296875
0 0.2234375 0.69296875 0.0328125 0.0328125
0 0.28125 0.14609375 0.07578125 0.0671875
0 0.2953125 0.8796875 0.03359375 0.03046875
0 0.828125 0.7515625 0.0640625 0.0671875
0 0.6046875 0.253125 0.05703125 0.05625
0 0.83828125 0.47265625 0.05625 0.05703125
0 0.478125 0.66328125 0.0203125 0.01953125
0 0.65546875 0.784375 0.0203125 0.01953125
0 0.97578125 0.203125 0.0375 0.046875
0 0.390625 0.49375 0.02109375 0.0203125
0 0.578125 0.1953125 0.025 0.0203125
0 0.9 0.196875 0.0265625 0.02734375
0 0.16484375 0.675 0.03828125 0.03671875
0 0.36875 0.42890625 0.02265625 0.02109375
0 0.95625 0.92265625 0.03359375 0.03359375
0 0.56171875 0.2171875 0.03359375 0.0296875
0 0.28203125 0.41640625 0.0296875 0.02734375
0 0.2046875 0.503125 0.03203125 0.03125
0 0.98515625 0.396875 0.0125 0.01328125
0 0.3921875 0.76953125 0.015625 0.015625
0 0.8703125 0.7125 0.02421875 0.0234375
0 0.15546875 0.771875 0.034375 0.0328125
0 0.55234375 0.3578125 0.06875 0.06328125
0 0.7296875 0.790625 0.08125 0.0828125
0 0.91953125 0.75625 0.05546875 0.06640625
0 0.4078125 0.678125 0.0296875 0.03203125
0 0.196875 0.328125 0.0203125 0.0203125
0 0.34375 0.14140625 0.0171875 0.01796875
0 0.2390625 0.81953125 0.015625 0.01484375
0 0.2015625 0.81171875 0.0171875 0.01640625
0 0.9109375 0.3140625 0.025 0.02578125
0 0.98984375 0.4234375 0.015625 0.02265625
0 0.28671875 0.25390625 0.03046875 0.02265625
0 0.44921875 0.27265625 0.01484375 0.01484375
0 0.871875 0.84921875 0.02578125 0.02578125
0 0.40546875 0.8640625 0.0296875 0.02734375
0 0.5515625 0.13828125 0.0359375 0.0328125
0 0.36328125 0.8890625 0.02109375 0.01875
0 0.83203125 0.04609375 0.01953125 0.01875
0 0.0234375 0.07265625 0.04375 0.05078125
0 0.02109375 0.225 0.02265625 0.02421875
0 0.28828125 0.94140625 0.04140625 0.03671875
0 0.88515625 0.94453125 0.034375 0.03203125
0 0.39453125 0.4734375 0.03359375 0.03046875
0 0.8109375 0.390625 0.025 0.02890625
0 0.3640625 0.76953125 0.0234375 0.02265625
0 0.2203125 0.09609375 0.06171875 0.05234375
0 0.05859375 0.18359375 0.021875 0.021875
0 0.828125 0.66875 0.021875 0.025
0 0.35 0.92421875 0.0265625 0.02421875
0 0.971875 0.4421875 0.05 0.06328125
0 0.78828125 0.22890625 0.0671875 0.06171875
0 0.82109375 0.621875 0.03203125 0.03359375
0 0.74921875 0.934375 0.01953125 0.0203125
0 0.428125 0.41484375 0.05 0.0484375
0 0.9703125 0.065625 0.028125 0.0265625
0 0.80546875 0.42734375 0.025 0.02265625
0 0.02421875 0.771875 0.01484375 0.01484375
0 0.8 0.54375 0.04296875 0.04609375
0 0.746875 0.9625 0.0171875 0.0171875
0 0.53046875 0.778125 0.0375 0.03515625
0 0.815625 0.28515625 0.05 0.05625
0 0.8171875 0.8921875 0.078125 0.078125