0 0.4890625 0.421875 0.0609375 0.059375
0 0.5140625 0.50859375 0.04375 0.0390625
0 0.5296875 0.5296875 0.03984375 0.03125
0 0.5328125 0.6109375 0.053125 0.0375
0 0.515625 0.72265625 0.0515625 0.04921875
0 0.5890625 0.7640625 0.05625 0.046875
0 0.646875 0.88828125 0.0359375 0.0328125
0 0.615625 0.96796875 0.0625 0.0578125
0 0.6203125 0.56171875 0.04921875 0.04921875
0 0.46640625 0.20078125 0.06953125 0.05234375
0 0.49453125 0.13828125 0.0515625 0.05546875
0 0.59296875 0.15625 0.0375 0.03515625
0 0.590625 0.23359375 0.059375 0.0609375
0 0.59921875 0.29140625 0.034375 0.0359375
0 0.64140625 0.3625 0.0328125 0.034375
0 0.6453125 0.6578125 0.0921875 0.07578125
0 0.653125 0.7109375 0.0453125 0.04375
0 0.76328125 0.46953125 0.1046875 0.1015625
0 0.74453125 0.440625 0.03203125 0.034375
0 0.7125 0.32421875 0.0859375 0.08984375
0 0.7109375 0.2421875 0.05 0.05078125
0 0.60234375 0.390625 0.071875 0.07890625
0 0.5953125 0.43359375 0.0375 0.0328125
0 0.64375 0.065625 0.0421875 0.0375
0 0.6546875 0.13984375 0.02421875 0.02109375
0 0.69609375 0.115625 0.0328125 0.03515625