0 0.18125 0.14921875 0.1171875 0.11171875
0 0.37265625 0.153125 0.0515625 0.046875
0 0.2171875 0.37421875 0.0609375 0.06484375
0 0.16328125 0.48203125 0.06796875 0.0640625
0 0.24453125 0.73203125 0.05 0.0609375
0 0.27421875 0.80078125 0.06484375 0.05859375
0 0.1828125 0.90546875 0.07578125 0.0890625
0 0.34375 0.4703125 0.1203125 0.11875
0 0.440625 0.23984375 0.053125 0.0453125
0 0.33359375 0.24296875 0.03984375 0.0421875
0 0.4953125 0.15703125 0.1140625 0.1015625
0 0.54453125 0.04140625 0.05546875 0.0515625
0 0.61796875 0.3140625 0.06875 0.06875
0 0.425 0.63671875 0.1828125 0.1921875
0 0.5359375 0.759375 0.1890625 0.16953125
0 0.16875 0.346875 0.1265625 0.14375
0 0.7171875 0.0578125 0.11796875 0.096875
0 0.88125 0.39296875 0.07109375 0.0703125
0 0.671875 0.75625 0.065625 0.075
0 0.6640625 0.95390625 0.065625 0.06484375
0 0.471875 0.95546875 0.040625 0.0359375
0 0.278125 0.08671875 0.0609375 0.04609375
0 0.22421875 0.06640625 0.06953125 0.07109375
0 0.2921875 0.040625 0.1 0.08046875
0 0.5203125 0.490625 0.034375 0.04375
0 0.5390625 0.44140625 0.0390625 0.0328125
0 0.69921875 0.55390625 0.04296875 0.0421875
0 0.3328125 0.9359375 0.1265625 0.10625