0 0.30234375 0.2640625 0.03203125 0.0296875
0 0.5453125 0.596875 0.03359375 0.0328125
0 0.62734375 0.5203125 0.03046875 0.03125
0 0.68125 0.75234375 0.0484375 0.04453125
0 0.77421875 0.68046875 0.0453125 0.040625
0 0.61015625 0.44765625 0.05390625 0.05546875
0 0.0765625 0.5046875 0.034375 0.0375
0 0.1828125 0.68203125 0.04609375 0.046875
0 0.39375 0.51328125 0.05078125 0.04296875
0 0.53671875 0.3296875 0.04609375 0.04453125
0 0.6828125 0.7890625 0.04453125 0.03828125
0 0.49296875 0.6296875 0.0265625 0.02578125
0 0.3046875 0.84140625 0.06171875 0.053125
0 0.553125 0.5640625 0.03984375 0.0375
0 0.2796875 0.33984375 0.0671875 0.0625
0 0.36328125 0.678125 0.05859375 0.05546875
0 0.634375 0.74765625 0.0484375 0.04453125
0 0.89296875 0.4796875 0.0296875 0.03359375
0 0.503125 0.58828125 0.04609375 0.04140625
0 0.8265625 0.6453125 0.03125 0.03203125
0 0.61796875 0.65546875 0.05390625 0.04140625
0 0.78046875 0.57578125 0.05546875 0.05546875
0 0.23125 0.4640625 0.059375 0.06015625
0 0.24140625 0.83671875 0.04375 0.04140625
0 0.5953125 0.25390625 0.04453125 0.040625
0 0.12734375 0.76171875 0.0609375 0.0625
0 0.80703125 0.34453125 0.0390625 0.03828125
0 0.4671875 0.49296875 0.06171875 0.0484375
0 0.4984375 0.7609375 0.05859375 0.053125
0 0.5546875 0.471875 0.05078125 0.05078125
0 0.34765625 0.58515625 0.0453125 0.0375
0 0.18046875 0.5484375 0.0390625 0.0375
0 0.65859375 0.42734375 0.0390625 0.03671875
0 0.675 0.384375 0.046875 0.0484375
0 0.47890625 0.40703125 0.03203125 0.0296875
0 0.571875 0.53828125 0.02421875 0.02421875
0 0.2765625 0.40625 0.04453125 0.04296875
0 0.8578125 0.7390625 0.0421875 0.0421875
0 0.6609375 0.60546875 0.03203125 0.03125
0 0.16640625 0.86171875 0.0359375 0.0328125
0 0.40234375 0.84453125 0.0671875 0.05
0 0.67109375 0.8953125 0.02265625 0.01875
0 0.38359375 0.46640625 0.028125 0.02734375
0 0.39296875 0.278125 0.034375 0.03046875
0 0.490625 0.44765625 0.03671875 0.03515625
0 0.90703125 0.55390625 0.0203125 0.025
0 0.92109375 0.77578125 0.028125 0.028125
0 0.45234375 0.61640625 0.028125 0.028125
0 0.35 0.54921875 0.02578125 0.02421875
0 0.66328125 0.65546875 0.03359375 0.0328125
0 0.4359375 0.325 0.03515625 0.0328125
0 0.65390625 0.83125 0.0359375 0.0296875
0 0.24765625 0.76640625 0.05 0.04609375
0 0.20703125 0.21171875 0.05078125 0.04296875
0 0.265625 0.14921875 0.06328125 0.059375
0 0.8796875 0.775 0.0234375 0.0234375
0 0.5734375 0.8484375 0.03671875 0.028125
0 0.80078125 0.4390625 0.03515625 0.03125
0 0.5859375 0.815625 0.05625 0.04453125
0 0.84140625 0.45234375 0.02421875 0.02421875
0 0.321875 0.5296875 0.01875 0.01875
0 0.07734375 0.4078125 0.02578125 0.02890625
0 0.7703125 0.2828125 0.0453125 0.04453125
0 0.8828125 0.4390625 0.01953125 0.02109375
0 0.453125 0.39296875 0.02421875 0.02265625
0 0.86796875 0.6421875 0.01875 0.021875
0 0.4296875 0.509375 0.0265625 0.025
0 0.29609375 0.73515625 0.0375 0.03515625
0 0.4453125 0.23359375 0.02421875 0.0234375
0 0.86015625 0.5796875 0.0203125 0.02265625
0 0.8578125 0.6953125 0.025 0.02734375
0 0.6875 0.546875 0.02578125 0.02578125
0 0.18125 0.35 0.05703125 0.05703125
0 0.42109375 0.38984375 0.0234375 0.02109375
0 0.72734375 0.5875 0.015625 0.015625
0 0.34921875 0.18359375 0.05859375 0.053125
0 0.04375 0.625 0.04296875 0.046875
0 0.74375 0.51953125 0.040625 0.0375
0 0.74921875 0.4359375 0.02109375 0.0203125
0 0.934375 0.73203125 0.01875 0.021875
0 0.14921875 0.49296875 0.02265625 0.02421875
0 0.9484375 0.45390625 0.0140625 0.01796875
0 0.6390625 0.90546875 0.02265625 0.01953125
0 0.37734375 0.33046875 0.02421875 0.02421875
0 0.7359375 0.61796875 0.01953125 0.01953125
0 0.534375 0.7078125 0.03046875 0.028125
0 0.71796875 0.6890625 0.0375 0.0328125
0 0.78203125 0.825 0.0359375 0.03359375
0 0.509375 0.7921875 0.05625 0.04921875
0 0.775 0.35703125 0.040625 0.04140625
0 0.03125 0.73671875 0.02421875 0.02890625
0 0.55546875 0.92890625 0.04609375 0.03203125
0 0.3046875 0.490625 0.04765625 0.040625
0 0.48203125 0.2390625 0.034375 0.0328125
0 0.18359375 0.73984375 0.02421875 0.025
0 0.59453125 0.31875 0.02421875 0.0234375
0 0.5375 0.890625 0.03671875 0.028125
0 0.484375 0.30546875 0.0203125 0.0203125
0 0.64140625 0.3703125 0.01953125 0.01796875
0 0.88203125 0.221875 0.0171875 0.01796875
0 0.68984375 0.684375 0.0203125 0.01875
0 0.7015625 0.8828125 0.03203125 0.02578125
0 0.25234375 0.63203125 0.034375 0.03203125
0 0.34765625 0.3671875 0.034375 0.0375
0 0.375 0.7625 0.0484375 0.04296875
0 0.628125 0.68984375 0.02578125 0.02578125
0 0.7546875 0.403125 0.03359375 0.03359375
0 0.02265625 0.55859375 0.02265625 0.028125
0 0.75703125 0.3578125 0.025 0.025
0 0.478125 0.87265625 0.046875 0.03828125
0 0.71953125 0.4125 0.0203125 0.02109375
0 0.69140625 0.2359375 0.0234375 0.02265625
0 0.6 0.68125 0.0234375 0.0234375
0 0.5296875 0.16875 0.03046875 0.02734375
0 0.96953125 0.5921875 0.03828125 0.06875
0 0.2875 0.64765625 0.0421875 0.03984375