0 0.28046875 0.37890625 0.0453125 0.05078125
0 0.2765625 0.67578125 0.04921875 0.0453125
0 0.7 0.553125 0.0484375 0.05546875
0 0.73359375 0.4734375 0.021875 0.03125
0 0.7546875 0.51015625 0.0296875 0.0265625
0 0.5484375 0.7 0.0546875 0.05234375
0 0.59375 0.6515625 0.05 0.04375
0 0.93828125 0.58828125 0.071875 0.0890625
1 0.94296875 0.58671875 0.0265625 0.03203125
0 0.8359375 0.3203125 0.0515625 0.053125
0 0.9421875 0.33984375 0.040625 0.0578125
0 0.71640625 0.61484375 0.03828125 0.0328125
0 0.76796875 0.62109375 0.0359375 0.0296875
0 0.709375 0.6953125 0.03984375 0.04296875
0 0.40546875 0.2484375 0.0296875 0.03125
0 0.6078125 0.325 0.028125 0.02421875
0 0.98203125 0.4640625 0.0359375 0.065625
0 0.7875 0.40234375 0.02421875 0.0265625
0 0.428125 0.5140625 0.028125 0.034375
0 0.4046875 0.4375 0.0203125 0.021875
0 0.09765625 0.18671875 0.05078125 0.0671875
0 0.5296875 0.13828125 0.03125 0.0328125
0 0.66875 0.1609375 0.04375 0.04375
0 0.7328125 0.19921875 0.046875 0.05390625
0 0.878125 0.39453125 0.03359375 0.0453125
0 0.8484375 0.5109375 0.0296875 0.025
0 0.93828125 0.4421875 0.025 0.03671875