0 0.7484375 0.91171875 0.01484375 0.01328125
1 0.8296875 0.76875 0.01328125 0.01328125
1 0.79375 0.82109375 0.0171875 0.01796875
0 0.89765625 0.6984375 0.01171875 0.01171875
1 0.7796875 0.75703125 0.02265625 0.02265625
1 0.83203125 0.778125 0.015625 0.0203125
0 0.95859375 0.45078125 0.03984375 0.0609375
0 0.90234375 0.64609375 0.046875 0.059375
0 0.71328125 0.8296875 0.028125 0.028125
1 0.940625 0.6703125 0.01953125 0.028125
1 0.85546875 0.7890625 0.0171875 0.03515625
1 0.875 0.73359375 0.03671875 0.046875
1 0.8171875 0.8671875 0.02734375 0.0296875
1 0.909375 0.78046875 0.02265625 0.02109375
1 0.9875 0.621875 0.01171875 0.03125
1 0.9421875 0.57421875 0.02421875 0.03515625
1 0.91796875 0.5875 0.015625 0.03515625
1 0.7734375 0.8625 0.02421875 0.028125