0 0.6984375 0.35078125 0.03515625 0.0359375
0 0.42421875 0.54140625 0.03828125 0.03515625
0 0.509375 0.540625 0.03828125 0.0390625
0 0.2421875 0.48203125 0.03984375 0.03828125
0 0.41171875 0.5953125 0.05078125 0.04765625
0 0.33359375 0.82578125 0.0609375 0.053125
0 0.35625 0.22265625 0.040625 0.02890625
0 0.925 0.5515625 0.0203125 0.021875
0 0.24140625 0.35234375 0.01640625 0.015625
0 0.67265625 0.49296875 0.0359375 0.03515625
0 0.47109375 0.52421875 0.0234375 0.02265625
0 0.7796875 0.65859375 0.0375 0.03671875
0 0.6890625 0.2515625 0.040625 0.0375
0 0.49765625 0.7546875 0.05859375 0.05703125
0 0.06796875 0.38359375 0.0140625 0.01640625
0 0.8375 0.321875 0.0390625 0.040625
0 0.25 0.40078125 0.03046875 0.03203125
0 0.6125 0.33828125 0.01953125 0.01796875
0 0.5484375 0.3984375 0.06171875 0.0609375
0 0.81328125 0.41953125 0.053125 0.05234375
0 0.221875 0.15625 0.03515625 0.0359375
0 0.44296875 0.25859375 0.0203125 0.01796875
0 0.784375 0.23046875 0.0171875 0.01796875
0 0.2578125 0.56328125 0.05703125 0.0609375
0 0.40703125 0.4984375 0.02109375 0.02109375
0 0.6484375 0.29140625 0.01640625 0.0171875
0 0.5765625 0.5265625 0.03828125 0.03828125
0 0.0734375 0.2734375 0.02421875 0.0265625
0 0.02734375 0.5671875 0.0515625 0.05390625
1 0.5421875 0.65703125 0.03515625 0.03671875
0 0.375 0.1984375 0.0265625 0.025
0 0.05234375 0.2703125 0.021875 0.02265625
0 0.56484375 0.196875 0.03671875 0.0328125
0 0.95546875 0.42421875 0.03359375 0.0375
0 0.18203125 0.1671875 0.02421875 0.02265625
0 0.43984375 0.65 0.06015625 0.0546875
0 0.07421875 0.33046875 0.01640625 0.0171875
0 0.13671875 0.18984375 0.040625 0.03671875
0 0.82421875 0.915625 0.04921875 0.04453125
0 0.1421875 0.83203125 0.01484375 0.01796875
0 0.7328125 0.7875 0.03125 0.0296875
0 0.42578125 0.9484375 0.0421875 0.03984375
0 0.034375 0.2359375 0.0171875 0.01875
0 0.0953125 0.3125 0.02265625 0.02265625
0 0.13671875 0.3875 0.07734375 0.08046875
0 0.7390625 0.7359375 0.028125 0.0296875
0 0.73125 0.30078125 0.02265625 0.021875
0 0.69765625 0.5953125 0.06171875 0.0625
0 0.93046875 0.928125 0.02734375 0.0265625
0 0.04453125 0.5140625 0.01796875 0.0203125
0 0.6515625 0.54375 0.021875 0.02265625
0 0.63671875 0.18984375 0.03203125 0.0265625
1 0.86171875 0.82734375 0.021875 0.02109375
0 0.67109375 0.31875 0.02265625 0.0203125
0 0.40703125 0.7953125 0.03203125 0.03125
0 0.184375 0.2703125 0.02421875 0.02421875
0 0.74375 0.19375 0.03671875 0.03046875
0 0.4296875 0.84921875 0.08359375 0.0765625
0 0.7875 0.81171875 0.0234375 0.0234375
0 0.75078125 0.37890625 0.05078125 0.04921875
0 0.190625 0.5703125 0.0203125 0.0203125
0 0.28828125 0.1703125 0.025 0.0203125
0 0.7515625 0.8125 0.02421875 0.0234375
0 0.20078125 0.93046875 0.07109375 0.05703125
0 0.1578125 0.49375 0.0234375 0.025
0 0.1109375 0.2328125 0.0203125 0.0203125
0 0.98515625 0.34140625 0.01328125 0.0140625
0 0.078125 0.4390625 0.04453125 0.04765625
0 0.33046875 0.403125 0.01953125 0.021875
0 0.51328125 0.578125 0.02890625 0.02421875
0 0.95703125 0.37265625 0.0171875 0.0171875
0 0.50703125 0.29296875 0.07890625 0.07421875
0 0.67109375 0.36875 0.0515625 0.05
0 0.33125 0.2796875 0.0703125 0.0640625
0 0.2296875 0.2390625 0.059375 0.059375
0 0.08046875 0.75 0.0375 0.0375
0 0.9125 0.696875 0.0765625 0.07265625
0 0.52109375 0.16484375 0.021875 0.0203125
0 0.47734375 0.39921875 0.090625 0.0796875
0 0.8953125 0.59453125 0.025 0.02265625
0 0.4625 0.25625 0.02578125 0.02265625
0 0.06015625 0.05546875 0.02578125 0.02734375
0 0.0796875 0.1 0.01796875 0.0171875