0 0.34765625 0.53359375 0.05859375 0.05859375
0 0.24140625 0.55390625 0.05234375 0.04921875
0 0.2625 0.659375 0.096875 0.096875
0 0.4171875 0.6453125 0.10703125 0.09375
0 0.3734375 0.78359375 0.1390625 0.12109375
0 0.7921875 0.765625 0.06015625 0.06328125
0 0.796875 0.6953125 0.059375 0.04375
0 0.6953125 0.67578125 0.04375 0.03984375
0 0.57109375 0.59375 0.0453125 0.04765625
0 0.6 0.6484375 0.05390625 0.04765625
0 0.5421875 0.80859375 0.053125 0.05546875
0 0.8453125 0.8015625 0.0671875 0.0625
0 0.8375 0.753125 0.0515625 0.04453125
0 0.8921875 0.82421875 0.0515625 0.0484375
0 0.5984375 0.7546875 0.0453125 0.04140625
0 0.5515625 0.71640625 0.0484375 0.0453125
0 0.9234375 0.72578125 0.040625 0.05234375
0 0.59140625 0.80390625 0.04375 0.0421875
0 0.6390625 0.78515625 0.03125 0.02734375
0 0.728125 0.75078125 0.025 0.0265625
0 0.50234375 0.4515625 0.03046875 0.03515625
0 0.49296875 0.484375 0.03359375 0.03515625
0 0.4015625 0.528125 0.040625 0.03828125
0 0.4421875 0.52421875 0.0375 0.0421875