0 0.13515625 0.4859375 0.03125 0.0296875
0 0.3140625 0.2953125 0.0328125 0.03203125
0 0.2328125 0.471875 0.05546875 0.0546875
0 0.98671875 0.596875 0.0265625 0.0375
0 0.05625 0.26953125 0.01640625 0.0171875
0 0.95234375 0.57265625 0.05234375 0.04765625
0 0.74921875 0.403125 0.02421875 0.025
0 0.81796875 0.8 0.03359375 0.03359375
0 0.7453125 0.68671875 0.05234375 0.05
0 0.13828125 0.51875 0.02890625 0.025
0 0.603125 0.115625 0.03125 0.03515625
0 0.153125 0.9515625 0.0171875 0.015625
0 0.4328125 0.046875 0.07421875 0.071875
0 0.2921875 0.19765625 0.0171875 0.01875
0 0.08125 0.38203125 0.03359375 0.025
0 0.9625 0.42578125 0.034375 0.0375
0 0.49453125 0.14453125 0.0328125 0.03125
0 0.18984375 0.925 0.0234375 0.0203125
0 0.590625 0.33125 0.0265625 0.02578125
0 0.6375 0.16171875 0.0390625 0.04140625
0 0.30625 0.87890625 0.02265625 0.02421875
0 0.8296875 0.96484375 0.01640625 0.0171875
0 0.6046875 0.52265625 0.05703125 0.04765625
0 0.109375 0.9359375 0.0234375 0.0234375