0 0.340625 0.24140625 0.084375 0.08046875
0 0.6578125 0.625 0.0703125 0.05625
0 0.82890625 0.69375 0.0609375 0.059375
0 0.70078125 0.71484375 0.059375 0.0484375
0 0.20390625 0.3015625 0.0453125 0.05
0 0.175 0.16640625 0.0484375 0.0546875
0 0.5453125 0.70703125 0.0625 0.0359375
0 0.9375 0.7515625 0.0578125 0.06875
0 0.7703125 0.6328125 0.053125 0.059375
0 0.74375 0.59609375 0.05625 0.0515625
0 0.28046875 0.25625 0.06796875 0.090625
0 0.60546875 0.75 0.04296875 0.040625
0 0.75078125 0.73125 0.0609375 0.05703125
0 0.12734375 0.32890625 0.0265625 0.0234375