0 0.021875 0.525 0.0125 0.015625
0 0.09765625 0.259375 0.0140625 0.01328125
0 0.01328125 0.08671875 0.0140625 0.01484375
0 0.09921875 0.06953125 0.021875 0.0203125
0 0.1375 0.54140625 0.02421875 0.02578125
0 0.2171875 0.10234375 0.01484375 0.0140625
0 0.1484375 0.3265625 0.01640625 0.01875
0 0.0390625 0.34765625 0.01171875 0.01328125
0 0.06640625 0.18046875 0.01484375 0.01875
0 0.1640625 0.2234375 0.0125 0.0140625
0 0.00546875 0.19765625 0.009375 0.0171875
1 0.1125 0.44921875 0.0640625 0.06875
0 0.0328125 0.50703125 0.04921875 0.05546875
1 0.071875 0.25625 0.01875 0.0203125
0 0.1875 0.321875 0.0234375 0.021875
1 0.265625 0.12109375 0.01484375 0.021875
1 0.05546875 0.22734375 0.02421875 0.03515625
1 0.00859375 0.253125 0.015625 0.02265625
1 0.06171875 0.4390625 0.0453125 0.06875
0 0.10546875 0.2609375 0.03203125 0.02265625
0 0.2296875 0.1234375 0.021875 0.01875
1 0.03125 0.08515625 0.01015625 0.0109375
1 0.38046875 0.178125 0.01875 0.02578125
1 0.01640625 0.4703125 0.025 0.02578125
0 0.140625 0.00625 0.01328125 0.01171875
1 0.2078125 0.1453125 0.0171875 0.01953125
1 0.371875 0.15390625 0.01640625 0.01953125
0 0.1859375 0.34609375 0.0203125 0.02109375
1 0.0640625 0.2203125 0.01171875 0.0125
1 0.1921875 0.6859375 0.01328125 0.0171875
1 0.09296875 0.13828125 0.0078125 0.009375
0 0.2359375 0.08203125 0.015625 0.0140625
0 0.071875 0.87578125 0.02734375 0.0296875
1 0.39375 0.2359375 0.0140625 0.02109375
1 0.396875 0.1296875 0.01953125 0.02421875
1 0.0375 0.196875 0.00859375 0.01171875
1 0.0984375 0.70234375 0.01640625 0.01796875
1 0.125 0.80625 0.01015625 0.015625
1 0.01640625 0.26796875 0.01328125 0.01875
0 0.21796875 0.19375 0.02734375 0.02421875
1 0.0734375 0.5765625 0.0265625 0.02578125
0 0.20078125 0.34921875 0.01875 0.0171875
1 0.1015625 0.24609375 0.009375 0.009375
1 0.0984375 0.49609375 0.0203125 0.0234375
0 0.05390625 0.3578125 0.01484375 0.01484375
1 0.225 0.41328125 0.0171875 0.01953125
1 0.071875 0.55390625 0.02578125 0.03046875
0 0.33828125 0.18984375 0.01015625 0.01171875
1 0.1328125 0.57109375 0.04296875 0.0359375
1 0.28515625 0.25078125 0.0203125 0.01953125
0 0.02578125 0.2203125 0.0109375 0.01171875
1 0.21796875 0.37421875 0.0125 0.01328125
1 0.0234375 0.33515625 0.03046875 0.01875
1 0.0484375 0.56640625 0.0265625 0.0265625
1 0.07578125 0.37421875 0.01640625 0.01484375
1 0.3421875 0.25234375 0.0109375 0.0125
0 0.13125 0.73125 0.01953125 0.02421875
1 0.140625 0.85625 0.009375 0.0140625
0 0.07734375 0.3328125 0.02734375 0.0265625
1 0.31640625 0.1421875 0.01953125 0.01953125
0 0.346875 0.26953125 0.05078125 0.053125
0 0.0609375 0.8109375 0.03984375 0.04375
1 0.13828125 0.3609375 0.06328125 0.05234375
1 0.15 0.7875 0.03671875 0.04765625
0 0.15625 0.43359375 0.01796875 0.01875
1 0.02578125 0.58515625 0.03125 0.03046875
1 0.1890625 0.39765625 0.021875 0.034375
1 0.0515625 0.7296875 0.0171875 0.02734375
0 0.0046875 0.375 0.009375 0.0140625
1 0.23671875 0.275 0.0859375 0.06640625
0 0.01875 0.81875 0.028125 0.03125
0 0.37578125 0.1078125 0.0109375 0.01171875
1 0.18515625 0.8609375 0.01640625 0.01953125
0 0.221875 0.0328125 0.07109375 0.0484375
0 0.3125 0.05078125 0.021875 0.02265625
0 0.021875 0.0953125 0.03515625 0.05
0 0.02265625 0.01953125 0.0421875 0.03828125
0 0.0125 0.11484375 0.01328125 0.0203125
1 0.31875 0.028125 0.025 0.02109375