0 0.65703125 0.71953125 0.03125 0.02890625
0 0.40703125 0.54453125 0.0203125 0.02109375
0 0.47734375 0.59921875 0.03046875 0.02890625
0 0.2171875 0.40234375 0.015625 0.01796875
0 0.36640625 0.446875 0.01953125 0.01953125
0 0.665625 0.646875 0.028125 0.0265625
0 0.4703125 0.3953125 0.028125 0.02578125
0 0.34375 0.43671875 0.021875 0.021875
0 0.3265625 0.528125 0.01484375 0.01640625
0 0.40546875 0.3703125 0.01875 0.01796875
0 0.66328125 0.53125 0.04765625 0.04921875
1 0.18046875 0.50859375 0.02421875 0.03203125
0 0.5328125 0.5796875 0.03671875 0.0375
0 0.0984375 0.3125 0.01484375 0.01875
0 0.57265625 0.7140625 0.03046875 0.02734375
0 0.49921875 0.521875 0.01953125 0.01875
1 0.26796875 0.7078125 0.034375 0.03515625
0 0.5890625 0.43515625 0.04140625 0.040625
0 0.221875 0.22734375 0.015625 0.015625
0 0.16015625 0.43359375 0.01640625 0.021875
0 0.2796875 0.52890625 0.025 0.0265625
0 0.62421875 0.409375 0.01875 0.01796875
0 0.84453125 0.64296875 0.01171875 0.01328125
0 0.584375 0.7875 0.0171875 0.015625
0 0.3375 0.596875 0.015625 0.015625
0 0.621875 0.53046875 0.01328125 0.0140625
0 0.490625 0.3546875 0.0140625 0.01328125
0 0.7640625 0.7484375 0.04765625 0.0453125
0 0.4 0.58125 0.01875 0.02109375
0 0.4140625 0.24140625 0.01796875 0.01796875
0 0.3453125 0.615625 0.01328125 0.0140625
0 0.53984375 0.38671875 0.0109375 0.0109375
0 0.26015625 0.6046875 0.015625 0.0171875
0 0.88203125 0.61953125 0.04375 0.0453125
0 0.3515625 0.5515625 0.0203125 0.021875
0 0.78359375 0.63671875 0.01875 0.01953125
1 0.3296875 0.665625 0.0265625 0.03125
0 0.53984375 0.45859375 0.0125 0.01328125
0 0.38515625 0.37109375 0.0125 0.0125
0 0.48046875 0.196875 0.0234375 0.02421875
0 0.71953125 0.7515625 0.021875 0.0203125
0 0.45625 0.7765625 0.0265625 0.02421875
0 0.68046875 0.6828125 0.02890625 0.0296875
0 0.5078125 0.1421875 0.01875 0.01640625
1 0.0796875 0.31015625 0.01875 0.03125
0 0.4109375 0.19609375 0.01953125 0.01640625
0 0.3421875 0.278125 0.0125 0.01171875
0 0.42890625 0.253125 0.0234375 0.021875
0 0.759375 0.85 0.04375 0.0375
0 0.53671875 0.665625 0.01640625 0.0171875
0 0.5609375 0.4640625 0.01328125 0.0140625
0 0.3671875 0.3296875 0.01171875 0.01328125
0 0.53828125 0.478125 0.01640625 0.01640625
0 0.66328125 0.3171875 0.0203125 0.01953125
0 0.3921875 0.40703125 0.01171875 0.01171875
0 0.7125 0.84375 0.040625 0.03125
0 0.125 0.5375 0.0578125 0.0671875
1 0.375 0.728125 0.0234375 0.025
0 0.77265625 0.40859375 0.0171875 0.01640625
0 0.42734375 0.35234375 0.0125 0.0125
0 0.421875 0.4109375 0.0140625 0.0140625
0 0.465625 0.5109375 0.01484375 0.01640625
0 0.634375 0.11015625 0.01796875 0.0140625
0 0.80234375 0.1484375 0.015625 0.0171875
0 0.41875 0.615625 0.03046875 0.03125
0 0.2984375 0.57734375 0.015625 0.01796875
0 0.6515625 0.5859375 0.034375 0.0328125
1 0.09921875 0.43125 0.03125 0.04140625
1 0.4984375 0.815625 0.03984375 0.04140625
0 0.30078125 0.7421875 0.01875 0.021875
1 0.23203125 0.65703125 0.0359375 0.0421875
0 0.17734375 0.15703125 0.0171875 0.01875
0 0.7453125 0.909375 0.021875 0.015625
0 0.2328125 0.12734375 0.0234375 0.01875
0 0.059375 0.340625 0.01640625 0.028125
1 0.1734375 0.396875 0.02265625 0.03984375
0 0.825 0.740625 0.01015625 0.0109375
0 0.65546875 0.8015625 0.05 0.04609375
0 0.884375 0.42421875 0.01640625 0.02109375
0 0.4890625 0.215625 0.02109375 0.0203125
0 0.6453125 0.85234375 0.034375 0.02421875
0 0.9421875 0.62578125 0.0234375 0.03125
0 0.7109375 0.425 0.07265625 0.08359375
0 0.34296875 0.8265625 0.075 0.07421875