0 0.44453125 0.7125 0.01953125 0.01796875
0 0.121875 0.4140625 0.015625 0.0171875
0 0.20078125 0.2828125 0.0125 0.0125
0 0.3921875 0.3671875 0.02421875 0.02421875
0 0.24453125 0.659375 0.02265625 0.021875
0 0.209375 0.53203125 0.0140625 0.01484375
0 0.7625 0.4640625 0.03125 0.03046875
0 0.146875 0.36484375 0.01796875 0.01796875
0 0.3140625 0.246875 0.03125 0.02734375
0 0.4046875 0.75546875 0.01875 0.01875
0 0.55 0.45859375 0.01796875 0.0171875
0 0.34765625 0.33046875 0.03046875 0.02734375
0 0.0375 0.33203125 0.01171875 0.0140625
0 0.18359375 0.27109375 0.0125 0.0125
0 0.65546875 0.36328125 0.0234375 0.02265625
0 0.28046875 0.7015625 0.021875 0.021875
0 0.16328125 0.29453125 0.02421875 0.02421875
0 0.334375 0.215625 0.0359375 0.03046875
0 0.1578125 0.52421875 0.021875 0.021875
0 0.25390625 0.28984375 0.02265625 0.01953125
0 0.0765625 0.17265625 0.009375 0.01015625
0 0.746875 0.8296875 0.015625 0.015625
0 0.90546875 0.7140625 0.0171875 0.01953125
0 0.63203125 0.79765625 0.0203125 0.0203125
0 0.73359375 0.49140625 0.01640625 0.0171875
0 0.696875 0.47109375 0.03828125 0.0359375
0 0.46328125 0.25 0.0296875 0.025
0 0.51328125 0.72578125 0.01953125 0.01953125
0 0.7515625 0.6921875 0.0421875 0.0421875
0 0.9046875 0.64296875 0.02890625 0.034375
0 0.853125 0.82734375 0.01484375 0.015625
0 0.1921875 0.3796875 0.02734375 0.028125
0 0.29765625 0.47109375 0.03203125 0.03203125
0 0.5609375 0.8109375 0.0359375 0.03359375
0 0.96484375 0.61953125 0.01328125 0.01875
0 0.54609375 0.34609375 0.02421875 0.0234375
0 0.21796875 0.56015625 0.02265625 0.021875
0 0.803125 0.484375 0.01640625 0.01875
0 0.4265625 0.41875 0.034375 0.0296875
0 0.759375 0.60546875 0.0296875 0.0265625
0 0.36640625 0.4125 0.02734375 0.02421875
0 0.878125 0.3578125 0.0390625 0.03828125
0 0.5859375 0.68828125 0.05078125 0.0484375
0 0.546875 0.7078125 0.0265625 0.02578125
0 0.5078125 0.91875 0.03671875 0.03359375
0 0.23515625 0.35625 0.0265625 0.025
1 0.765625 0.36640625 0.02734375 0.02578125
0 0.13515625 0.2015625 0.0171875 0.01796875
0 0.31171875 0.378125 0.04453125 0.04296875
0 0.42734375 0.26875 0.01875 0.015625
0 0.80390625 0.31171875 0.05859375 0.0578125
0 0.18203125 0.9 0.01953125 0.01953125
0 0.596875 0.24375 0.040625 0.0328125
0 0.96953125 0.725 0.0109375 0.0140625
0 0.9 0.4984375 0.03046875 0.0390625
0 0.6953125 0.921875 0.02421875 0.0234375
0 0.521875 0.95234375 0.03203125 0.028125
0 0.69609375 0.30234375 0.0265625 0.02421875
0 0.08046875 0.52421875 0.02734375 0.03359375
0 0.628125 0.60703125 0.046875 0.04140625
0 0.69140625 0.3578125 0.04765625 0.04765625
0 0.85234375 0.67578125 0.053125 0.053125
0 0.5109375 0.8734375 0.0234375 0.02265625
0 0.95390625 0.64375 0.0234375 0.0296875
0 0.246875 0.9015625 0.03984375 0.034375
0 0.69453125 0.20703125 0.0671875 0.0578125
0 0.1890625 0.17890625 0.04296875 0.0390625
1 0.94453125 0.53984375 0.01875 0.025
1 0.903125 0.6140625 0.02109375 0.0234375
1 0.74921875 0.278125 0.02265625 0.021875
0 0.96171875 0.59609375 0.0140625 0.01953125
0 0.83125 0.38671875 0.04921875 0.0375
0 0.634375 0.246875 0.0515625 0.04375
0 0.6109375 0.834375 0.0203125 0.021875
0 0.28671875 0.13671875 0.0390625 0.03125
0 0.60625 0.76484375 0.046875 0.04453125
0 0.15078125 0.278125 0.0140625 0.01484375
0 0.7171875 0.27734375 0.0328125 0.03046875
0 0.921875 0.43828125 0.01171875 0.0140625
0 0.81328125 0.72734375 0.04921875 0.05390625
1 0.88125 0.39921875 0.0203125 0.021875
0 0.00625 0.42421875 0.00859375 0.01171875
0 0.9875 0.60703125 0.01328125 0.0203125
0 0.725 0.43359375 0.015625 0.01484375
0 0.55 0.409375 0.05390625 0.04609375
0 0.040625 0.171875 0.025 0.03046875
0 0.41875 0.5484375 0.07578125 0.07578125
0 0.6828125 0.56796875 0.040625 0.03515625
0 0.0609375 0.553125 0.02734375 0.03125
1 0.875 0.65625 0.01484375 0.0203125
1 0.5671875 0.371875 0.02109375 0.021875
0 0.1546875 0.11328125 0.015625 0.01484375
0 0.07265625 0.5453125 0.05625 0.0703125
0 0.725 0.68046875 0.01015625 0.0109375
0 0.9796875 0.7984375 0.0109375 0.015625
0 0.64375 0.68046875 0.0484375 0.04609375
0 0.12734375 0.31875 0.0453125 0.04453125
1 0.53125 0.21796875 0.0265625 0.02265625
0 0.00859375 0.3734375 0.01640625 0.0359375
0 0.909375 0.415625 0.0109375 0.01171875
0 0.56875 0.4703125 0.05703125 0.05234375
0 0.26015625 0.059375 0.0390625 0.03046875
0 0.3109375 0.90703125 0.03203125 0.02578125