0 0.7640625 0.26953125 0.0390625 0.03828125
0 0.66953125 0.63359375 0.0109375 0.01171875
0 0.4140625 0.54609375 0.028125 0.02734375
0 0.9015625 0.47890625 0.03671875 0.03828125
0 0.3578125 0.92265625 0.04609375 0.04375
0 0.95546875 0.59375 0.0125 0.01328125
0 0.778125 0.5125 0.03828125 0.0390625
0 0.5359375 0.51640625 0.01328125 0.01328125
0 0.7125 0.79453125 0.01171875 0.0125
0 0.25625 0.396875 0.03671875 0.0359375
0 0.77734375 0.44375 0.015625 0.01640625
0 0.378125 0.8140625 0.06015625 0.05703125
0 0.809375 0.3640625 0.028125 0.02890625
0 0.8640625 0.5484375 0.0203125 0.0203125
0 0.59375 0.565625 0.028125 0.02890625
0 0.5296875 0.62109375 0.0109375 0.0109375
1 0.1859375 0.7546875 0.015625 0.01875
0 0.678125 0.48359375 0.01953125 0.021875
0 0.92890625 0.30078125 0.046875 0.05234375
0 0.97265625 0.2484375 0.02890625 0.03125
0 0.5515625 0.675 0.01328125 0.01328125
0 0.64609375 0.48359375 0.0125 0.01328125
0 0.5765625 0.8515625 0.015625 0.01484375
0 0.93984375 0.74140625 0.01875 0.01796875
0 0.91640625 0.8421875 0.015625 0.01484375
0 0.83203125 0.84453125 0.015625 0.01484375
0 0.7890625 0.57890625 0.0109375 0.0125
0 0.44375 0.23359375 0.03984375 0.03515625
0 0.56328125 0.83125 0.02109375 0.0203125
0 0.75859375 0.8484375 0.0546875 0.05234375
0 0.246875 0.503125 0.0234375 0.0234375
0 0.60234375 0.88203125 0.0109375 0.0109375
0 0.8625 0.65703125 0.05703125 0.06640625
0 0.87890625 0.2453125 0.034375 0.03515625
0 0.01796875 0.5796875 0.00859375 0.009375
0 0.55078125 0.19453125 0.04765625 0.04296875
0 0.75078125 0.47421875 0.01796875 0.01875
0 0.71875 0.23359375 0.04921875 0.046875
0 0.928125 0.8734375 0.01328125 0.01328125
0 0.40078125 0.63203125 0.01875 0.01875
0 0.890625 0.03515625 0.025 0.02109375
0 0.26953125 0.6078125 0.02421875 0.025
0 0.1734375 0.646875 0.009375 0.0109375
0 0.7828125 0.08203125 0.03515625 0.03046875
0 0.915625 0.60234375 0.01953125 0.0203125
0 0.8890625 0.4078125 0.03828125 0.03984375
0 0.0765625 0.4015625 0.0109375 0.0109375
0 0.68828125 0.8671875 0.04765625 0.0453125
0 0.046875 0.60859375 0.0171875 0.01953125
0 0.51953125 0.959375 0.0109375 0.0109375
0 0.48359375 0.6703125 0.0109375 0.0109375
0 0.5328125 0.9203125 0.02734375 0.025
0 0.184375 0.93359375 0.04140625 0.03828125
0 0.3328125 0.4875 0.01484375 0.0140625
0 0.796875 0.93828125 0.02421875 0.02265625
0 0.73359375 0.76953125 0.021875 0.021875
0 0.74375 0.53515625 0.02109375 0.021875
0 0.70625 0.440625 0.01640625 0.01640625
0 0.521875 0.26796875 0.04609375 0.04453125
0 0.290625 0.2671875 0.0359375 0.0359375
0 0.83125 0.95390625 0.025 0.0234375
0 0.49375 0.6390625 0.009375 0.009375
0 0.559375 0.3046875 0.01171875 0.01171875
0 0.11640625 0.403125 0.02890625 0.02734375
0 0.61953125 0.94921875 0.01015625 0.0109375
0 0.0484375 0.878125 0.0078125 0.009375
0 0.675 0.61640625 0.03125 0.02578125
0 0.49140625 0.440625 0.04296875 0.03828125
0 0.3734375 0.35625 0.06640625 0.0640625
0 0.2890625 0.8234375 0.0265625 0.02734375
0 0.16171875 0.2828125 0.0515625 0.0546875
0 0.92265625 0.13984375 0.01171875 0.0109375
1 0.33515625 0.72421875 0.0140625 0.01640625
0 0.1859375 0.20234375 0.0453125 0.05
0 0.03671875 0.70859375 0.01015625 0.0109375
0 0.2796875 0.6734375 0.01640625 0.01640625
0 0.6109375 0.4203125 0.0484375 0.05
0 0.18671875 0.346875 0.0171875 0.01796875
0 0.0734375 0.66484375 0.05625 0.06484375
0 0.3015625 0.06328125 0.01640625 0.015625
0 0.45546875 0.71015625 0.0171875 0.015625
0 0.01328125 0.78828125 0.0078125 0.00859375
0 0.49609375 0.5609375 0.046875 0.0484375
1 0.11796875 0.64375 0.0125 0.01640625
0 0.23046875 0.93046875 0.0109375 0.0109375
0 0.29453125 0.3015625 0.0125 0.01328125
0 0.08671875 0.86015625 0.009375 0.01015625
0 0.34453125 0.365625 0.01484375 0.01640625
0 0.81328125 0.6140625 0.03359375 0.03125
0 0.41484375 0.90390625 0.01171875 0.0109375
0 0.3015625 0.1 0.015625 0.015625
0 0.9484375 0.12578125 0.01015625 0.01015625
0 0.321875 0.2921875 0.0828125 0.08046875
0 0.03671875 0.8015625 0.01171875 0.01015625
0 0.1953125 0.9875 0.01484375 0.0140625
0 0.00859375 0.66796875 0.0140625 0.015625
0 0.61796875 0.26484375 0.04609375 0.04296875
0 0.0828125 0.3296875 0.01171875 0.01171875
0 0.5703125 0.9578125 0.03046875 0.021875
0 0.3015625 0.1421875 0.05390625 0.046875
0 0.29765625 0.771875 0.01015625 0.0109375
0 0.60859375 0.9890625 0.01875 0.01640625
1 0.1234375 0.75546875 0.01953125 0.03671875
1 0.79765625 0.69453125 0.0296875 0.03515625
1 0.15 0.8109375 0.04140625 0.03671875
1 0.10859375 0.89140625 0.02734375 0.0328125