0 0.57265625 0.39140625 0.04765625 0.0546875
0 0.59375 0.63125 0.0671875 0.06640625
0 0.65546875 0.29765625 0.0375 0.03359375
0 0.63359375 0.3734375 0.0328125 0.03515625
0 0.684375 0.446875 0.04375 0.04765625
0 0.671875 0.51328125 0.05 0.0484375
0 0.7453125 0.41796875 0.040625 0.03984375
0 0.7265625 0.3296875 0.046875 0.04765625
0 0.67109375 0.1984375 0.084375 0.084375
0 0.73046875 0.15625 0.0703125 0.075
0 0.6796875 0.13046875 0.05 0.0484375
0 0.54296875 0.78359375 0.0546875 0.0515625
0 0.52578125 0.84140625 0.04765625 0.0484375
0 0.55625 0.93515625 0.04609375 0.03671875
0 0.6140625 0.940625 0.0296875 0.01875
0 0.6234375 0.9078125 0.04375 0.0375
0 0.621875 0.80078125 0.0640625 0.0640625
0 0.74375 0.7375 0.0546875 0.05
0 0.7859375 0.47109375 0.025 0.01484375
0 0.840625 0.4234375 0.02109375 0.021875
0 0.8453125 0.13359375 0.040625 0.0359375
0 0.809375 0.03671875 0.05234375 0.0453125
0 0.7078125 0.84453125 0.0453125 0.0421875
0 0.5015625 0.96171875 0.03046875 0.03046875
0 0.73125 0.3765625 0.04375 0.0375
0 0.78359375 0.3734375 0.03203125 0.04375
0 0.828125 0.3421875 0.0359375 0.05078125
0 0.9015625 0.2515625 0.06484375 0.07578125
1 0.90546875 0.2515625 0.0140625 0.021875
0 0.7515625 0.925 0.0390625 0.034375
0 0.5484375 0.96953125 0.0359375 0.03203125
0 0.66640625 0.60703125 0.03203125 0.02421875