0 0.3625 0.64453125 0.015625 0.015625
0 0.45546875 0.3875 0.01328125 0.01328125
0 0.240625 0.825 0.0171875 0.015625
0 0.05859375 0.76171875 0.01171875 0.0140625
0 0.478125 0.615625 0.0171875 0.01796875
0 0.3 0.534375 0.01484375 0.01640625
0 0.48203125 0.69140625 0.01640625 0.01640625
0 0.7640625 0.5109375 0.01953125 0.02109375
0 0.87421875 0.709375 0.01640625 0.0171875
0 0.09453125 0.72734375 0.0171875 0.0203125
0 0.5859375 0.596875 0.0234375 0.02265625
0 0.48515625 0.3890625 0.0140625 0.01484375
0 0.753125 0.46484375 0.0265625 0.02890625
0 0.23828125 0.34375 0.0203125 0.0203125
1 0.88125 0.846875 0.01875 0.01640625
0 0.45078125 0.909375 0.02265625 0.0203125
0 0.30078125 0.5703125 0.01171875 0.0125
0 0.8078125 0.8515625 0.01328125 0.0125
0 0.61640625 0.77265625 0.0296875 0.028125
0 0.2609375 0.86796875 0.01796875 0.0171875
1 0.8125 0.88125 0.0203125 0.01640625
1 0.7359375 0.84765625 0.01015625 0.0109375
1 0.7859375 0.82265625 0.01328125 0.01328125
1 0.559375 0.971875 0.01796875 0.01484375
0 0.39921875 0.940625 0.021875 0.01640625
1 0.81875 0.92109375 0.0203125 0.01796875
0 0.03828125 0.54453125 0.01015625 0.0125
1 0.37578125 0.98125 0.01953125 0.015625
0 0.28671875 0.29140625 0.0203125 0.01953125
1 0.8078125 0.9078125 0.01484375 0.01484375
0 0.9078125 0.23828125 0.01875 0.02109375
1 0.415625 0.5828125 0.01484375 0.01171875
1 0.7015625 0.953125 0.028125 0.0203125
0 0.93046875 0.75078125 0.0203125 0.02265625
1 0.6828125 0.93125 0.01328125 0.01171875
0 0.40390625 0.8046875 0.01015625 0.01015625
0 0.765625 0.3609375 0.03046875 0.03203125
1 0.3984375 0.9875 0.02109375 0.01875
1 0.91484375 0.83125 0.0140625 0.0140625
0 0.3609375 0.7546875 0.02265625 0.01953125
0 0.31640625 0.89453125 0.01328125 0.01171875
0 0.8953125 0.759375 0.0171875 0.0203125
0 0.7 0.53671875 0.04375 0.04375
1 0.7171875 0.93671875 0.01484375 0.01328125
1 0.87109375 0.871875 0.01796875 0.01640625
0 0.84453125 0.28125 0.03046875 0.0328125
1 0.68828125 0.9546875 0.0140625 0.01171875
0 0.675 0.1234375 0.0171875 0.01484375
1 0.21484375 0.56796875 0.0125 0.01484375
0 0.246875 0.48046875 0.01171875 0.0125
1 0.64375 0.971875 0.01484375 0.01328125
0 0.35 0.471875 0.01015625 0.0109375
0 0.24921875 0.959375 0.02578125 0.02109375
0 0.884375 0.821875 0.01796875 0.01875
0 0.29296875 0.19375 0.02265625 0.02265625
0 0.70703125 0.36640625 0.01171875 0.01328125
0 0.93671875 0.84296875 0.01875 0.021875
0 0.37578125 0.86875 0.01015625 0.01015625
0 0.17421875 0.1546875 0.01875 0.021875
0 0.7921875 0.40546875 0.0140625 0.01484375
1 0.7546875 0.95078125 0.0171875 0.01484375
0 0.0125 0.31328125 0.01171875 0.01796875
0 0.93828125 0.19140625 0.021875 0.02890625
0 0.16875 0.18984375 0.01484375 0.015625
0 0.42265625 0.25078125 0.0234375 0.021875
0 0.96171875 0.79609375 0.0140625 0.0140625
0 0.55703125 0.9328125 0.0140625 0.0109375
0 0.171875 0.52265625 0.0125 0.0125
1 0.484375 0.79375 0.009375 0.01015625
0 0.353125 0.25703125 0.02265625 0.021875
1 0.72578125 0.9625 0.02109375 0.0171875
0 0.14375 0.74140625 0.00859375 0.009375
0 0.6796875 0.35390625 0.0109375 0.01171875
1 0.028125 0.73515625 0.0203125 0.01796875
1 0.3171875 0.7765625 0.01328125 0.01328125
1 0.05859375 0.87734375 0.0109375 0.0140625
1 0.34609375 0.95625 0.0125 0.0125
1 0.8 0.60078125 0.015625 0.01171875
0 0.8265625 0.3671875 0.01796875 0.01796875
0 0.81015625 0.2046875 0.0375 0.0390625
0 0.3640625 0.946875 0.0125 0.0109375
0 0.6609375 0.396875 0.009375 0.01015625
0 0.98203125 0.740625 0.01015625 0.0140625
1 0.50859375 0.934375 0.0109375 0.01015625
1 0.7546875 0.85625 0.0453125 0.02890625
1 0.25859375 0.6640625 0.01015625 0.01015625
0 0.4078125 0.13203125 0.0140625 0.0140625
0 0.48984375 0.83828125 0.04609375 0.0390625
1 0.93671875 0.65546875 0.01796875 0.0171875
0 0.6203125 0.08359375 0.01953125 0.0171875