0 0.60625 0.7078125 0.0390625 0.0359375
0 0.771875 0.56796875 0.03125 0.03203125
0 0.646875 0.5171875 0.03046875 0.03046875
0 0.428125 0.775 0.034375 0.03046875
0 0.75625 0.6921875 0.03515625 0.03671875
0 0.69453125 0.7078125 0.0390625 0.03515625
0 0.26328125 0.675 0.05625 0.06015625
0 0.22421875 0.7921875 0.03984375 0.0390625
0 0.3453125 0.53125 0.05546875 0.05859375
0 0.884375 0.44296875 0.03515625 0.04140625
0 0.459375 0.6734375 0.04140625 0.03984375
0 0.171875 0.7984375 0.04375 0.046875
0 0.8640625 0.51796875 0.021875 0.0234375
0 0.7796875 0.51484375 0.0703125 0.0703125
0 0.42734375 0.6828125 0.0265625 0.0265625
0 0.5515625 0.91328125 0.03515625 0.02265625
0 0.1203125 0.78359375 0.03046875 0.03203125
0 0.86875 0.59453125 0.02578125 0.02734375
0 0.4703125 0.7984375 0.025 0.021875
0 0.778125 0.328125 0.03828125 0.040625
0 0.11875 0.34765625 0.03359375 0.03984375
0 0.71015625 0.38671875 0.04453125 0.040625
0 0.09375 0.621875 0.0546875 0.059375
0 0.78515625 0.2546875 0.04375 0.04375
0 0.0453125 0.58515625 0.0171875 0.025
0 0.41171875 0.9265625 0.03046875 0.01953125
0 0.61875 0.634375 0.0328125 0.02890625
0 0.1953125 0.35546875 0.028125 0.03203125
0 0.60703125 0.409375 0.03984375 0.03359375
0 0.1875 0.2828125 0.02578125 0.02890625
0 0.30078125 0.7828125 0.03828125 0.034375
0 0.8640625 0.3 0.06171875 0.06640625
0 0.75625 0.38359375 0.03984375 0.03828125
0 0.1625 0.8453125 0.0234375 0.0234375
0 0.7625 0.6671875 0.03203125 0.03203125
0 0.46640625 0.90546875 0.025 0.01953125
0 0.38203125 0.88359375 0.02890625 0.0203125
0 0.32421875 0.93984375 0.03359375 0.02578125
0 0.38359375 0.840625 0.025 0.01875
0 0.646875 0.6234375 0.02578125 0.025
0 0.23046875 0.34375 0.02734375 0.028125
0 0.325 0.85 0.02890625 0.025
0 0.19140625 0.7328125 0.03359375 0.0359375
0 0.05859375 0.321875 0.02265625 0.03515625
0 0.80390625 0.70390625 0.028125 0.02890625
0 0.19453125 0.58828125 0.01875 0.01953125
0 0.759375 0.22109375 0.02734375 0.03203125
0 0.64140625 0.3453125 0.0265625 0.02421875
1 0.6828125 0.80859375 0.03515625 0.02890625
0 0.059375 0.2921875 0.01953125 0.0265625
0 0.65703125 0.74453125 0.03125 0.028125
0 0.2703125 0.84921875 0.03671875 0.04140625
0 0.7390625 0.62265625 0.07578125 0.0578125
0 0.621875 0.365625 0.0328125 0.03359375
0 0.79765625 0.41484375 0.01953125 0.01953125
0 0.21640625 0.63359375 0.0203125 0.0203125
0 0.28203125 0.378125 0.03125 0.03203125
0 0.0484375 0.63125 0.034375 0.04375
1 0.2171875 0.8609375 0.021875 0.02109375
0 0.253125 0.7078125 0.015625 0.01640625
0 0.8125 0.6078125 0.02421875 0.025
0 0.48046875 0.38359375 0.028125 0.0265625
0 0.3953125 0.6921875 0.0171875 0.0171875
0 0.4875 0.77421875 0.02265625 0.02109375
0 0.3125 0.26171875 0.0234375 0.02265625
0 0.58515625 0.509375 0.0484375 0.04375
0 0.73359375 0.44375 0.0640625 0.0546875
0 0.36171875 0.64921875 0.04140625 0.0375
0 0.35078125 0.9265625 0.01796875 0.015625
0 0.14765625 0.66328125 0.01875 0.01953125
0 0.57890625 0.31171875 0.0546875 0.0453125
0 0.3171875 0.4078125 0.03671875 0.03359375
0 0.2703125 0.9328125 0.03046875 0.02265625
0 0.884375 0.69453125 0.02421875 0.02578125
0 0.55859375 0.9515625 0.0265625 0.01796875