0 0.69921875 0.5328125 0.0375 0.03359375
0 0.01796875 0.5 0.02890625 0.03046875
0 0.11484375 0.56875 0.021875 0.021875
0 0.1265625 0.80625 0.0234375 0.0234375
0 0.2921875 0.6421875 0.0203125 0.01953125
0 0.7953125 0.615625 0.03125 0.0296875
0 0.09140625 0.73046875 0.03671875 0.0375
0 0.928125 0.53515625 0.02421875 0.025
0 0.19921875 0.87890625 0.034375 0.03203125
0 0.31640625 0.79296875 0.034375 0.03125
0 0.17265625 0.603125 0.02890625 0.0265625
0 0.8859375 0.44140625 0.03359375 0.0328125
0 0.5046875 0.43125 0.025 0.02421875
0 0.31953125 0.884375 0.0359375 0.028125
0 0.2921875 0.76171875 0.021875 0.01953125
0 0.24140625 0.62734375 0.02265625 0.021875
0 0.09453125 0.9046875 0.03203125 0.03046875
0 0.47109375 0.5453125 0.040625 0.03828125
0 0.02890625 0.83828125 0.0203125 0.01953125
0 0.90625 0.5265625 0.02890625 0.0265625
0 0.6671875 0.12421875 0.04296875 0.04453125
0 0.55078125 0.26640625 0.0453125 0.04453125
0 0.03046875 0.03359375 0.03125 0.03046875
0 0.846875 0.6734375 0.02109375 0.021875
0 0.621875 0.8484375 0.0875 0.07578125
0 0.196875 0.78828125 0.0234375 0.021875
0 0.41875 0.58125 0.02109375 0.01953125
0 0.4125 0.56015625 0.02578125 0.025
0 0.1296875 0.109375 0.025 0.025
0 0.06953125 0.846875 0.01640625 0.01640625
0 0.94296875 0.81875 0.03125 0.0265625
0 0.321875 0.93125 0.05 0.03828125
0 0.028125 0.95625 0.03046875 0.03046875
0 0.48984375 0.81953125 0.02109375 0.01875
0 0.18984375 0.2953125 0.059375 0.059375
0 0.7703125 0.44921875 0.0171875 0.0171875
0 0.87265625 0.2828125 0.04453125 0.04453125
0 0.08046875 0.04453125 0.0296875 0.028125
0 0.37109375 0.49921875 0.03125 0.0265625
0 0.2265625 0.575 0.02734375 0.0265625
0 0.35625 0.06796875 0.0171875 0.0171875
0 0.36875 0.28359375 0.06171875 0.05625
1 0.06015625 0.5078125 0.01875 0.0265625
0 0.03828125 0.1875 0.02109375 0.02265625
0 0.75859375 0.553125 0.040625 0.03671875
1 0.9953125 0.7265625 0.009375 0.034375
0 0.1796875 0.0640625 0.0296875 0.02578125
1 0.01796875 0.88515625 0.02265625 0.02421875
0 0.11015625 0.06796875 0.03046875 0.028125
0 0.54609375 0.821875 0.02734375 0.0234375
0 0.87578125 0.47109375 0.03828125 0.03515625
0 0.684375 0.04921875 0.03671875 0.03515625
0 0.62421875 0.4140625 0.05078125 0.04375
1 0.959375 0.32421875 0.01875 0.02421875
0 0.7578125 0.10234375 0.040625 0.0453125
0 0.8359375 0.44375 0.02109375 0.01953125
1 0.7109375 0.85 0.02421875 0.0203125
0 0.01484375 0.11796875 0.021875 0.02890625
0 0.27890625 0.81171875 0.015625 0.01484375
0 0.80625 0.34609375 0.03515625 0.0296875
0 0.3640625 0.8703125 0.0171875 0.015625
0 0.93125 0.303125 0.03828125 0.040625
0 0.92109375 0.7546875 0.01328125 0.01328125
0 0.6734375 0.42421875 0.01796875 0.01796875
0 0.39453125 0.10234375 0.01875 0.01875
0 0.28125 0.0640625 0.03515625 0.0328125
1 0.9234375 0.9515625 0.01796875 0.01953125
0 0.27578125 0.78203125 0.0125 0.01328125
0 0.86640625 0.9296875 0.02578125 0.02734375
1 0.98125 0.7984375 0.02109375 0.0171875
0 0.934375 0.971875 0.0140625 0.0140625
0 0.80625 0.77265625 0.0484375 0.0453125
0 0.68359375 0.31796875 0.02734375 0.02578125
1 0.128125 0.1921875 0.03984375 0.034375
0 0.52265625 0.975 0.015625 0.01484375
1 0.8921875 0.984375 0.01875 0.01640625
0 0.2375 0.04296875 0.04375 0.04375
0 0.275 0.2484375 0.07734375 0.07109375
0 0.3421875 0.9484375 0.03671875 0.02734375
0 0.17265625 0.1125 0.1015625 0.096875