0 0.5984375 0.85078125 0.09453125 0.08046875
0 0.6359375 0.5625 0.03828125 0.0359375
0 0.7390625 0.72578125 0.071875 0.0671875
0 0.803125 0.8640625 0.059375 0.0609375
0 0.41171875 0.81328125 0.07265625 0.06484375
0 0.096875 0.2953125 0.01640625 0.0171875
0 0.775 0.48125 0.03515625 0.03671875
0 0.7828125 0.571875 0.02421875 0.02421875
0 0.9015625 0.3 0.03046875 0.03125
0 0.315625 0.30625 0.015625 0.01640625
0 0.35390625 0.6421875 0.0359375 0.03515625
0 0.7265625 0.6453125 0.090625 0.0890625
0 0.18203125 0.4140625 0.02421875 0.0234375
0 0.23828125 0.334375 0.02421875 0.0234375
0 0.68359375 0.0453125 0.0203125 0.01875
0 0.31875 0.3578125 0.025 0.0234375
0 0.43828125 0.6109375 0.01953125 0.01953125
0 0.57890625 0.38359375 0.0703125 0.0671875
0 0.29921875 0.3875 0.015625 0.015625
0 0.68828125 0.22734375 0.02421875 0.02265625
0 0.3328125 0.43515625 0.03046875 0.02890625
0 0.42265625 0.1140625 0.0296875 0.0296875
0 0.16015625 0.7828125 0.0859375 0.084375
0 0.203125 0.53125 0.03046875 0.0296875
0 0.5671875 0.49375 0.01640625 0.01640625
0 0.13203125 0.53828125 0.02421875 0.02578125
0 0.6390625 0.4296875 0.02890625 0.02890625
0 0.20859375 0.33984375 0.02109375 0.02109375
0 0.3046875 0.24375 0.01484375 0.01484375
0 0.38203125 0.35625 0.01875 0.01796875
0 0.1859375 0.34296875 0.028125 0.02734375
0 0.0390625 0.903125 0.021875 0.0203125
0 0.065625 0.57109375 0.0203125 0.021875
0 0.36875 0.3703125 0.01328125 0.01328125
0 0.95078125 0.55546875 0.03125 0.0359375
0 0.81953125 0.41796875 0.071875 0.07578125
0 0.525 0.4609375 0.01875 0.01796875
0 0.3421875 0.384375 0.0140625 0.0140625
0 0.1890625 0.46953125 0.034375 0.03359375
0 0.49140625 0.56171875 0.02109375 0.021875
0 0.6171875 0.66171875 0.1125 0.10625
0 0.29140625 0.43515625 0.0265625 0.025
0 0.19609375 0.26328125 0.03359375 0.03203125
0 0.65859375 0.271875 0.07109375 0.06796875
0 0.071875 0.525 0.02265625 0.02421875
0 0.5828125 0.190625 0.028125 0.02734375
0 0.4921875 0.38671875 0.0390625 0.0375
0 0.2796875 0.51328125 0.02421875 0.025
0 0.40390625 0.70625 0.03046875 0.0296875
0 0.73359375 0.3640625 0.03125 0.0328125
0 0.42890625 0.4921875 0.0265625 0.025
0 0.33203125 0.08671875 0.02109375 0.0234375
0 0.55 0.446875 0.03046875 0.03046875
0 0.86171875 0.12109375 0.0515625 0.05859375
0 0.3703125 0.084375 0.0234375 0.02265625
0 0.42734375 0.059375 0.03203125 0.02890625
0 0.55546875 0.56875 0.08203125 0.090625
0 0.4875 0.61796875 0.01953125 0.021875
0 0.7171875 0.53203125 0.0421875 0.0421875
0 0.521875 0.7140625 0.08671875 0.0859375
0 0.9046875 0.6234375 0.0203125 0.02109375
0 0.29140625 0.67890625 0.04921875 0.0484375
0 0.20703125 0.17265625 0.02890625 0.02890625
0 0.3546875 0.63359375 0.01875 0.01953125
0 0.6 0.1140625 0.04609375 0.04453125
0 0.24140625 0.6296875 0.0375 0.03984375
0 0.29296875 0.17578125 0.0234375 0.02265625
0 0.60234375 0.48046875 0.0375 0.03671875
0 0.3421875 0.2703125 0.04609375 0.04375
0 0.4625 0.28671875 0.02421875 0.02421875
0 0.6546875 0.059375 0.01875 0.01796875
0 0.53203125 0.32109375 0.03984375 0.0390625
0 0.81328125 0.3578125 0.01953125 0.02109375
0 0.16796875 0.66015625 0.08203125 0.084375
0 0.2359375 0.303125 0.03046875 0.0296875
0 0.3609375 0.76953125 0.0328125 0.03125
0 0.3734375 0.31640625 0.03046875 0.028125
0 0.43671875 0.4421875 0.034375 0.0328125
0 0.52265625 0.190625 0.03828125 0.0359375
0 0.94375 0.6453125 0.046875 0.05
0 0.196875 0.134375 0.025 0.028125
0 0.86640625 0.58125 0.05078125 0.05390625
0 0.50625 0.10703125 0.02578125 0.02421875
0 0.628125 0.309375 0.040625 0.03984375
0 0.8359375 0.5140625 0.03046875 0.03125
0 0.7765625 0.2625 0.0390625 0.04140625
0 0.2453125 0.56328125 0.028125 0.0265625
0 0.17109375 0.303125 0.02578125 0.025
0 0.68828125 0.01953125 0.03515625 0.03046875
0 0.82734375 0.28671875 0.03515625 0.034375
0 0.259375 0.4859375 0.034375 0.034375
0 0.3390625 0.1671875 0.0671875 0.0609375
0 0.28125 0.28984375 0.0328125 0.03203125
0 0.36953125 0.49921875 0.0203125 0.0203125
0 0.9234375 0.1671875 0.046875 0.0515625
0 0.125 0.5921875 0.03125 0.03046875
0 0.85859375 0.7125 0.0484375 0.0453125
0 0.43671875 0.4125 0.0359375 0.03359375
0 0.46953125 0.16796875 0.015625 0.015625
0 0.44375 0.2671875 0.028125 0.028125
0 0.72734375 0.8734375 0.02109375 0.021875
0 0.08046875 0.70390625 0.028125 0.03046875
0 0.13984375 0.47578125 0.0296875 0.03046875
0 0.97890625 0.55390625 0.040625 0.04609375
0 0.36171875 0.84296875 0.03515625 0.03125
0 0.56953125 0.5265625 0.0390625 0.0328125
0 0.35 0.03671875 0.0328125 0.0296875
0 0.8859375 0.7671875 0.0421875 0.04765625
0 0.171875 0.0890625 0.0265625 0.0234375
0 0.2390625 0.01796875 0.03359375 0.0265625
0 0.23203125 0.0984375 0.028125 0.02421875
0 0.0734375 0.38984375 0.03359375 0.0375
0 0.05390625 0.83515625 0.02890625 0.02890625
0 0.37109375 0.053125 0.0203125 0.01875
0 0.22109375 0.91171875 0.03046875 0.02890625
0 0.9484375 0.265625 0.03984375 0.0453125
0 0.08203125 0.2046875 0.0578125 0.06015625
0 0.92734375 0.4515625 0.0421875 0.0453125
0 0.7609375 0.353125 0.03828125 0.05234375
0 0.88359375 0.0640625 0.05703125 0.059375
0 0.8640625 0.65 0.0328125 0.0359375
0 0.86796875 0.22578125 0.0328125 0.0328125
0 0.175 0.22421875 0.0546875 0.0484375
0 0.04296875 0.38671875 0.04765625 0.05
0 0.22578125 0.1671875 0.03359375 0.03203125
0 0.14453125 0.17421875 0.03671875 0.03515625
0 0.89765625 0.40078125 0.0453125 0.04765625
0 0.9703125 0.23828125 0.0390625 0.04609375
0 0.1171875 0.4 0.05625 0.05703125
0 0.23359375 0.93125 0.06484375 0.06171875
0 0.84140625 0.9328125 0.02265625 0.021875
0 0.5234375 0.0578125 0.01484375 0.01328125
0 0.1953125 0.5734375 0.04921875 0.0515625
0 0.30703125 0.74609375 0.06015625 0.065625
0 0.075 0.740625 0.0625 0.075
0 0.12265625 0.940625 0.0765625 0.071875
0 0.79453125 0.7421875 0.040625 0.0421875
0 0.128125 0.2140625 0.03515625 0.034375
0 0.95078125 0.33515625 0.053125 0.05703125
0 0.4703125 0.22109375 0.07734375 0.0734375
0 0.78671875 0.77421875 0.028125 0.0328125
0 0.10234375 0.128125 0.04609375 0.04453125
0 0.91953125 0.2265625 0.03671875 0.0390625
0 0.68828125 0.0859375 0.03046875 0.0265625
0 0.628125 0.13828125 0.0453125 0.046875
0 0.59765625 0.2265625 0.040625 0.03671875
0 0.965625 0.415625 0.05390625 0.059375
0 0.0453125 0.27578125 0.053125 0.0578125
0 0.56171875 0.02421875 0.04375 0.03828125