0 0.3015625 0.83046875 0.06015625 0.0578125
0 0.49609375 0.46875 0.05390625 0.05390625
0 0.5015625 0.73515625 0.04765625 0.04453125
0 0.37265625 0.271875 0.05859375 0.05546875
0 0.81484375 0.70390625 0.03671875 0.0375
0 0.52109375 0.82109375 0.06171875 0.06171875
0 0.3546875 0.78984375 0.0421875 0.03984375
0 0.37734375 0.896875 0.040625 0.03828125
0 0.0640625 0.5953125 0.06484375 0.06875
0 0.8859375 0.675 0.046875 0.046875
0 0.4015625 0.7296875 0.04921875 0.05
0 0.2421875 0.8453125 0.0421875 0.0421875
0 0.35234375 0.50625 0.06484375 0.06640625
0 0.58203125 0.3515625 0.04765625 0.04609375
0 0.43203125 0.6984375 0.03984375 0.03828125
0 0.1828125 0.528125 0.04921875 0.04765625
0 0.88671875 0.2515625 0.05234375 0.05
0 0.66171875 0.73984375 0.0375 0.03828125
0 0.184375 0.815625 0.040625 0.03828125
0 0.459375 0.9046875 0.0390625 0.0359375
0 0.171875 0.64921875 0.03046875 0.03046875
0 0.37109375 0.7015625 0.0421875 0.04140625
0 0.265625 0.74453125 0.03515625 0.034375
0 0.4359375 0.37265625 0.0328125 0.03125
0 0.02109375 0.25546875 0.03984375 0.0421875
0 0.325 0.9046875 0.028125 0.0265625
0 0.52109375 0.8 0.0390625 0.02734375
0 0.54921875 0.87421875 0.0375 0.0359375
0 0.8296875 0.45390625 0.04140625 0.0390625
0 0.2796875 0.09375 0.05234375 0.0484375
0 0.09921875 0.8109375 0.03828125 0.0421875
0 0.36875 0.5515625 0.04375 0.04296875
0 0.46953125 0.95390625 0.04921875 0.0453125
0 0.43671875 0.878125 0.0328125 0.03203125
0 0.18515625 0.68984375 0.04140625 0.03984375
0 0.33984375 0.38515625 0.0328125 0.03046875
0 0.540625 0.31953125 0.028125 0.0296875
0 0.815625 0.62109375 0.059375 0.0671875
0 0.73359375 0.48203125 0.12578125 0.1265625
0 0.13671875 0.8390625 0.025 0.028125
0 0.92265625 0.3703125 0.0359375 0.03515625
0 0.5890625 0.459375 0.07421875 0.06171875
0 0.92109375 0.12109375 0.0484375 0.04296875
0 0.60078125 0.9203125 0.04765625 0.0421875
0 0.3953125 0.86875 0.0234375 0.02578125
0 0.75390625 0.67109375 0.040625 0.04375
0 0.4703125 0.53203125 0.0375 0.04296875
0 0.61015625 0.8703125 0.03046875 0.0328125
0 0.72734375 0.87734375 0.0421875 0.040625
0 0.303125 0.5875 0.03828125 0.0390625
0 0.11328125 0.91875 0.03828125 0.0421875
0 0.24453125 0.49296875 0.059375 0.059375
0 0.1796875 0.09453125 0.0390625 0.03671875
0 0.19609375 0.93046875 0.025 0.02578125
0 0.65546875 0.1953125 0.0375 0.0375
0 0.153125 0.0546875 0.040625 0.040625
0 0.1734375 0.16484375 0.03046875 0.0296875
0 0.91484375 0.7453125 0.046875 0.04375
0 0.0296875 0.22109375 0.03125 0.0328125
0 0.6046875 0.6640625 0.028125 0.0296875
0 0.6734375 0.57578125 0.0640625 0.06171875
0 0.628125 0.55 0.03203125 0.03125
0 0.39609375 0.1640625 0.046875 0.04296875
0 0.13515625 0.57890625 0.0328125 0.034375
0 0.7359375 0.92109375 0.025 0.02578125
0 0.2140625 0.328125 0.07578125 0.09375
0 0.69375 0.31484375 0.06796875 0.090625
0 0.1140625 0.35546875 0.09375 0.09375
0 0.8109375 0.915625 0.0328125 0.03515625
0 0.203125 0.2671875 0.02578125 0.0296875
0 0.0328125 0.8875 0.02890625 0.0296875
0 0.60078125 0.56484375 0.08359375 0.075
0 0.58671875 0.18984375 0.05078125 0.05234375
0 0.9015625 0.46640625 0.08203125 0.08203125
0 0.2859375 0.96171875 0.04609375 0.040625
0 0.98046875 0.72890625 0.03828125 0.04765625
0 0.2328125 0.421875 0.0296875 0.0265625
0 0.10078125 0.66484375 0.0625 0.06875
0 0.25078125 0.909375 0.06328125 0.06015625
0 0.68125 0.9484375 0.0453125 0.04140625
0 0.13984375 0.5046875 0.021875 0.025
0 0.8703125 0.10859375 0.06015625 0.05234375
0 0.428125 0.55859375 0.0734375 0.06796875
0 0.27890625 0.66875 0.0265625 0.02421875
0 0.075 0.30859375 0.0203125 0.01953125
0 0.0109375 0.56328125 0.0203125 0.0296875
0 0.8796875 0.52265625 0.028125 0.02890625
0 0.43671875 0.2546875 0.0296875 0.0328125
0 0.07734375 0.9515625 0.028125 0.02890625
0 0.6453125 0.240625 0.0296875 0.02890625
0 0.42109375 0.65859375 0.040625 0.04609375
0 0.04765625 0.3375 0.0375 0.03984375
0 0.60859375 0.07578125 0.0609375 0.06015625
0 0.125 0.09609375 0.04375 0.03984375
0 0.61796875 0.78828125 0.021875 0.021875
0 0.065625 0.0953125 0.05234375 0.06015625