0 0.434375 0.8265625 0.02890625 0.0265625
0 0.38671875 0.8390625 0.02890625 0.03046875
0 0.7140625 0.8046875 0.028125 0.025
0 0.24765625 0.79609375 0.02890625 0.02421875
0 0.59453125 0.82578125 0.034375 0.0265625
0 0.67890625 0.8734375 0.01796875 0.01328125
0 0.6765625 0.815625 0.034375 0.02734375
0 0.521875 0.8140625 0.03828125 0.0265625
1 0.8109375 0.81015625 0.02265625 0.021875
0 0.7484375 0.8328125 0.0265625 0.02265625
1 0.80390625 0.778125 0.0203125 0.0171875
0 0.2453125 0.8296875 0.01484375 0.0125
1 0.88359375 0.7390625 0.025 0.02578125
1 0.8265625 0.7578125 0.0234375 0.02578125
0 0.52890625 0.83984375 0.02734375 0.0203125
0 0.2921875 0.821875 0.02734375 0.02265625
0 0.61875 0.896875 0.0375 0.02109375
1 0.21796875 0.86328125 0.0234375 0.01796875
0 0.6546875 0.8421875 0.0171875 0.0125
1 0.60625 0.92421875 0.0203125 0.01484375
0 0.42890625 0.87265625 0.03828125 0.02578125
0 0.5953125 0.79765625 0.04453125 0.0375
0 0.30703125 0.83671875 0.02734375 0.01875
1 0.3109375 0.91484375 0.021875 0.01328125
0 0.3109375 0.87109375 0.01640625 0.01171875
1 0.35 0.8921875 0.01875 0.01171875
1 0.6421875 0.7953125 0.025 0.01875
0 0.55 0.9 0.03828125 0.0203125
0 0.62421875 0.86015625 0.03671875 0.025
0 0.72109375 0.84453125 0.0234375 0.01875
0 0.109375 0.7125 0.040625 0.053125
1 0.496875 0.88125 0.028125 0.01640625
1 0.384375 0.92421875 0.02734375 0.01796875
1 0.4796875 0.86171875 0.02421875 0.01953125
1 0.33359375 0.846875 0.0203125 0.01640625
1 0.490625 0.8421875 0.02421875 0.01796875
1 0.46171875 0.909375 0.01875 0.01015625
1 0.5859375 0.8609375 0.02421875 0.01640625
1 0.72578125 0.90078125 0.01328125 0.01015625
1 0.1703125 0.7984375 0.0234375 0.0203125
1 0.57421875 0.878125 0.025 0.0140625
1 0.50078125 0.9140625 0.02578125 0.01171875
1 0.54609375 0.946875 0.0328125 0.01796875
1 0.5875 0.8453125 0.02265625 0.015625
1 0.834375 0.81484375 0.02265625 0.02265625
0 0.1453125 0.77734375 0.0109375 0.01171875
1 0.5546875 0.84453125 0.03125 0.02265625
1 0.40390625 0.94453125 0.0453125 0.01796875
0 0.40703125 0.884375 0.02109375 0.0140625
1 0.5515625 0.82421875 0.02578125 0.01796875
1 0.66015625 0.89609375 0.025 0.0140625
1 0.30234375 0.90546875 0.01328125 0.009375
1 0.7921875 0.86796875 0.021875 0.0171875
0 0.1484375 0.7484375 0.03046875 0.0328125
1 0.71328125 0.9265625 0.02421875 0.01484375
1 0.6734375 0.9046875 0.01953125 0.01171875
1 0.78984375 0.75625 0.03046875 0.02890625
1 0.49453125 0.8609375 0.0328125 0.025