0 0.6453125 0.56171875 0.04765625 0.0515625
0 0.78046875 0.65390625 0.04609375 0.04375
0 0.659375 0.1578125 0.02265625 0.01953125
0 0.1171875 0.46640625 0.02734375 0.03359375
0 0.1359375 0.5328125 0.0328125 0.03984375
0 0.6625 0.6515625 0.01875 0.01875
0 0.6171875 0.86328125 0.04140625 0.0359375
0 0.7515625 0.40625 0.0609375 0.0640625
0 0.50390625 0.2234375 0.021875 0.02109375
0 0.803125 0.29609375 0.04375 0.0421875
0 0.59609375 0.22734375 0.05 0.04921875
0 0.6515625 0.77109375 0.02109375 0.021875
0 0.16875 0.4453125 0.03515625 0.040625
0 0.7140625 0.87578125 0.0421875 0.03671875
0 0.4953125 0.4171875 0.02734375 0.02734375
0 0.36875 0.7 0.03671875 0.0359375
0 0.659375 0.615625 0.02109375 0.02109375
0 0.5828125 0.17265625 0.03203125 0.034375
0 0.45234375 0.25234375 0.01953125 0.01796875
0 0.30546875 0.55625 0.04453125 0.04765625
0 0.42890625 0.60078125 0.034375 0.0359375
0 0.55703125 0.78125 0.021875 0.021875
0 0.24921875 0.26875 0.028125 0.0296875
0 0.64296875 0.34921875 0.0359375 0.0359375
0 0.62734375 0.28203125 0.0390625 0.0359375
0 0.4578125 0.84140625 0.021875 0.0203125
0 0.74140625 0.296875 0.02109375 0.01953125
0 0.425 0.265625 0.01953125 0.01953125
0 0.2453125 0.72578125 0.01484375 0.0171875
0 0.6546875 0.41875 0.0390625 0.03828125
0 0.4703125 0.69921875 0.0265625 0.02578125
0 0.14921875 0.64765625 0.0203125 0.02734375
0 0.571875 0.325 0.01875 0.01875
0 0.4078125 0.540625 0.02734375 0.0296875
0 0.72109375 0.36484375 0.01796875 0.01796875
0 0.6 0.4359375 0.034375 0.03515625
0 0.2359375 0.471875 0.03828125 0.04296875
0 0.340625 0.7359375 0.02265625 0.025
0 0.715625 0.18125 0.02734375 0.02421875
0 0.696875 0.478125 0.02421875 0.02578125
0 0.4 0.4046875 0.03203125 0.03203125
0 0.49453125 0.93828125 0.0140625 0.0125
0 0.3859375 0.8078125 0.03046875 0.03046875
0 0.4640625 0.32109375 0.02265625 0.02265625
0 0.38984375 0.18671875 0.0265625 0.02578125
0 0.27578125 0.403125 0.02734375 0.03203125
0 0.33515625 0.30546875 0.02890625 0.03203125
0 0.515625 0.359375 0.03046875 0.03359375
0 0.53046875 0.65546875 0.021875 0.02265625
0 0.72421875 0.69453125 0.0421875 0.0390625
0 0.50859375 0.32109375 0.02109375 0.02109375
0 0.32890625 0.259375 0.053125 0.0609375
0 0.42109375 0.365625 0.02734375 0.028125
0 0.37734375 0.82734375 0.02109375 0.02265625
0 0.22265625 0.55625 0.02734375 0.0296875
0 0.259375 0.8234375 0.0234375 0.025
0 0.87578125 0.33828125 0.034375 0.04375
0 0.6 0.503125 0.025 0.0265625
0 0.5375 0.4640625 0.02734375 0.03125
0 0.1015625 0.43359375 0.01953125 0.025
0 0.5109375 0.2734375 0.0375 0.03671875
0 0.2546875 0.528125 0.025 0.028125
0 0.2265625 0.8703125 0.034375 0.0421875
0 0.4984375 0.0703125 0.03125 0.02421875
0 0.53359375 0.7421875 0.02578125 0.021875
0 0.45390625 0.73125 0.02890625 0.028125
0 0.4078125 0.634375 0.0328125 0.034375
0 0.57734375 0.2609375 0.02578125 0.02578125
1 0.1640625 0.57578125 0.02109375 0.0265625
0 0.684375 0.3390625 0.02890625 0.028125
0 0.365625 0.403125 0.0234375 0.025
0 0.17578125 0.6671875 0.0171875 0.0203125
0 0.60390625 0.38671875 0.0203125 0.02109375
0 0.45234375 0.1578125 0.0234375 0.021875
0 0.26484375 0.61484375 0.03046875 0.0328125
0 0.5875 0.68046875 0.08984375 0.08125
0 0.3109375 0.1578125 0.02265625 0.02578125
1 0.1390625 0.3890625 0.02734375 0.03671875
1 0.19375 0.32421875 0.02109375 0.028125
0 0.70390625 0.83828125 0.0171875 0.01875
0 0.540625 0.053125 0.028125 0.02421875
0 0.44375 0.94453125 0.05546875 0.04140625
0 0.32265625 0.046875 0.0234375 0.01875
1 0.16328125 0.59765625 0.02109375 0.02890625
0 0.3 0.10078125 0.05 0.04765625
0 0.30859375 0.75625 0.04375 0.05078125
0 0.825 0.521875 0.0515625 0.04765625
0 0.415625 0.10625 0.02734375 0.025
1 0.33515625 0.88984375 0.02109375 0.0203125
0 0.209375 0.19921875 0.0953125 0.08984375
0 0.453125 0.98203125 0.05625 0.0359375
0 0.46015625 0.4859375 0.0453125 0.028125
0 0.34765625 0.19609375 0.03125 0.03984375
0 0.28515625 0.2078125 0.03984375 0.0296875
0 0.259375 0.0578125 0.05 0.04375