0 0.6625 0.109375 0.0359375 0.02734375
0 0.4234375 0.1671875 0.021875 0.01875
0 0.35546875 0.26328125 0.02890625 0.02890625
0 0.51484375 0.115625 0.0234375 0.0171875
0 0.559375 0.1078125 0.02734375 0.01953125
0 0.6171875 0.1484375 0.0390625 0.02890625
0 0.50859375 0.1875 0.028125 0.02109375
0 0.3421875 0.16796875 0.01953125 0.0171875
0 0.28828125 0.3484375 0.03125 0.03359375
0 0.48671875 0.21640625 0.03515625 0.0328125
0 0.25546875 0.33125 0.02265625 0.02421875
0 0.2609375 0.18125 0.02265625 0.021875
0 0.23828125 0.209375 0.0203125 0.0203125
0 0.3421875 0.1375 0.01796875 0.0140625
0 0.434375 0.21328125 0.021875 0.0203125
0 0.32890625 0.18125 0.015625 0.0140625
0 0.58125 0.17109375 0.02734375 0.02421875
0 0.31875 0.26484375 0.0390625 0.0375
0 0.30625 0.1234375 0.0203125 0.01640625
0 0.20703125 0.21640625 0.02109375 0.02265625
0 0.27578125 0.15 0.01796875 0.01640625
0 0.49140625 0.06875 0.0296875 0.01640625
0 0.225 0.21953125 0.01484375 0.01640625
0 0.40078125 0.1515625 0.015625 0.0140625
0 0.37265625 0.1140625 0.01875 0.01640625
0 0.69765625 0.07734375 0.03203125 0.0203125
0 0.46875 0.12265625 0.0203125 0.015625
0 0.5375 0.059375 0.0203125 0.01171875
0 0.453125 0.134375 0.0328125 0.02890625
0 0.29453125 0.17734375 0.021875 0.01953125
0 0.36875 0.16171875 0.015625 0.01328125
0 0.32890625 0.3125 0.0265625 0.02734375
0 0.4640625 0.0953125 0.01953125 0.015625
0 0.5953125 0.09609375 0.03984375 0.025
0 0.30859375 0.103125 0.0328125 0.025
0 0.41953125 0.14296875 0.03125 0.02578125
0 0.584375 0.08671875 0.0421875 0.02890625
0 0.28984375 0.3953125 0.0390625 0.03828125
0 0.159375 0.3296875 0.0125 0.01484375
0 0.440625 0.23046875 0.03125 0.02890625
0 0.78046875 0.096875 0.02109375 0.021875
0 0.1921875 0.45 0.0203125 0.01875