0 0.73984375 0.6359375 0.02109375 0.021875
0 0.64921875 0.6390625 0.02734375 0.0265625
0 0.290625 0.81484375 0.0171875 0.01796875
0 0.225 0.74296875 0.01953125 0.0203125
0 0.80234375 0.803125 0.02109375 0.021875
0 0.1890625 0.8765625 0.021875 0.0203125
0 0.23671875 0.77421875 0.01875 0.01953125
0 0.42265625 0.83359375 0.01953125 0.01953125
0 0.21640625 0.396875 0.015625 0.01640625
0 0.1765625 0.334375 0.015625 0.015625
0 0.89921875 0.51484375 0.02109375 0.0203125
0 0.2 0.7734375 0.02109375 0.02109375
0 0.15859375 0.36015625 0.01328125 0.0140625
0 0.18125 0.39609375 0.01484375 0.015625
0 0.0921875 0.809375 0.0234375 0.02265625
0 0.159375 0.28984375 0.015625 0.015625
0 0.1578125 0.90234375 0.02734375 0.02578125
0 0.6703125 0.60234375 0.03046875 0.03046875
0 0.009375 0.678125 0.01484375 0.0171875
0 0.23671875 0.68828125 0.01796875 0.01875
0 0.79609375 0.87265625 0.02109375 0.0234375
0 0.0109375 0.4765625 0.0203125 0.025
0 0.38359375 0.8390625 0.0234375 0.021875
0 0.7609375 0.515625 0.0171875 0.01875
0 0.5234375 0.88671875 0.02890625 0.02734375
0 0.246875 0.634375 0.01640625 0.01796875
0 0.2125 0.63515625 0.028125 0.0296875
0 0.5 0.40234375 0.02265625 0.02109375
0 0.6578125 0.475 0.0265625 0.025
0 0.490625 0.73125 0.06796875 0.065625
0 0.25234375 0.3203125 0.01796875 0.01953125
0 0.02734375 0.2296875 0.01796875 0.01875
0 0.09453125 0.928125 0.021875 0.02265625
0 0.22734375 0.459375 0.01796875 0.01875
0 0.45546875 0.7671875 0.02734375 0.0265625
0 0.303125 0.8578125 0.01640625 0.0171875
0 0.7765625 0.940625 0.0265625 0.02421875
0 0.2046875 0.25234375 0.01640625 0.01796875
0 0.35546875 0.45 0.0140625 0.0140625
0 0.42890625 0.95234375 0.01953125 0.0203125
0 0.01796875 0.190625 0.01875 0.01953125
0 0.7875 0.68828125 0.0171875 0.01796875
0 0.2171875 0.834375 0.025 0.02421875
0 0.43359375 0.5515625 0.02890625 0.03046875
0 0.328125 0.9390625 0.0234375 0.025
0 0.37109375 0.56796875 0.0140625 0.0140625
0 0.7765625 0.6546875 0.02421875 0.02265625
0 0.65390625 0.9078125 0.01796875 0.01796875
0 0.9171875 0.7921875 0.0734375 0.07265625
0 0.34609375 0.8953125 0.02265625 0.02421875
0 0.428125 0.61015625 0.02109375 0.021875
0 0.87890625 0.83984375 0.03515625 0.034375
0 0.52421875 0.30625 0.01953125 0.01875
0 0.01328125 0.77109375 0.0265625 0.03359375
0 0.06328125 0.73125 0.025 0.028125
0 0.56171875 0.90546875 0.02578125 0.0234375
0 0.509375 0.2828125 0.01953125 0.01953125
0 0.02734375 0.9609375 0.01875 0.01875
0 0.52109375 0.959375 0.10078125 0.08046875
0 0.39140625 0.796875 0.05390625 0.04765625
0 0.478125 0.87890625 0.03515625 0.03203125
0 0.246875 0.81953125 0.046875 0.0390625
0 0.9484375 0.90234375 0.04140625 0.0421875
0 0.5796875 0.33125 0.03203125 0.0296875
0 0.63125 0.8421875 0.06875 0.05859375
0 0.57734375 0.95 0.0234375 0.01796875
0 0.16875 0.8078125 0.0609375 0.0578125
0 0.8171875 0.46328125 0.025 0.028125
0 0.109375 0.721875 0.03359375 0.03359375
0 0.5453125 0.8234375 0.04609375 0.0390625
0 0.36875 0.36484375 0.015625 0.0171875
0 0.4703125 0.9421875 0.01484375 0.015625
0 0.9703125 0.8640625 0.02578125 0.02734375
0 0.2421875 0.40390625 0.02265625 0.021875
0 0.4203125 0.32421875 0.02890625 0.028125
0 0.165625 0.71953125 0.06171875 0.05703125
0 0.34453125 0.6265625 0.0390625 0.03671875
0 0.17734375 0.50234375 0.01953125 0.02265625
0 0.925 0.65 0.12578125 0.1234375
0 0.63203125 0.73515625 0.01953125 0.02265625
0 0.36875 0.6984375 0.05703125 0.053125
0 0.1609375 0.853125 0.03671875 0.02890625
0 0.38515625 0.97734375 0.01953125 0.02265625
0 0.49375 0.60234375 0.06875 0.065625
0 0.71015625 0.73359375 0.04609375 0.04140625
0 0.75546875 0.57734375 0.03203125 0.03125
0 0.32578125 0.7703125 0.053125 0.05234375
0 0.2859375 0.5453125 0.02109375 0.02734375
0 0.2234375 0.428125 0.0203125 0.02109375
0 0.22265625 0.53515625 0.07421875 0.07109375
0 0.0953125 0.65546875 0.04765625 0.04609375
0 0.684375 0.75234375 0.10078125 0.0984375
0 0.053125 0.53046875 0.0390625 0.046875
0 0.1859375 0.95859375 0.01953125 0.01953125
0 0.6734375 0.2578125 0.02890625 0.03203125
0 0.98515625 0.50546875 0.02421875 0.025
0 0.58671875 0.75078125 0.03828125 0.0359375
0 0.69609375 0.2578125 0.03359375 0.03359375
0 0.03203125 0.1796875 0.0203125 0.0171875
0 0.26640625 0.35078125 0.040625 0.040625
0 0.44296875 0.67421875 0.03359375 0.034375
0 0.43125 0.8765625 0.04453125 0.04140625
0 0.6828125 0.67734375 0.0421875 0.0421875
0 0.9125 0.896875 0.0546875 0.05625
0 0.0203125 0.55234375 0.03828125 0.05703125
0 0.0734375 0.89375 0.0359375 0.0375
0 0.58046875 0.4859375 0.05 0.04765625
0 0.61328125 0.51484375 0.03125 0.02890625
0 0.16484375 0.9578125 0.02890625 0.02734375
0 0.3359375 0.70546875 0.04609375 0.04453125
0 0.8765625 0.44453125 0.0328125 0.03515625
0 0.25078125 0.4640625 0.08671875 0.0859375
0 0.978125 0.92265625 0.04296875 0.046875
0 0.01015625 0.9234375 0.01953125 0.025
0 0.06796875 0.10625 0.0328125 0.02890625
0 0.5453125 0.18671875 0.1078125 0.10078125
0 0.14921875 0.096875 0.0875 0.08125
0 0.15078125 0.17421875 0.0671875 0.065625
0 0.91328125 0.27265625 0.08671875 0.08828125
0 0.25390625 0.16875 0.09453125 0.06875
0 0.6171875 0.38046875 0.05 0.05
0 0.43828125 0.38828125 0.0703125 0.0703125
0 0.10390625 0.059375 0.05234375 0.04921875
0 0.29453125 0.23984375 0.11171875 0.10859375
0 0.303125 0.4109375 0.06015625 0.05859375
0 0.228125 0.0640625 0.04921875 0.04453125
0 0.26640625 0.0640625 0.040625 0.03984375
0 0.7078125 0.41875 0.04296875 0.04453125
0 0.71328125 0.178125 0.0453125 0.05390625
0 0.0625 0.3796875 0.0359375 0.0390625
0 0.78046875 0.24375 0.04453125 0.04609375
0 0.16484375 0.02734375 0.05 0.03828125