0 0.23984375 0.6921875 0.06796875 0.0609375
0 0.44140625 0.6109375 0.05859375 0.05703125
0 0.28515625 0.79765625 0.05546875 0.04375
0 0.79921875 0.45390625 0.06953125 0.078125
0 0.37734375 0.59375 0.040625 0.03828125
0 0.55 0.61015625 0.05234375 0.04765625
0 0.70703125 0.67578125 0.04296875 0.03828125
0 0.6828125 0.76875 0.0390625 0.0375
0 0.4203125 0.78359375 0.0359375 0.03515625
0 0.04140625 0.38359375 0.04375 0.05
0 0.33046875 0.6953125 0.05 0.0453125
0 0.26796875 0.88203125 0.03359375 0.0296875
0 0.6078125 0.7984375 0.05 0.046875
0 0.740625 0.659375 0.0375 0.0359375
0 0.778125 0.659375 0.040625 0.0390625
0 0.57421875 0.86796875 0.03515625 0.03046875
0 0.946875 0.3953125 0.046875 0.04921875
0 0.58125 0.67265625 0.04296875 0.040625
0 0.51640625 0.78984375 0.0359375 0.03203125
0 0.86328125 0.74140625 0.03828125 0.03828125
0 0.07890625 0.6828125 0.034375 0.03984375
0 0.090625 0.821875 0.040625 0.0390625
0 0.11640625 0.60234375 0.0328125 0.0375
0 0.65625 0.56796875 0.025 0.025
0 0.234375 0.853125 0.05234375 0.05078125
0 0.91796875 0.696875 0.0453125 0.04609375
0 0.75 0.5953125 0.0265625 0.0296875
0 0.92265625 0.7765625 0.03046875 0.03515625
0 0.9453125 0.68671875 0.03046875 0.03359375
0 0.1953125 0.4484375 0.05234375 0.05859375
0 0.26640625 0.9515625 0.046875 0.04375
0 0.59765625 0.9265625 0.04453125 0.0390625
0 0.11875 0.58125 0.0359375 0.040625
0 0.796875 0.7546875 0.0328125 0.03203125
0 0.8609375 0.84765625 0.02890625 0.028125
0 0.740625 0.83671875 0.03984375 0.03515625
0 0.11953125 0.64921875 0.02578125 0.02890625
0 0.54375 0.921875 0.05390625 0.0453125
0 0.815625 0.8 0.0453125 0.04140625
0 0.2546875 0.5046875 0.03671875 0.0359375
0 0.028125 0.33515625 0.03671875 0.040625
0 0.48515625 0.9171875 0.0375 0.03203125
0 0.165625 0.73125 0.09765625 0.09609375
0 0.40546875 0.7375 0.02578125 0.0234375
0 0.18984375 0.93828125 0.03359375 0.03203125
0 0.571875 0.75390625 0.034375 0.0328125
0 0.73671875 0.790625 0.03359375 0.03203125
0 0.971875 0.7140625 0.03828125 0.04765625
0 0.66328125 0.71328125 0.028125 0.02734375
0 0.83671875 0.11484375 0.03984375 0.03828125
0 0.1328125 0.41328125 0.08359375 0.09140625
0 0.76796875 0.9171875 0.03828125 0.03671875
0 0.025 0.596875 0.02578125 0.0328125
0 0.10546875 0.85859375 0.034375 0.0359375
0 0.9 0.253125 0.04609375 0.0515625
0 0.703125 0.50078125 0.04921875 0.04375
0 0.334375 0.81328125 0.05234375 0.05078125
0 0.0375 0.9484375 0.02734375 0.028125
0 0.17265625 0.90703125 0.0234375 0.0234375
0 0.32734375 0.8953125 0.02734375 0.0234375
0 0.31484375 0.565625 0.0265625 0.02421875
0 0.81171875 0.94453125 0.03203125 0.028125
0 0.721875 0.91015625 0.05078125 0.0453125
0 0.08515625 0.11171875 0.03515625 0.03359375
0 0.7328125 0.4359375 0.0515625 0.0515625
0 0.02578125 0.4359375 0.0359375 0.04296875
0 0.0359375 0.92265625 0.03515625 0.0359375
0 0.40390625 0.91875 0.0453125 0.0375
0 0.97109375 0.84609375 0.03984375 0.04140625
0 0.7734375 0.528125 0.0359375 0.03671875
0 0.4703125 0.68046875 0.0703125 0.0609375
0 0.54375 0.678125 0.06171875 0.05390625
0 0.825 0.6421875 0.028125 0.0296875
0 0.57890625 0.5453125 0.02578125 0.02265625
0 0.66875 0.62734375 0.025 0.025
0 0.128125 0.778125 0.0328125 0.034375
0 0.55390625 0.40078125 0.04296875 0.040625
0 0.11875 0.2859375 0.07578125 0.07890625
0 0.11640625 0.96015625 0.0328125 0.02890625
0 0.55390625 0.7828125 0.05 0.0453125
0 0.81015625 0.85859375 0.071875 0.06328125
0 0.9515625 0.615625 0.0234375 0.025
0 0.88203125 0.57890625 0.02265625 0.0234375
0 0.27421875 0.62265625 0.03203125 0.02578125
0 0.5375 0.571875 0.046875 0.034375
0 0.8375 0.915625 0.02265625 0.021875
0 0.76015625 0.47734375 0.021875 0.0265625
0 0.94453125 0.9640625 0.03046875 0.0296875
0 0.70234375 0.640625 0.0375 0.03515625
0 0.4546875 0.58125 0.02734375 0.025
0 0.91796875 0.7484375 0.02265625 0.02578125
0 0.6703125 0.96953125 0.0265625 0.02265625
0 0.9078125 0.9453125 0.01875 0.01875
0 0.55546875 0.45078125 0.03359375 0.0390625
0 0.10078125 0.1828125 0.01796875 0.01953125
0 0.9828125 0.4140625 0.034375 0.05
0 0.175 0.984375 0.03046875 0.02265625
0 0.6828125 0.0515625 0.0453125 0.03671875
0 0.62890625 0.93671875 0.0265625 0.025
0 0.76953125 0.55390625 0.0265625 0.02734375
0 0.54765625 0.97265625 0.02578125 0.01953125
0 0.06875 0.97265625 0.04765625 0.03828125
0 0.32890625 0.35 0.04921875 0.0578125
0 0.6203125 0.53359375 0.0203125 0.01875
0 0.41796875 0.9796875 0.04296875 0.0296875
0 0.94765625 0.88359375 0.02734375 0.02734375