0 0.47109375 0.71953125 0.0296875 0.03828125
0 0.30390625 0.3625 0.05390625 0.07109375
0 0.36796875 0.3125 0.03671875 0.03984375
0 0.3359375 0.10703125 0.04375 0.07265625
0 0.540625 0.12890625 0.07265625 0.034375
0 0.53125 0.1921875 0.05390625 0.05859375
0 0.203125 0.39375 0.034375 0.034375
0 0.1328125 0.3875 0.03828125 0.0453125
0 0.1984375 0.55625 0.03515625 0.05234375
1 0.396875 0.4109375 0.04375 0.05859375
1 0.38671875 0.1921875 0.03828125 0.05
1 0.2609375 0.54296875 0.04140625 0.06953125
1 0.38828125 0.79375 0.03828125 0.03984375
1 0.425 0.828125 0.02578125 0.03984375
1 0.3234375 0.6546875 0.04375 0.04296875
0 0.45625 0.58828125 0.03984375 0.04296875
0 0.4640625 0.74921875 0.0203125 0.01953125
0 0.64375 0.56640625 0.02265625 0.02109375
0 0.721875 0.1546875 0.028125 0.0234375
0 0.64140625 0.17734375 0.0203125 0.0171875
0 0.45625 0.31171875 0.0671875 0.09921875
0 0.5296875 0.6609375 0.03671875 0.0359375
0 0.69296875 0.33671875 0.0421875 0.04140625
0 0.37578125 0.71640625 0.01484375 0.0140625
0 0.415625 0.2375 0.02890625 0.02421875
1 0.30390625 0.2984375 0.01796875 0.03515625
0 0.671875 0.875 0.02890625 0.02265625
0 0.2984375 0.40859375 0.0953125 0.0984375
0 0.3671875 0.35390625 0.01796875 0.01796875
0 0.72578125 0.72734375 0.015625 0.0140625
0 0.8796875 0.44921875 0.0234375 0.021875
0 0.8625 0.815625 0.028125 0.0234375
0 0.6140625 0.61328125 0.0296875 0.01875
0 0.5609375 0.7921875 0.03125 0.04140625
0 0.73046875 0.5265625 0.03125 0.075
0 0.675 0.53828125 0.028125 0.03671875
0 0.53984375 0.55859375 0.03984375 0.03984375
0 0.7 0.2859375 0.03984375 0.04140625