0 0.6734375 0.78125 0.325 0.290625
0 0.00078125 0.00234375 0.0015625 0.0015625
0 0.85078125 0.03359375 0.034375 0.0296875
0 0.85546875 0.4015625 0.0359375 0.034375
0 0.76953125 0.19375 0.0875 0.0796875
0 0.67890625 0.14453125 0.0359375 0.034375
0 0.3703125 0.3328125 0.0265625 0.0234375
0 0.03828125 0.12890625 0.0296875 0.0265625
0 0.11796875 0.303125 0.0265625 0.0234375
0 0.3578125 0.39921875 0.03125 0.0296875
0 0.0765625 0.0671875 0.03125 0.0296875
0 0.2296875 0.20078125 0.0890625 0.0796875
0 0.05078125 0.81953125 0.034375 0.03125
0 0.08046875 0.56484375 0.028125 0.0265625
0 0.5953125 0.94609375 0.0359375 0.034375
0 0.64921875 0.5609375 0.1703125 0.153125
0 0.765625 0.56953125 0.0828125 0.075
0 0.87890625 0.67890625 0.1375 0.121875
0 0.8375 0.73671875 0.084375 0.0765625
0 0.91484375 0.7796875 0.11875 0.10625
0 0.96171875 0.5921875 0.053125 0.0484375
0 0.85703125 0.50703125 0.034375 0.0296875
0 0.1046875 0.52734375 0.0359375 0.034375
0 0.790625 0.015625 0.0484375 0.03125
0 0.8734375 0.27421875 0.053125 0.0484375
0 0.9078125 0.31953125 0.0484375 0.04375
0 0.95546875 0.18125 0.0296875 0.0265625
0 0.59375 0.2203125 0.0578125 0.053125
0 0.54453125 0.19453125 0.053125 0.0484375
0 0.865625 0.18359375 0.040625 0.0390625
0 0.9484375 0.2171875 0.0484375 0.0453125
0 0.9828125 0.22265625 0.034375 0.03125
0 0.90859375 0.359375 0.03125 0.0296875
0 0.1515625 0.271875 0.0328125 0.0296875
0 0.2859375 0.55078125 0.0296875 0.0265625
0 0.71171875 0.92578125 0.09375 0.084375