0 0.0734375 0.3296875 0.0515625 0.0453125
0 0.24609375 0.26171875 0.1421875 0.1296875
0 0.11796875 0.08203125 0.1875 0.1640625
0 0.02421875 0.521875 0.0296875 0.0265625
0 0.49296875 0.07421875 0.0265625 0.025
0 0.9640625 0.15390625 0.0453125 0.040625
0 0.8796875 0.2359375 0.040625 0.0359375
0 0.72265625 0.34609375 0.053125 0.0484375
0 0.63828125 0.5421875 0.03125 0.028125
0 0.546875 0.58671875 0.0296875 0.0265625
0 0.84609375 0.55859375 0.0296875 0.0265625
0 0.63359375 0.19453125 0.0671875 0.0625
0 0.45703125 0.1734375 0.065625 0.0578125
0 0.39921875 0.22578125 0.0578125 0.053125
0 0.3546875 0.25390625 0.0703125 0.065625
0 0.81640625 0.678125 0.0390625 0.034375
0 0.74765625 0.74296875 0.040625 0.0390625
0 0.521875 0.67890625 0.0453125 0.040625
0 0.45546875 0.78125 0.0625 0.0578125
0 0.48671875 0.8171875 0.05625 0.0515625
0 0.984375 0.11640625 0.03125 0.0359375
0 0.89921875 0.11328125 0.0359375 0.034375
0 0.91484375 0.23828125 0.071875 0.0671875
0 0.88671875 0.2921875 0.034375 0.03125
0 0.1046875 0.81640625 0.0296875 0.0265625