0 0.13203125 0.21875 0.2640625 0.4140625
0 0.00078125 0.00234375 0.0015625 0.0015625
0 0.95546875 0.4578125 0.0625 0.053125
0 0.74375 0.49609375 0.0578125 0.0484375
0 0.60546875 0.88125 0.0453125 0.0390625
0 0.5625 0.8390625 0.034375 0.0296875
0 0.3921875 0.9 0.03125 0.0265625
0 0.42890625 0.91328125 0.0359375 0.0296875
0 0.140625 0.3640625 0.0390625 0.03125
0 0.103125 0.38671875 0.0484375 0.0390625
0 0.06953125 0.42890625 0.065625 0.053125
0 0.1625 0.5328125 0.03125 0.0265625
0 0.2234375 0.64765625 0.0609375 0.0515625
0 0.4171875 0.4828125 0.0484375 0.040625
0 0.63828125 0.44921875 0.0390625 0.034375
0 0.5921875 0.421875 0.075 0.0625
0 0.53359375 0.54296875 0.040625 0.034375
0 0.60078125 0.64296875 0.03125 0.0265625
0 0.83671875 0.64296875 0.0359375 0.03125
0 0.60703125 0.31875 0.05625 0.0484375
0 0.6 0.34765625 0.0484375 0.040625
0 0.6 0.384375 0.0578125 0.0484375
0 0.67578125 0.13125 0.03125 0.0265625
0 0.80859375 0.16796875 0.03125 0.0265625
0 0.665625 0.01953125 0.0515625 0.0390625
0 0.5609375 0.04453125 0.1640625 0.0890625
0 0.44609375 0.084375 0.1109375 0.090625
0 0.521875 0.15859375 0.2578125 0.2140625
0 0.353125 0.24140625 0.0890625 0.075
0 0.98515625 0.08203125 0.0296875 0.0265625