0 0.928125 0.5375 0.03125 0.03125
0 0.95078125 0.915625 0.0578125 0.0578125
0 0.6109375 0.9875 0.03125 0.025
0 0.5140625 0.95546875 0.0390625 0.0390625
0 0.63125 0.84140625 0.0359375 0.0359375
0 0.85 0.81953125 0.0265625 0.0265625
0 0.8765625 0.83046875 0.0296875 0.0296875
0 0.2796875 0.896875 0.0296875 0.0296875
0 0.21015625 0.8765625 0.0390625 0.0390625
0 0.21171875 0.9421875 0.0328125 0.034375
0 0.0984375 0.79453125 0.040625 0.040625
0 0.08984375 0.8171875 0.0296875 0.0296875
0 0.0796875 0.83203125 0.03125 0.0296875
0 0.171875 0.671875 0.053125 0.0515625
0 0.15625 0.7015625 0.05625 0.05625
0 0.26171875 0.4828125 0.0265625 0.0265625
0 0.4125 0.646875 0.03125 0.03125
0 0.37890625 0.69609375 0.03125 0.03125
0 0.0890625 0.16328125 0.0265625 0.0265625
0 0.2171875 0.209375 0.0484375 0.0453125
0 0.234375 0.2515625 0.04375 0.04375
0 0.3109375 0.18984375 0.0296875 0.0296875
0 0.62734375 0.20703125 0.0359375 0.0359375
0 0.63359375 0.4515625 0.03125 0.03125
0 0.9625 0.3609375 0.025 0.0234375
0 0.00234375 0.00078125 0.0015625 0.0015625
0 0.140625 0.10546875 0.0296875 0.0296875
0 0.0875 0.321875 0.0265625 0.0265625
0 0.26171875 0.16484375 0.0359375 0.0359375
0 0.43359375 0.24140625 0.0359375 0.034375
0 0.4734375 0.23828125 0.03125 0.03125
0 0.46171875 0.271875 0.03125 0.03125
0 0.515625 0.18125 0.0296875 0.0296875
0 0.6546875 0.08046875 0.040625 0.040625
0 0.97109375 0.4046875 0.0359375 0.0359375