0 0.0015625 0.0015625 0.0015625 0.0015625
0 0.67421875 0.20703125 0.34375 0.2671875
0 0.1703125 0.46640625 0.340625 0.5234375
0 0.1765625 0.6609375 0.353125 0.35625
0 0.50234375 0.865625 0.0515625 0.040625
0 0.51953125 0.8265625 0.0359375 0.0296875
0 0.703125 0.78515625 0.075 0.0578125
0 0.91796875 0.24375 0.0703125 0.053125
0 0.72265625 0.353125 0.1109375 0.0859375
0 0.90234375 0.5453125 0.1953125 0.15625
0 0.00234375 0.00078125 0.0015625 0.0015625
0 0.71171875 0.01796875 0.040625 0.03125
0 0.90234375 0.2046875 0.0390625 0.0296875
0 0.5515625 0.05078125 0.1703125 0.1015625
0 0.2484375 0.134375 0.04375 0.0328125
0 0.5796875 0.38671875 0.075 0.0578125
0 0.4484375 0.41328125 0.075 0.0578125
0 0.43359375 0.5328125 0.0453125 0.0359375
0 0.16328125 0.48671875 0.03125 0.025
0 0.08984375 0.6625 0.0484375 0.0390625
0 0.084375 0.28125 0.0671875 0.053125
0 0.09609375 0.1578125 0.034375 0.0265625
0 0.07421875 0.203125 0.0625 0.0484375
0 0.6265625 0.36171875 0.5390625 0.41875
0 0.25703125 0.13359375 0.2078125 0.1609375