0 0.1203125 0.634375 0.240625 0.275
0 0.0015625 0.0015625 0.003125 0.003125
0 0.928125 0.19921875 0.04375 0.034375
0 0.97734375 0.271875 0.040625 0.0328125
0 0.98515625 0.6484375 0.0296875 0.028125
0 0.8484375 0.4796875 0.0359375 0.0296875
0 0.69921875 0.48203125 0.04375 0.034375
0 0.71640625 0.46875 0.034375 0.0296875
0 0.615625 0.40390625 0.034375 0.0265625
0 0.5359375 0.40234375 0.0578125 0.0453125
0 0.33671875 0.5734375 0.0484375 0.0390625
0 0.28359375 0.65234375 0.0359375 0.0296875
0 0.3265625 0.40390625 0.2390625 0.1921875
0 0.86328125 0.66484375 0.03125 0.0265625
0 0.86875 0.30625 0.03125 0.0265625
0 0.83046875 0.296875 0.0390625 0.03125
0 0.796875 0.26171875 0.03125 0.0265625
0 0.396875 0.23671875 0.0359375 0.0296875
0 0.50859375 0.078125 0.065625 0.053125
0 0.4515625 0.01328125 0.0515625 0.0265625
0 0.43359375 0.32578125 0.034375 0.0265625
0 0.2015625 0.146875 0.18125 0.146875
0 0.209375 0.73046875 0.0515625 0.040625
0 0.91484375 0.8328125 0.0515625 0.040625
0 0.79296875 0.78359375 0.0515625 0.040625
0 0.75234375 0.765625 0.0484375 0.0390625
0 0.9265625 0.67890625 0.034375 0.028125
0 0.728125 0.7390625 0.0359375 0.028125