0 0.6765625 0.44921875 0.596875 0.5609375
0 0.74140625 0.3171875 0.0265625 0.0265625
0 0.6609375 0.546875 0.03125 0.03125
0 0.61171875 0.75859375 0.0390625 0.0359375
0 0.78984375 0.7296875 0.03125 0.028125
0 0.4796875 0.734375 0.065625 0.0609375
0 0.4203125 0.7703125 0.0296875 0.0265625
0 0.4171875 0.7046875 0.0296875 0.0265625
0 0.8484375 0.2015625 0.0265625 0.0265625
0 0.43984375 0.17578125 0.034375 0.03125
0 0.578125 0.0640625 0.0359375 0.034375
0 0.77734375 0.33671875 0.0484375 0.0453125
0 0.5265625 0.41328125 0.0265625 0.025
0 0.525 0.43359375 0.028125 0.0296875
0 0.39453125 0.41484375 0.0359375 0.034375
0 0.22265625 0.328125 0.0359375 0.034375
0 0.2359375 0.4203125 0.2046875 0.1921875
0 0.0828125 0.4484375 0.103125 0.0984375
0 0.13203125 0.49296875 0.05625 0.0515625
0 0.11640625 0.64296875 0.065625 0.0625
0 0.1890625 0.328125 0.334375 0.315625
0 0.36171875 0.30859375 0.0828125 0.0765625
0 0.3578125 0.37734375 0.0578125 0.05625
0 0.35546875 0.421875 0.0390625 0.0359375
0 0.1734375 0.63203125 0.05625 0.053125
0 0.09609375 0.49296875 0.1875 0.1765625
0 0.08671875 0.60234375 0.0609375 0.0546875
0 0.19921875 0.6859375 0.0703125 0.0671875
0 0.0109375 0.75390625 0.021875 0.034375
0 0.11640625 0.76953125 0.0265625 0.0265625
0 0.321875 0.65625 0.0359375 0.034375
0 0.00859375 0.0453125 0.0171875 0.03125
0 0.0765625 0.1703125 0.153125 0.25
0 0.23828125 0.025 0.0265625 0.025
0 0.171875 0.0140625 0.0265625 0.025
0 0.36875 0.1984375 0.0265625 0.025
0 0.0578125 0.853125 0.115625 0.11875
0 0.15234375 0.91484375 0.1828125 0.1703125
0 0.0359375 0.646875 0.071875 0.1078125
0 0.1359375 0.6890625 0.0296875 0.0265625
0 0.35234375 0.85234375 0.04375 0.040625
0 0.334375 0.81484375 0.0484375 0.0453125
0 0.6828125 0.89921875 0.040625 0.0390625
0 0.5421875 0.9875 0.03125 0.025
0 0.8078125 0.8859375 0.04375 0.040625
0 0.79453125 0.771875 0.115625 0.1078125
0 0.890625 0.796875 0.084375 0.0796875
0 0.921875 0.74609375 0.0390625 0.0359375
0 0.91953125 0.853125 0.04375 0.040625
0 0.115625 0.7671875 0.190625 0.178125