0 0.03125 0.6359375 0.0453125 0.0390625
0 0.03125 0.78515625 0.0625 0.0609375
0 0.12109375 0.53515625 0.0296875 0.025
0 0.0796875 0.5578125 0.0484375 0.040625
0 0.1609375 0.5109375 0.1296875 0.1109375
0 0.1109375 0.4625 0.1203125 0.1015625
0 0.0140625 0.540625 0.028125 0.03125
0 0.30546875 0.41953125 0.10625 0.0921875
0 0.28828125 0.46640625 0.03125 0.0265625
0 0.328125 0.47265625 0.034375 0.0296875
0 0.4671875 0.47578125 0.071875 0.0609375
0 0.3703125 0.60234375 0.0453125 0.0390625
0 0.4078125 0.6203125 0.0671875 0.0578125
0 0.55859375 0.6890625 0.10625 0.0890625
0 0.54921875 0.790625 0.0703125 0.059375
0 0.53125 0.8703125 0.05625 0.0484375
0 0.42578125 0.95078125 0.0609375 0.0515625
0 0.6046875 0.790625 0.0359375 0.03125
0 0.6875 0.88359375 0.0875 0.075
0 0.74296875 0.9546875 0.0515625 0.04375
0 0.49375 0.6546875 0.040625 0.0359375
0 0.2921875 0.77265625 0.534375 0.4546875
0 0.88125 0.5953125 0.03125 0.0265625
0 0.8890625 0.62109375 0.034375 0.0296875
0 0.95078125 0.65 0.0625 0.053125
0 0.9046875 0.86171875 0.1859375 0.15625
0 0.725 0.8265625 0.03125 0.0265625
0 0.67421875 0.7515625 0.1421875 0.1203125
0 0.9359375 0.23203125 0.0875 0.071875
0 0.88359375 0.25390625 0.0578125 0.0484375
0 0.9203125 0.3421875 0.0609375 0.053125
0 0.9640625 0.43125 0.0390625 0.034375
0 0.83671875 0.3796875 0.0390625 0.034375
0 0.72265625 0.44140625 0.034375 0.0296875
0 0.74296875 0.26171875 0.03125 0.0265625
0 0.75859375 0.2125 0.0359375 0.03125
0 0.62109375 0.353125 0.0796875 0.0671875
0 0.5015625 0.36640625 0.0890625 0.075
0 0.484375 0.41796875 0.0484375 0.040625
0 0.74296875 0.13359375 0.0453125 0.0375
0 0.74375 0.1828125 0.04375 0.0359375
0 0.86875 0.14296875 0.0703125 0.0609375
0 0.73125 0.0140625 0.04375 0.028125
0 0.64921875 0.0453125 0.0390625 0.03125
0 0.49375 0.12109375 0.196875 0.165625
0 0.2609375 0.24296875 0.0890625 0.075
0 0.02734375 0.10234375 0.0359375 0.03125
0 0.0140625 0.07578125 0.028125 0.0359375
0 0.071875 0.14921875 0.14375 0.2203125
0 0.68359375 0.6921875 0.2546875 0.2171875