0 0.1625 0.3953125 0.325 0.3796875
0 0.28828125 0.75859375 0.346875 0.325
0 0.36875 0.9703125 0.0296875 0.0265625
0 0.56640625 0.6203125 0.0515625 0.0484375
0 0.53125 0.74140625 0.1421875 0.134375
0 0.00234375 0.00234375 0.0015625 0.0015625
0 0.4328125 0.53515625 0.3203125 0.2984375
0 0.2828125 0.428125 0.04375 0.040625
0 0.38125 0.2328125 0.040625 0.0390625
0 0.35078125 0.25703125 0.03125 0.0296875
0 0.83046875 0.40390625 0.0390625 0.0359375
0 0.78125 0.6234375 0.2 0.1875
0 0.8796875 0.79453125 0.0390625 0.0359375
0 0.8796875 0.8296875 0.0265625 0.025
0 0.890625 0.8578125 0.0390625 0.0359375
0 0.66953125 0.0765625 0.0515625 0.0484375
0 0.6609375 0.05078125 0.034375 0.03125
0 0.36171875 0.0328125 0.04375 0.040625
0 0.240625 0.1625 0.0296875 0.0265625
0 0.0671875 0.1890625 0.134375 0.165625
0 0.7953125 0.38125 0.125 0.115625
0 0.39765625 0.12109375 0.0703125 0.065625