0 0.18359375 0.125 0.3671875 0.25
0 0.0015625 0.0015625 0.003125 0.003125
0 0.2671875 0.978125 0.0515625 0.04375
0 0.05078125 0.2484375 0.0359375 0.03125
0 0.1765625 0.31484375 0.03125 0.0265625
0 0.2296875 0.25859375 0.034375 0.0296875
0 0.16328125 0.3765625 0.0515625 0.0453125
0 0.08203125 0.4109375 0.03125 0.0296875
0 0.10546875 0.4515625 0.146875 0.128125
0 0.07109375 0.3140625 0.04375 0.0390625
0 0.12265625 0.58515625 0.134375 0.1171875
0 0.06875 0.65625 0.05625 0.0484375
0 0.0734375 0.6875 0.04375 0.0390625
0 0.196875 0.65390625 0.0796875 0.0703125
0 0.19375 0.71171875 0.04375 0.0390625
0 0.12265625 0.665625 0.0453125 0.040625
0 0.165625 0.78828125 0.0328125 0.028125
0 0.34609375 0.16328125 0.0359375 0.03125
0 0.26328125 0.1703125 0.0296875 0.025
0 0.265625 0.5671875 0.2390625 0.2078125
0 0.6421875 0.703125 0.0359375 0.034375
0 0.65625 0.65390625 0.040625 0.0359375
0 0.6390625 0.6234375 0.028125 0.0265625
0 0.6 0.62265625 0.034375 0.028125
0 0.8796875 0.80625 0.034375 0.028125
0 0.8390625 0.87890625 0.0390625 0.034375
0 0.86796875 0.9109375 0.03125 0.0265625
0 0.859375 0.953125 0.0390625 0.034375
0 0.75390625 0.921875 0.0359375 0.03125
0 0.61328125 0.94140625 0.053125 0.0453125
0 0.66015625 0.78828125 0.0296875 0.0234375
0 0.78359375 0.92890625 0.034375 0.03125
0 0.84140625 0.45078125 0.0359375 0.03125
0 0.9484375 0.490625 0.03125 0.0265625
0 0.77890625 0.6265625 0.059375 0.053125
0 0.00234375 0.00078125 0.0015625 0.0015625
0 0.36171875 0.2234375 0.0390625 0.034375
0 0.2140625 0.334375 0.0671875 0.0609375
0 0.984375 0.0625 0.03125 0.03125