0 0.56484375 0.72578125 0.25 0.2390625
0 0.8640625 0.6984375 0.0265625 0.0234375
0 0.79453125 0.69453125 0.040625 0.0390625
0 0.77734375 0.9125 0.0296875 0.0265625
0 0.7046875 0.75703125 0.0265625 0.0234375
0 0.35703125 0.8890625 0.03125 0.0296875
0 0.37734375 0.7390625 0.0296875 0.0265625
0 0.38125 0.70546875 0.0265625 0.025
0 0.64921875 0.18984375 0.0359375 0.0328125
0 0.55859375 0.4171875 0.0296875 0.0265625
0 0.5015625 0.48828125 0.0390625 0.0359375
0 0.3734375 0.56015625 0.0390625 0.0390625
0 0.5 0.16796875 0.0296875 0.0265625
0 0.52734375 0.19375 0.0265625 0.0265625
0 0.1359375 0.1671875 0.0265625 0.0265625
0 0.08671875 0.20703125 0.03125 0.0296875
0 0.2125 0.56640625 0.034375 0.03125
0 0.2328125 0.84375 0.0265625 0.0265625
0 0.3859375 0.89453125 0.0390625 0.0359375
0 0.2390625 0.01171875 0.040625 0.0234375
0 0.8703125 0.1421875 0.0265625 0.025
0 0.9796875 0.04296875 0.0296875 0.0265625
0 0.88125 0.05546875 0.0359375 0.034375
0 0.7828125 0.0140625 0.0265625 0.0265625
0 0.88828125 0.09140625 0.03125 0.03125
0 0.78828125 0.8375 0.0265625 0.0265625
0 0.6453125 0.396875 0.040625 0.0390625
0 0.946875 0.18359375 0.0265625 0.0265625
0 0.37890625 0.31015625 0.0265625 0.0265625
0 0.4078125 0.3140625 0.0515625 0.0484375
0 0.4328125 0.38125 0.0671875 0.065625
0 0.1859375 0.6859375 0.05625 0.053125
0 0.5734375 0.0453125 0.03125 0.0296875
0 0.80390625 0.14921875 0.028125 0.0265625