0 0.896875 0.0625 0.071875 0.053125
0 0.66796875 0.45546875 0.0390625 0.0296875
0 0.80859375 0.478125 0.034375 0.025
0 0.046875 0.75859375 0.09375 0.0796875
0 0.2140625 0.6359375 0.0359375 0.0265625
0 0.20078125 0.55859375 0.0484375 0.0359375
0 0.31875 0.60703125 0.0671875 0.0515625
0 0.271875 0.89765625 0.0515625 0.0390625
0 0.303125 0.86796875 0.0359375 0.0265625
0 0.47578125 0.9484375 0.0671875 0.0515625
0 0.41953125 0.97265625 0.034375 0.025
0 0.8890625 0.79453125 0.0875 0.065625
0 0.959375 0.64296875 0.0359375 0.0265625
0 0.9171875 0.93515625 0.053125 0.0390625
0 0.8921875 0.98046875 0.0359375 0.0265625
0 0.86640625 0.959375 0.0609375 0.0453125