0 0.26953125 0.04921875 0.03125 0.0265625
0 0.2140625 0.23828125 0.034375 0.0265625
0 0.1390625 0.4953125 0.034375 0.0265625
0 0.109375 0.5203125 0.0578125 0.0484375
0 0.2203125 0.41484375 0.0515625 0.040625
0 0.07421875 0.5515625 0.0359375 0.028125
0 0.03515625 0.578125 0.0703125 0.0578125
0 0.21484375 0.5953125 0.03125 0.0265625
0 0.21875 0.56875 0.03125 0.0265625
0 0.61640625 0.65625 0.0390625 0.03125
0 0.48203125 0.72578125 0.04375 0.0359375
0 0.13671875 0.803125 0.03125 0.0265625
0 0.053125 0.81640625 0.0296875 0.025
0 0.0375 0.83671875 0.034375 0.0296875
0 0.259375 0.81015625 0.0796875 0.065625
0 0.19140625 0.7953125 0.0484375 0.040625
0 0.25703125 0.63828125 0.040625 0.034375
0 0.72265625 0.1671875 0.034375 0.0296875
0 0.75390625 0.23046875 0.034375 0.0265625
0 0.803125 0.36171875 0.0765625 0.0640625
0 0.8140625 0.30546875 0.03125 0.0265625
0 0.7671875 0.53828125 0.04375 0.0359375
0 0.61328125 0.5796875 0.0359375 0.028125
0 0.2296875 0.5359375 0.053125 0.0453125
0 0.9515625 0.25 0.0359375 0.03125
0 0.8796875 0.12109375 0.0296875 0.025
0 0.93125 0.85078125 0.0296875 0.025
0 0.73671875 0.984375 0.04375 0.03125
0 0.45078125 0.89765625 0.0359375 0.0296875
0 0.5109375 0.90390625 0.04375 0.0359375
0 0.34609375 0.975 0.0296875 0.025
0 0.82109375 0.58671875 0.034375 0.028125
0 0.90234375 0.58515625 0.0390625 0.03125
0 0.30859375 0.9046875 0.134375 0.1109375
0 0.86328125 0.46640625 0.0390625 0.03125