0 0.88203125 0.51796875 0.034375 0.034375
0 0.93046875 0.62265625 0.0265625 0.025
0 0.98515625 0.678125 0.0296875 0.03125
0 0.7859375 0.55546875 0.03125 0.03125
0 0.79921875 0.56875 0.0265625 0.025
0 0.3953125 0.55546875 0.0453125 0.04375
0 0.3421875 0.69375 0.0328125 0.03125
0 0.3546875 0.71015625 0.034375 0.034375
0 0.2296875 0.13828125 0.034375 0.03125
0 0.07109375 0.88359375 0.034375 0.034375
0 0.215625 0.971875 0.065625 0.05625
0 0.2703125 0.853125 0.0296875 0.0296875
0 0.53515625 0.91796875 0.0359375 0.0359375
0 0.59375 0.76328125 0.0265625 0.0265625
0 0.8734375 0.828125 0.03125 0.03125
0 0.915625 0.7515625 0.03125 0.028125