0 0.03125 0.25625 0.053125 0.0515625
0 0.09765625 0.18359375 0.0453125 0.04375
0 0.40859375 0.1 0.03125 0.028125
0 0.7953125 0.0609375 0.040625 0.040625
0 0.98984375 0.38671875 0.0203125 0.0265625
0 0.8859375 0.38828125 0.0453125 0.0453125
0 0.94609375 0.5671875 0.034375 0.03125
0 0.84375 0.43984375 0.0296875 0.0265625
0 0.8171875 0.3015625 0.034375 0.03125
0 0.84140625 0.6625 0.0296875 0.0265625
0 0.65625 0.7015625 0.05625 0.053125
0 0.7234375 0.68515625 0.0265625 0.025
0 0.7453125 0.68125 0.0265625 0.025
0 0.4515625 0.6546875 0.0484375 0.0453125
0 0.48671875 0.78125 0.028125 0.0265625
0 0.50625 0.8703125 0.034375 0.034375
0 0.4125 0.83671875 0.0515625 0.0484375
0 0.39921875 0.86875 0.0359375 0.034375
0 0.3703125 0.89921875 0.0296875 0.0265625
0 0.353125 0.91328125 0.0390625 0.0390625
0 0.43515625 0.91328125 0.1765625 0.16875
0 0.65625 0.5515625 0.0359375 0.034375
0 0.63125 0.5734375 0.034375 0.034375
0 0.59375 0.59375 0.034375 0.03125
0 0.30859375 0.44140625 0.0296875 0.0296875
0 0.1984375 0.5953125 0.0296875 0.0265625
0 0.234375 0.75703125 0.04375 0.040625
0 0.05859375 0.796875 0.034375 0.034375
0 0.18359375 0.13125 0.034375 0.03125
0 0.0453125 0.64296875 0.0296875 0.028125