0 0.2546875 0.93515625 0.0578125 0.0578125
0 0.35234375 0.91328125 0.096875 0.096875
0 0.6109375 0.8484375 0.0390625 0.0390625
0 0.56953125 0.9078125 0.034375 0.034375
0 0.53359375 0.93515625 0.03125 0.03125
0 0.6546875 0.81015625 0.0265625 0.0265625
0 0.56484375 0.76328125 0.040625 0.040625
0 0.5203125 0.75625 0.0484375 0.0484375
0 0.51171875 0.7234375 0.0296875 0.028125
0 0.55078125 0.72265625 0.04375 0.04375
0 0.60546875 0.72109375 0.0828125 0.0828125
0 0.6578125 0.8078125 0.121875 0.121875
0 0.640625 0.77734375 0.0265625 0.0265625
0 0.60078125 0.6390625 0.03125 0.03125
0 0.546875 0.63828125 0.03125 0.03125
0 0.51796875 0.65859375 0.0390625 0.0390625
0 0.5109375 0.6390625 0.0296875 0.028125
0 0.37109375 0.6515625 0.125 0.121875
0 0.32421875 0.56953125 0.0453125 0.0453125
0 0.96953125 0.82890625 0.0609375 0.0671875
0 0.90390625 0.79921875 0.0265625 0.0265625
0 0.9828125 0.43515625 0.0265625 0.0265625
0 0.859375 0.45078125 0.065625 0.065625
0 0.66484375 0.47109375 0.0359375 0.0359375
0 0.646875 0.48203125 0.03125 0.03125
0 0.5875 0.43515625 0.0875 0.0859375
0 0.49609375 0.525 0.0453125 0.0453125
0 0.66328125 0.74765625 0.0390625 0.0390625
0 0.665625 0.52890625 0.0265625 0.0265625
0 0.80078125 0.75703125 0.040625 0.040625
0 0.75625 0.8125 0.0828125 0.0828125
0 0.81484375 0.834375 0.0515625 0.0484375
0 0.8953125 0.740625 0.1390625 0.1375
0 0.97265625 0.709375 0.0296875 0.028125
0 0.68359375 0.9109375 0.0265625 0.0265625
0 0.81015625 0.290625 0.0359375 0.0359375
0 0.7328125 0.3703125 0.034375 0.034375
0 0.678125 0.33984375 0.034375 0.034375
0 0.634375 0.38359375 0.0390625 0.0390625
0 0.59765625 0.359375 0.0359375 0.0359375
0 0.6875 0.3234375 0.0765625 0.075
0 0.759375 0.05078125 0.04375 0.040625
0 0.590625 0.01171875 0.025 0.0234375
0 0.56953125 0.07421875 0.0265625 0.0265625
0 0.5046875 0.10078125 0.0796875 0.0765625
0 0.803125 0.33515625 0.0265625 0.0265625
0 0.5 0.34765625 0.0265625 0.0265625
0 0.3578125 0.3390625 0.0515625 0.0515625
0 0.35546875 0.384375 0.0578125 0.0546875
0 0.29453125 0.2828125 0.0609375 0.0609375
0 0.26171875 0.35546875 0.0390625 0.0390625
0 0.22578125 0.36640625 0.0265625 0.0265625
0 0.2125 0.38203125 0.0296875 0.0296875
0 0.19140625 0.36328125 0.034375 0.034375
0 0.21015625 0.3234375 0.0515625 0.0515625
0 0.15 0.33515625 0.0453125 0.0453125
0 0.390625 0.11875 0.034375 0.0328125
0 0.35546875 0.1421875 0.0484375 0.0484375
0 0.37890625 0.04296875 0.0453125 0.0453125
0 0.43515625 0.00703125 0.0296875 0.0140625
0 0.4171875 0.021875 0.0453125 0.04375
0 0.1234375 0.12265625 0.0609375 0.0609375
0 0.228125 0.06953125 0.040625 0.040625
0 0.04453125 0.68046875 0.065625 0.065625
0 0.04453125 0.75390625 0.0890625 0.0890625
0 0.12734375 0.61171875 0.0359375 0.0359375
0 0.22578125 0.62734375 0.0296875 0.028125
0 0.13203125 0.4359375 0.0359375 0.0359375
0 0.12890625 0.3859375 0.0671875 0.0671875
0 0.01328125 0.60703125 0.0265625 0.0359375
0 0.4890625 0.25234375 0.04375 0.04375
0 0.4125 0.30390625 0.03125 0.03125
0 0.875 0.2234375 0.0265625 0.0265625
0 0.94609375 0.20078125 0.0265625 0.0265625
0 0.93125 0.41796875 0.0609375 0.0609375
0 0.85078125 0.58515625 0.1640625 0.1640625
0 0.7046875 0.5 0.065625 0.065625
0 0.271875 0.390625 0.040625 0.040625
0 0.4171875 0.2203125 0.0515625 0.0515625
0 0.321875 0.0734375 0.0296875 0.0296875