0 0.5515625 0.02265625 0.0265625 0.025
0 0.275 0.078125 0.1109375 0.1078125
0 0.05546875 0.44140625 0.053125 0.053125
0 0.11796875 0.415625 0.053125 0.053125
0 0.0734375 0.48046875 0.0484375 0.0484375
0 0.03125 0.4703125 0.04375 0.04375
0 0.0421875 0.5 0.03125 0.03125
0 0.21171875 0.52421875 0.0265625 0.0234375
0 0.61640625 0.30859375 0.0265625 0.0265625
0 0.634375 0.37734375 0.03125 0.03125
0 0.7078125 0.39453125 0.028125 0.0265625
0 0.80859375 0.14765625 0.04375 0.040625
0 0.67578125 0.053125 0.0265625 0.0265625
0 0.9703125 0.70078125 0.03125 0.03125
0 0.81953125 0.93359375 0.0484375 0.0453125
0 0.72109375 0.7765625 0.071875 0.071875
0 0.68984375 0.69453125 0.040625 0.040625
0 0.9375 0.571875 0.03125 0.03125
0 0.79453125 0.44921875 0.0265625 0.0265625
0 0.86328125 0.7953125 0.0875 0.084375
0 0.4015625 0.85 0.115625 0.1140625
0 0.34609375 0.9171875 0.04375 0.040625
0 0.9671875 0.6546875 0.0265625 0.0265625
0 0.77421875 0.68125 0.040625 0.040625
0 0.75859375 0.571875 0.0546875 0.053125
0 0.00234375 0.00234375 0.0015625 0.0015625
0 0.37265625 0.96484375 0.040625 0.040625
0 0.70078125 0.821875 0.228125 0.2265625