0 0.0875 0.1890625 0.0453125 0.0390625
0 0.115625 0.34609375 0.0359375 0.03125
0 0.11328125 0.384375 0.03125 0.0265625
0 0.1984375 0.4546875 0.0359375 0.03125
0 0.196875 0.1984375 0.0390625 0.034375
0 0.26796875 0.20078125 0.0359375 0.03125
0 0.28828125 0.3140625 0.03125 0.0265625
0 0.36875 0.31640625 0.0296875 0.0265625
0 0.36171875 0.35703125 0.0609375 0.053125
0 0.459375 0.2828125 0.03125 0.0265625
0 0.49140625 0.19453125 0.1015625 0.0875
0 0.4640625 0.33203125 0.0390625 0.03125
0 0.44375 0.37890625 0.034375 0.0296875
0 0.48046875 0.4 0.0453125 0.040625
0 0.3109375 0.05078125 0.0328125 0.0296875
0 0.334375 0.0578125 0.0296875 0.025
0 0.4328125 0.0203125 0.0484375 0.040625
0 0.453125 0.05546875 0.03125 0.0265625
0 0.22578125 0.26328125 0.0765625 0.0671875
0 0.2875 0.3953125 0.0296875 0.0234375
0 0.9015625 0.54921875 0.03125 0.0265625
0 0.5171875 0.63203125 0.0453125 0.040625
0 0.74609375 0.46640625 0.09375 0.0828125
0 0.796875 0.40390625 0.034375 0.0296875
0 0.82421875 0.41484375 0.03125 0.0265625
0 0.928125 0.0609375 0.0359375 0.03125
0 0.88203125 0.11796875 0.1390625 0.1203125
0 0.8921875 0.140625 0.040625 0.0359375
0 0.85234375 0.0359375 0.0515625 0.04375
0 0.7921875 0.009375 0.028125 0.01875
0 0.7859375 0.77421875 0.034375 0.028125
0 0.49140625 0.9328125 0.0359375 0.0296875
0 0.1515625 0.71171875 0.040625 0.034375
0 0.1296875 0.796875 0.0296875 0.025
0 0.18984375 0.62109375 0.0390625 0.034375
0 0.1453125 0.859375 0.1 0.0875
0 0.1046875 0.97578125 0.0546875 0.0484375
0 0.1140625 0.921875 0.0921875 0.0765625
0 0.25234375 0.9328125 0.0453125 0.0390625
0 0.01796875 0.6890625 0.0359375 0.0484375
0 0.0359375 0.12734375 0.03125 0.0265625
0 0.0578125 0.16796875 0.0390625 0.03125
0 0.89765625 0.96875 0.0359375 0.0296875
0 0.884375 0.625 0.034375 0.0296875
0 0.0328125 0.803125 0.0515625 0.04375