0 0.23671875 0.90859375 0.0359375 0.0359375
0 0.58046875 0.9671875 0.0265625 0.025
0 0.046875 0.3921875 0.03125 0.03125
0 0.0828125 0.47578125 0.0296875 0.0296875
0 0.0640625 0.5203125 0.0828125 0.0828125
0 0.078125 0.58671875 0.0703125 0.0703125
0 0.04453125 0.7015625 0.03125 0.03125
0 0.18046875 0.584375 0.09375 0.09375
0 0.3890625 0.30078125 0.0453125 0.04375
0 0.3765625 0.3703125 0.0265625 0.0265625
0 0.43125 0.3640625 0.03125 0.03125
0 0.3171875 0.4265625 0.03125 0.03125
0 0.390625 0.53125 0.071875 0.0703125
0 0.36640625 0.5515625 0.053125 0.0515625
0 0.3171875 0.56953125 0.0515625 0.0484375
0 0.2859375 0.56484375 0.0453125 0.0453125
0 0.24375 0.62265625 0.0265625 0.0265625
0 0.26328125 0.60546875 0.0390625 0.0390625
0 0.3015625 0.60234375 0.0296875 0.028125
0 0.2828125 0.6296875 0.03125 0.03125
0 0.28515625 0.65390625 0.0265625 0.0265625
0 0.2609375 0.5109375 0.0265625 0.0265625
0 0.40390625 0.58203125 0.04375 0.04375
0 0.2015625 0.6296875 0.0671875 0.0671875
0 0.459375 0.50703125 0.04375 0.04375
0 0.475 0.4328125 0.0265625 0.0265625
0 0.45546875 0.19921875 0.0265625 0.025
0 0.55625 0.47578125 0.034375 0.03125
0 0.51796875 0.475 0.0359375 0.0359375
0 0.5140625 0.6828125 0.053125 0.053125
0 0.421875 0.7765625 0.0296875 0.0265625
0 0.2875 0.890625 0.0640625 0.065625
0 0.7140625 0.2765625 0.0546875 0.0546875
0 0.7203125 0.40390625 0.0671875 0.0671875
0 0.671875 0.4359375 0.0828125 0.0796875
0 0.53828125 0.43515625 0.040625 0.040625
0 0.64296875 0.63125 0.04375 0.04375
0 0.64453125 0.6890625 0.0265625 0.0265625
0 0.62890625 0.7671875 0.0984375 0.0984375
0 0.59140625 0.69140625 0.090625 0.0921875
0 0.94140625 0.59140625 0.0765625 0.075
0 0.74609375 0.5 0.0796875 0.0765625
0 0.74296875 0.5375 0.03125 0.03125
0 0.72578125 0.5578125 0.0265625 0.0265625
0 0.75234375 0.6140625 0.0671875 0.0671875
0 0.79921875 0.64765625 0.0515625 0.0515625
0 0.8734375 0.4546875 0.0609375 0.0578125
0 0.6390625 0.5421875 0.0671875 0.0671875
0 0.58203125 0.39296875 0.040625 0.040625
0 0.64765625 0.36640625 0.0703125 0.0671875
0 0.7015625 0.3140625 0.0484375 0.0484375
0 0.8375 0.78359375 0.0578125 0.0578125
0 0.765625 0.728125 0.103125 0.103125
0 0.93125 0.92421875 0.0578125 0.0578125
0 0.73203125 0.8296875 0.034375 0.034375
0 0.96875 0.4109375 0.0265625 0.0265625
0 0.9546875 0.4375 0.025 0.025
0 0.8734375 0.71875 0.0390625 0.0390625
0 0.8125 0.46875 0.0296875 0.0296875
0 0.9328125 0.27265625 0.03125 0.03125
0 0.93515625 0.01953125 0.05625 0.0390625
0 0.90390625 0.1421875 0.0921875 0.0890625
0 0.83203125 0.0578125 0.05625 0.05625
0 0.6390625 0.16328125 0.028125 0.0296875
0 0.5578125 0.05625 0.0234375 0.025
0 0.24296875 0.0734375 0.0390625 0.0390625
0 0.2390625 0.10703125 0.04375 0.04375
0 0.0296875 0.08671875 0.0359375 0.034375
0 0.30078125 0.01328125 0.03125 0.0265625
0 0.3703125 0.03984375 0.053125 0.0515625