0 0.13359375 0.02890625 0.0625 0.0578125
0 0.8015625 0.08046875 0.2265625 0.1609375
0 0.8640625 0.25234375 0.084375 0.084375
0 0.640625 0.1984375 0.034375 0.034375
0 0.71875 0.1671875 0.0453125 0.0453125
0 0.4015625 0.06484375 0.0515625 0.0515625
0 0.25390625 0.1109375 0.0359375 0.0359375
0 0.275 0.22734375 0.03125 0.03125
0 0.30859375 0.18359375 0.0703125 0.0703125
0 0.18125 0.32109375 0.0671875 0.0671875
0 0.31484375 0.4546875 0.0578125 0.0578125
0 0.6046875 0.4953125 0.075 0.075
0 0.60234375 0.5375 0.053125 0.053125
0 0.7046875 0.63828125 0.2890625 0.2890625
0 0.546875 0.63203125 0.0625 0.0625
0 0.5359375 0.68046875 0.0671875 0.0671875
0 0.88359375 0.50859375 0.1921875 0.1921875
0 0.69453125 0.49140625 0.0890625 0.0890625
0 0.11796875 0.55390625 0.0609375 0.059375
0 0.11328125 0.50390625 0.0515625 0.0515625
0 0.0734375 0.42578125 0.115625 0.115625
0 0.06015625 0.5 0.0484375 0.0484375
0 0.13828125 0.74296875 0.0578125 0.0578125
0 0.1046875 0.7703125 0.034375 0.034375
0 0.25859375 0.78359375 0.0984375 0.0984375
0 0.29296875 0.728125 0.0890625 0.0890625
0 0.3265625 0.7546875 0.0296875 0.028125
0 0.053125 0.33984375 0.0671875 0.065625
0 0.9078125 0.9125 0.025 0.025
0 0.56484375 0.94375 0.0703125 0.0703125
0 0.3296875 0.24296875 0.0453125 0.0453125
0 0.2921875 0.06875 0.0390625 0.0375
0 0.08046875 0.9109375 0.034375 0.034375
0 0.05859375 0.953125 0.0453125 0.0453125
0 0.22578125 0.9578125 0.0359375 0.0359375
0 0.428125 0.7015625 0.10625 0.10625
0 0.31953125 0.81484375 0.0296875 0.0296875
0 0.19453125 0.728125 0.1078125 0.1078125
0 0.94375 0.759375 0.0515625 0.0515625
0 0.92421875 0.77890625 0.040625 0.040625
0 0.84375 0.84375 0.0453125 0.0453125
0 0.978125 0.97578125 0.04375 0.04375
0 0.93984375 0.94140625 0.0265625 0.0265625
0 0.9796875 0.88203125 0.040625 0.040625
0 0.93125 0.8921875 0.0265625 0.0265625
0 0.4796875 0.9359375 0.0359375 0.0359375
0 0.428125 0.91484375 0.0359375 0.0359375
0 0.27890625 0.05546875 0.115625 0.1109375
0 0.94296875 0.159375 0.1140625 0.121875
0 0.3734375 0.19453125 0.040625 0.040625
0 0.54296875 0.28828125 0.5140625 0.5125
0 0.22578125 0.3921875 0.159375 0.1578125
0 0.35703125 0.12734375 0.0671875 0.0671875
0 0.13125 0.90859375 0.0625 0.0625
0 0.09765625 0.85546875 0.0265625 0.0265625
0 0.4359375 0.978125 0.0484375 0.04375
0 0.43515625 0.78359375 0.1796875 0.18125