0 0.0015625 0.00234375 0.003125 0.0046875
0 0.9484375 0.0140625 0.03125 0.028125
0 0.971875 0.06875 0.05625 0.0625
0 0.646875 0.1203125 0.040625 0.040625
0 0.6203125 0.203125 0.1453125 0.1453125
0 0.1921875 0.0609375 0.03125 0.03125
0 0.0625 0.09609375 0.0765625 0.075
0 0.0203125 0.01796875 0.040625 0.0359375
0 0.42421875 0.35703125 0.071875 0.071875
0 0.03515625 0.81640625 0.05625 0.05625
0 0.0453125 0.85703125 0.071875 0.071875
0 0.0984375 0.7453125 0.0296875 0.028125
0 0.10234375 0.81484375 0.0484375 0.0484375
0 0.09609375 0.87265625 0.071875 0.0703125
0 0.37109375 0.96640625 0.0296875 0.0296875
0 0.32421875 0.97578125 0.0578125 0.0484375
0 0.009375 0.73203125 0.01875 0.0359375
0 0.13125 0.475 0.034375 0.034375
0 0.10546875 0.7296875 0.1140625 0.1140625
0 0.40859375 0.8578125 0.23125 0.228125
0 0.51328125 0.8796875 0.09375 0.0921875
0 0.53984375 0.78125 0.115625 0.1140625
0 0.6546875 0.553125 0.0390625 0.0390625
0 0.63359375 0.9546875 0.0265625 0.0265625
0 0.765625 0.65234375 0.0265625 0.0265625
0 0.9 0.64921875 0.025 0.0234375
0 0.80078125 0.6046875 0.1375 0.134375
0 0.97734375 0.5109375 0.0265625 0.0265625
0 0.459375 0.4734375 0.1921875 0.190625
0 0.5765625 0.44453125 0.028125 0.0265625
0 0.7609375 0.4578125 0.03125 0.03125
0 0.1984375 0.47109375 0.0265625 0.0265625