0 0.0203125 0.2953125 0.0296875 0.0296875
0 0.0296875 0.321875 0.04375 0.04375
0 0.48046875 0.29453125 0.03125 0.03125
0 0.70078125 0.7984375 0.034375 0.034375
0 0.51328125 0.896875 0.03125 0.03125
0 0.2203125 0.98203125 0.034375 0.034375
0 0.1578125 0.928125 0.0296875 0.0296875
0 0.15859375 0.9625 0.0578125 0.0578125
0 0.15 0.9234375 0.0875 0.0875
0 0.1921875 0.8609375 0.0828125 0.0828125
0 0.36328125 0.81875 0.1234375 0.1234375
0 0.25234375 0.80546875 0.0640625 0.065625
0 0.0890625 0.8953125 0.03125 0.03125
0 0.7515625 0.5828125 0.0828125 0.0828125