0 0.96484375 0.0484375 0.0390625 0.0296875
0 0.9 0.209375 0.1078125 0.0796875
0 0.87890625 0.35234375 0.09375 0.0671875
0 0.76328125 0.3375 0.0890625 0.0640625
0 0.67421875 0.3171875 0.084375 0.0625
0 0.63359375 0.290625 0.0578125 0.040625
0 0.58984375 0.29296875 0.040625 0.03125
0 0.60234375 0.54453125 0.075 0.05625
0 0.515625 0.5671875 0.0484375 0.0359375
0 0.6703125 0.61171875 0.04375 0.03125
0 0.80390625 0.58671875 0.0390625 0.028125
0 0.61796875 0.66015625 0.0359375 0.0265625
0 0.62109375 0.7125 0.040625 0.028125
0 0.63359375 0.74375 0.0453125 0.034375
0 0.4890625 0.46015625 0.0703125 0.0515625
0 0.47734375 0.50859375 0.128125 0.0921875
0 0.65234375 0.56015625 0.034375 0.025
0 0.74296875 0.1921875 0.034375 0.025
0 0.76328125 0.02421875 0.0765625 0.0484375
0 0.43046875 0.1546875 0.0484375 0.0328125
0 0.41796875 0.03984375 0.0390625 0.0296875
0 0.13359375 0.0328125 0.0890625 0.065625
0 0.05078125 0.0671875 0.096875 0.0703125
0 0.1078125 0.0953125 0.0625 0.0453125
0 0.146875 0.2078125 0.1296875 0.0953125
0 0.15390625 0.2796875 0.1515625 0.1109375
0 0.1875 0.36875 0.0890625 0.0640625
0 0.2546875 0.44609375 0.04375 0.03125
0 0.21875 0.50390625 0.0625 0.0453125
0 0.11171875 0.53515625 0.1015625 0.071875
0 0.45546875 0.30859375 0.040625 0.0296875
0 0.4890625 0.96171875 0.0359375 0.0265625
0 0.35078125 0.9890625 0.0359375 0.021875
0 0.4125 0.8703125 0.0609375 0.04375
0 0.4625 0.93125 0.0390625 0.0265625
0 0.165625 0.9265625 0.0484375 0.034375
0 0.1234375 0.8921875 0.04375 0.03125
0 0.0140625 0.61875 0.028125 0.03125
0 0.225 0.62265625 0.040625 0.028125
0 0.33046875 0.69140625 0.0703125 0.0515625
0 0.3640625 0.50703125 0.0859375 0.0625
0 0.5296875 0.8015625 0.05625 0.040625
0 0.7484375 0.775 0.071875 0.053125