0 0.0796875 0.0375 0.0625 0.0578125
0 0.109375 0.07421875 0.04375 0.0390625
0 0.20078125 0.07578125 0.053125 0.0484375
0 0.20078125 0.13828125 0.0453125 0.040625
0 0.2921875 0.165625 0.0484375 0.0453125
0 0.24765625 0.21640625 0.04375 0.040625
0 0.1734375 0.18984375 0.0328125 0.03125
0 0.10546875 0.18359375 0.034375 0.0296875
0 0.08046875 0.15 0.028125 0.0265625
0 0.13203125 0.1671875 0.0359375 0.03125
0 0.12890625 0.2015625 0.040625 0.0359375
0 0.11171875 0.22734375 0.03125 0.0296875
0 0.08046875 0.2296875 0.03125 0.0296875
0 0.1203125 0.2546875 0.0484375 0.04375
0 0.2546875 0.03828125 0.0484375 0.04375
0 0.3703125 0.19921875 0.04375 0.0390625
0 0.3125 0.2234375 0.0484375 0.04375
0 0.2921875 0.24375 0.03125 0.0296875
0 0.203125 0.3125 0.03125 0.0296875
0 0.3125 0.1140625 0.0703125 0.065625
0 0.27265625 0.38671875 0.0390625 0.0359375
0 0.28828125 0.4203125 0.0390625 0.0359375
0 0.0625 0.353125 0.034375 0.03125
0 0.084375 0.3703125 0.03125 0.0296875
0 0.01328125 0.39921875 0.0265625 0.0359375
0 0.05390625 0.40234375 0.0390625 0.0359375
0 0.025 0.49296875 0.040625 0.0359375
0 0.11171875 0.48203125 0.0296875 0.0265625
0 0.1625 0.50390625 0.0703125 0.0625
0 0.25859375 0.58984375 0.0578125 0.053125
0 0.3421875 0.55390625 0.0859375 0.0796875
0 0.29453125 0.5765625 0.0296875 0.0265625
0 0.396875 0.56875 0.040625 0.0359375
0 0.3296875 0.4859375 0.075 0.0671875
0 0.375 0.42421875 0.0453125 0.040625
0 0.38125 0.38125 0.096875 0.0890625
0 0.33984375 0.33671875 0.0625 0.0578125
0 0.38203125 0.36875 0.03125 0.0296875
0 0.4796875 0.15859375 0.0390625 0.0328125
0 0.56640625 0.29296875 0.0484375 0.04375
0 0.921875 0.33984375 0.1234375 0.1109375
0 0.921875 0.0984375 0.0296875 0.0265625
0 0.93125 0.2171875 0.0828125 0.075
0 0.81953125 0.1265625 0.053125 0.0484375
0 0.7171875 0.16015625 0.059375 0.05625
0 0.584375 0.22265625 0.0875 0.0796875
0 0.5359375 0.10546875 0.040625 0.0359375
0 0.46015625 0.0265625 0.0484375 0.04375
0 0.49375 0.08671875 0.0359375 0.034375
0 0.53828125 0.0421875 0.0859375 0.0796875
0 0.78984375 0.0171875 0.0453125 0.034375
0 0.7984375 0.303125 0.125 0.1140625
0 0.7140625 0.45703125 0.0890625 0.0796875
0 0.6671875 0.4109375 0.125 0.1140625
0 0.59609375 0.4375 0.03125 0.0265625
0 0.5109375 0.46015625 0.1703125 0.1546875
0 0.4640625 0.38828125 0.0359375 0.0328125
0 0.40859375 0.43515625 0.0265625 0.025
0 0.4125 0.48203125 0.053125 0.0484375
0 0.30078125 0.44609375 0.1109375 0.1015625
0 0.24296875 0.40625 0.0515625 0.0453125
0 0.3546875 0.64765625 0.0890625 0.0796875
0 0.2859375 0.66953125 0.0609375 0.05625
0 0.3171875 0.7140625 0.034375 0.028125
0 0.5328125 0.71875 0.059375 0.05625
0 0.80625 0.65 0.2125 0.190625
0 0.68359375 0.728125 0.16875 0.153125
0 0.5640625 0.81015625 0.18125 0.1609375
0 0.4578125 0.8140625 0.0515625 0.0453125
0 0.92890625 0.515625 0.0484375 0.04375
0 0.94375 0.45078125 0.103125 0.09375
0 0.853125 0.43359375 0.0625 0.0578125
0 0.8109375 0.50859375 0.1546875 0.1390625
0 0.8921875 0.81640625 0.075 0.0671875
0 0.7828125 0.78125 0.040625 0.0359375
0 0.703125 0.83984375 0.0453125 0.040625
0 0.80859375 0.18515625 0.0875 0.0796875
0 0.9375 0.9546875 0.0515625 0.04375
0 0.91796875 0.98046875 0.0453125 0.0390625
0 0.90390625 0.88828125 0.0453125 0.040625
0 0.78125 0.859375 0.040625 0.0390625
0 0.68125 0.9234375 0.040625 0.0390625
0 0.415625 0.759375 0.0765625 0.0703125
0 0.65390625 0.55546875 0.0453125 0.040625
0 0.1546875 0.7609375 0.040625 0.0359375
0 0.21484375 0.9 0.053125 0.0484375
0 0.3125 0.80390625 0.04375 0.0390625
0 0.04296875 0.64296875 0.0859375 0.1296875
0 0.26953125 0.9515625 0.0484375 0.04375
0 0.1890625 0.225 0.075 0.0671875