0 0.1421875 0.7328125 0.2828125 0.253125
0 0.9671875 0.58203125 0.0390625 0.034375
0 0.915625 0.45703125 0.0390625 0.034375
0 0.9125 0.11328125 0.04375 0.0390625
0 0.8859375 0.13359375 0.0359375 0.03125
0 0.86640625 0.08671875 0.0296875 0.0265625
0 0.5171875 0.0265625 0.0921875 0.053125
0 0.6703125 0.47578125 0.03125 0.0265625
0 0.84375 0.515625 0.0359375 0.03125
0 0.84140625 0.4984375 0.0296875 0.0265625
0 0.55625 0.36875 0.128125 0.1140625
0 0.321875 0.3859375 0.0296875 0.0265625
0 0.2015625 0.58515625 0.03125 0.028125
0 0.72109375 0.5375 0.034375 0.028125
0 0.225 0.3609375 0.0296875 0.0234375
0 0.0140625 0.28046875 0.028125 0.0359375
0 0.1359375 0.24375 0.0296875 0.025
0 0.34140625 0.00859375 0.03125 0.0171875
0 0.0375 0.33671875 0.075 0.0890625
0 0.0765625 0.4375 0.1515625 0.1328125
0 0.13203125 0.609375 0.0375 0.034375
0 0.140625 0.90625 0.03125 0.0265625
0 0.29921875 0.82421875 0.0765625 0.0671875
0 0.2671875 0.88203125 0.1015625 0.0890625
0 0.2140625 0.87109375 0.03125 0.0296875
0 0.178125 0.94375 0.03125 0.0265625
0 0.2546875 0.98203125 0.0484375 0.0359375
0 0.459375 0.84375 0.0703125 0.0609375
0 0.39921875 0.78984375 0.04375 0.0390625
0 0.525 0.87890625 0.028125 0.025
0 0.50859375 0.9515625 0.0609375 0.053125
0 0.76953125 0.7359375 0.0359375 0.03125
0 0.74765625 0.68984375 0.028125 0.025
0 0.8765625 0.71875 0.03125 0.0265625
0 0.97109375 0.8421875 0.03125 0.0265625
0 0.95078125 0.86328125 0.034375 0.0296875
0 0.92421875 0.92421875 0.096875 0.084375
0 0.38671875 0.19453125 0.2625 0.23125
0 0.40234375 0.0671875 0.1765625 0.134375
0 0.5140625 0.71484375 0.0390625 0.034375
0 0.77265625 0.7671875 0.034375 0.028125