0 0.828125 0.8453125 0.1921875 0.1921875
0 0.678125 0.90234375 0.03125 0.03125
0 0.49296875 0.9875 0.0234375 0.025
0 0.44140625 0.9875 0.0265625 0.025
0 0.2515625 0.946875 0.1046875 0.10625
0 0.0734375 0.92421875 0.034375 0.034375
0 0.0203125 0.90625 0.025 0.025
0 0.28828125 0.75234375 0.04375 0.04375
0 0.28984375 0.84140625 0.096875 0.096875
0 0.3578125 0.8703125 0.0296875 0.0296875
0 0.36796875 0.8375 0.0671875 0.0671875
0 0.5 0.6703125 0.0265625 0.0265625
0 0.859375 0.7234375 0.0359375 0.0359375
0 0.4015625 0.7125 0.0390625 0.0390625
0 0.63671875 0.88125 0.04375 0.04375
0 0.1921875 0.7671875 0.03125 0.03125
0 0.7703125 0.615625 0.0265625 0.0265625
0 0.146875 0.7765625 0.025 0.0234375
0 0.20703125 0.8265625 0.0265625 0.0265625
0 0.1703125 0.8234375 0.04375 0.04375
0 0.05546875 0.6359375 0.03125 0.03125
0 0.16796875 0.57578125 0.146875 0.146875
0 0.0734375 0.5046875 0.034375 0.034375
0 0.09609375 0.515625 0.1515625 0.1515625
0 0.09765625 0.46015625 0.034375 0.034375
0 0.0609375 0.44453125 0.0359375 0.0359375
0 0.1546875 0.74296875 0.0265625 0.0265625
0 0.26953125 0.6875 0.1953125 0.1953125
0 0.04453125 0.39296875 0.0390625 0.0390625
0 0.02734375 0.0609375 0.03125 0.03125
0 0.1390625 0.1078125 0.0265625 0.0265625
0 0.421875 0.12734375 0.0484375 0.0484375
0 0.39453125 0.275 0.0578125 0.0578125
0 0.3390625 0.18359375 0.0609375 0.0578125
0 0.30546875 0.24609375 0.0359375 0.0359375
0 0.38203125 0.38828125 0.0265625 0.0265625
0 0.26171875 0.4390625 0.05625 0.05625
0 0.296875 0.47734375 0.0484375 0.0484375
0 0.5671875 0.4421875 0.0359375 0.034375
0 0.540625 0.49765625 0.0390625 0.0390625
0 0.50625 0.5515625 0.025 0.0234375
0 0.8109375 0.41484375 0.0390625 0.0390625
0 0.70703125 0.52421875 0.03125 0.03125
0 0.72265625 0.58046875 0.0265625 0.0265625
0 0.96484375 0.43125 0.0265625 0.025
0 0.82421875 0.33203125 0.0265625 0.0265625
0 0.78125 0.13203125 0.1703125 0.16875
0 0.49140625 0.134375 0.09375 0.09375
0 0.44375 0.42578125 0.0390625 0.0390625
0 0.38359375 0.14453125 0.0359375 0.0359375