0 0.9515625 0.2234375 0.0578125 0.0578125
0 0.9265625 0.071875 0.0265625 0.0265625
0 0.8703125 0.17578125 0.0921875 0.0921875
0 0.80546875 0.11640625 0.053125 0.053125
0 0.64921875 0.06953125 0.053125 0.053125
0 0.66953125 0.25703125 0.03125 0.03125
0 0.3734375 0.1609375 0.0390625 0.0375
0 0.36796875 0.0984375 0.0359375 0.0359375
0 0.225 0.12890625 0.0296875 0.0296875
0 0.89296875 0.35546875 0.0625 0.0625
0 0.15625 0.02265625 0.03125 0.03125
0 0.125 0.31015625 0.0515625 0.0515625
0 0.02890625 0.39921875 0.034375 0.034375
0 0.30859375 0.17578125 0.0453125 0.0453125
0 0.2234375 0.50625 0.034375 0.034375
0 0.2125 0.56953125 0.0453125 0.04375
0 0.15 0.5921875 0.03125 0.03125
0 0.20078125 0.615625 0.034375 0.034375
0 0.11796875 0.68125 0.0359375 0.0359375
0 0.115625 0.71640625 0.034375 0.034375
0 0.07578125 0.7046875 0.0484375 0.0484375
0 0.053125 0.74296875 0.025 0.0234375
0 0.15 0.696875 0.0328125 0.034375
0 0.13671875 0.78359375 0.0296875 0.028125
0 0.11328125 0.79921875 0.0390625 0.0390625
0 0.13203125 0.8328125 0.0265625 0.0265625
0 0.1625 0.86171875 0.040625 0.0390625
0 0.25390625 0.75625 0.0359375 0.0359375
0 0.33046875 0.6890625 0.0234375 0.025
0 0.4671875 0.6359375 0.040625 0.040625
0 0.4828125 0.4390625 0.03125 0.03125
0 0.603125 0.8265625 0.0265625 0.0265625
0 0.5453125 0.9203125 0.04375 0.04375
0 0.60546875 0.92890625 0.0296875 0.0296875
0 0.375 0.96484375 0.0265625 0.0265625
0 0.21640625 0.91953125 0.03125 0.03125
0 0.21484375 0.95078125 0.0265625 0.0265625
0 0.234375 0.959375 0.0296875 0.0296875
0 0.05546875 0.98984375 0.0234375 0.0203125
0 0.72265625 0.9890625 0.025 0.021875
0 0.103125 0.86875 0.0359375 0.0359375
0 0.725 0.8328125 0.0359375 0.0359375
0 0.81875 0.7390625 0.0265625 0.0265625
0 0.803125 0.71484375 0.0265625 0.0265625
0 0.78984375 0.7015625 0.0265625 0.0265625
0 0.59140625 0.63359375 0.0875 0.0859375
0 0.86171875 0.95703125 0.0625 0.0625
0 0.92421875 0.984375 0.040625 0.03125
0 0.93984375 0.56953125 0.0515625 0.0515625
0 0.959375 0.66796875 0.040625 0.040625
0 0.92890625 0.66484375 0.025 0.0234375
0 0.88828125 0.74609375 0.0453125 0.0453125
0 0.87890625 0.8546875 0.03125 0.03125
0 0.890625 0.91796875 0.0265625 0.0265625
0 0.88203125 0.415625 0.096875 0.0953125
0 0.85 0.49375 0.0390625 0.0390625
0 0.76171875 0.08984375 0.0390625 0.0390625
0 0.47109375 0.20703125 0.034375 0.034375
0 0.05859375 0.09375 0.034375 0.034375
0 0.615625 0.88359375 0.028125 0.0296875
0 0.6109375 0.96171875 0.028125 0.0296875
0 0.65390625 0.97109375 0.0359375 0.0359375
0 0.88125 0.615625 0.040625 0.040625
0 0.74375 0.80546875 0.0453125 0.0453125
0 0.95546875 0.90859375 0.0390625 0.0390625