0 0.06015625 0.5265625 0.0359375 0.0265625
0 0.05625 0.103125 0.03125 0.025
0 0.47578125 0.428125 0.1609375 0.1234375
0 0.546875 0.5109375 0.04375 0.034375
0 0.34765625 0.21171875 0.071875 0.05625
0 0.23828125 0.021875 0.075 0.04375
0 0.3078125 0.021875 0.0890625 0.04375
0 0.49765625 0.01171875 0.0359375 0.0234375
0 0.44296875 0.0296875 0.1109375 0.059375
0 0.4890625 0.1046875 0.034375 0.0265625
0 0.80859375 0.39296875 0.0890625 0.0671875
0 0.375 0.1046875 0.0515625 0.0390625
0 0.36796875 0.03515625 0.0703125 0.053125
0 0.203125 0.35234375 0.065625 0.0515625
0 0.19140625 0.5796875 0.125 0.096875
0 0.45078125 0.52265625 0.0453125 0.034375
0 0.7546875 0.55546875 0.040625 0.03125
0 0.7796875 0.53828125 0.0484375 0.0359375
0 0.7515625 0.4 0.0671875 0.0515625
0 0.45078125 0.25703125 0.1171875 0.0921875
0 0.9015625 0.43125 0.0625 0.0484375
0 0.865625 0.39296875 0.1078125 0.0828125
0 0.87734375 0.33046875 0.071875 0.0546875
0 0.91328125 0.303125 0.071875 0.0546875
0 0.90625 0.52265625 0.04375 0.034375
0 0.946875 0.509375 0.065625 0.0484375
0 0.6359375 0.95703125 0.040625 0.03125
0 0.28125 0.93046875 0.0765625 0.0578125
0 0.5359375 0.79921875 0.0390625 0.0296875
0 0.334375 0.7140625 0.0859375 0.065625
0 0.76328125 0.7546875 0.0453125 0.034375