0 0.4796875 0.19609375 0.6515625 0.3921875
0 0.09140625 0.28984375 0.1828125 0.259375
0 0.05859375 0.40234375 0.1171875 0.1734375
0 0.53984375 0.01796875 0.0578125 0.0359375
0 0.4484375 0.03828125 0.0359375 0.034375
0 0.43046875 0.0640625 0.0296875 0.028125
0 0.1234375 0.06015625 0.03125 0.0296875
0 0.5671875 0.24375 0.028125 0.0296875
0 0.6546875 0.19375 0.028125 0.0265625
0 0.7296875 0.12890625 0.0265625 0.025
0 0.69921875 0.146875 0.034375 0.0328125
0 0.78984375 0.27421875 0.15 0.1421875
0 0.75703125 0.37890625 0.034375 0.03125
0 0.00234375 0.00078125 0.0015625 0.0015625
0 0.896875 0.43515625 0.0453125 0.04375
0 0.92421875 0.46171875 0.0625 0.0609375
0 0.94140625 0.48671875 0.053125 0.0515625
0 0.890625 0.80390625 0.0296875 0.0265625
0 0.7484375 0.67421875 0.275 0.2625
0 0.76328125 0.82578125 0.0359375 0.034375
0 0.59375 0.64765625 0.040625 0.0390625
0 0.51328125 0.609375 0.128125 0.1203125
0 0.35234375 0.7203125 0.1140625 0.1078125
0 0.228125 0.6046875 0.0265625 0.0234375
0 0.209375 0.60546875 0.0328125 0.034375
0 0.23671875 0.50859375 0.053125 0.0515625
0 0.6890625 0.48828125 0.0390625 0.0359375
0 0.6140625 0.5484375 0.034375 0.03125
0 0.578125 0.53984375 0.0625 0.059375
0 0.71875 0.43359375 0.040625 0.0390625
0 0.62265625 0.4390625 0.18125 0.1703125
0 0.97109375 0.609375 0.0578125 0.0578125
0 0.90625 0.646875 0.053125 0.0515625
0 0.36875 0.49765625 0.0296875 0.0265625
0 0.25625 0.38359375 0.053125 0.0515625
0 0.25390625 0.303125 0.065625 0.0625
0 0.328125 0.4046875 0.0890625 0.084375
0 0.359375 0.4421875 0.0265625 0.025
0 0.171875 0.45546875 0.190625 0.18125
0 0.08203125 0.62265625 0.1640625 0.2578125
0 0.00859375 0.5625 0.0171875 0.0296875
0 0.04453125 0.53125 0.04375 0.040625
0 0.03515625 0.56875 0.0390625 0.0390625
0 0.34765625 0.834375 0.034375 0.03125
0 0.40859375 0.8015625 0.125 0.11875
0 0.2609375 0.71171875 0.065625 0.059375
0 0.234375 0.8375 0.2234375 0.2140625
0 0.0875 0.95546875 0.1015625 0.0890625
0 0.44375 0.89453125 0.04375 0.040625
0 0.303125 0.96171875 0.0265625 0.0265625
0 0.82578125 0.93515625 0.0390625 0.0359375