0 0.01953125 0.1265625 0.0390625 0.040625
0 0.0296875 0.259375 0.040625 0.0359375
0 0.03125 0.32578125 0.03125 0.0265625
0 0.25 0.365625 0.03125 0.0265625
0 0.1765625 0.21484375 0.0328125 0.0296875
0 0.27734375 0.1203125 0.0703125 0.0609375
0 0.39296875 0.1421875 0.034375 0.0296875
0 0.51953125 0.08046875 0.034375 0.028125
0 0.5578125 0.0109375 0.04375 0.021875
0 0.88203125 0.52421875 0.04375 0.0359375
0 0.875 0.7875 0.03125 0.0265625
0 0.9796875 0.82109375 0.0296875 0.0265625
0 0.6140625 0.9375 0.034375 0.0296875
0 0.5953125 0.89296875 0.028125 0.0265625
0 0.14296875 0.6703125 0.0359375 0.03125
0 0.05859375 0.70703125 0.0484375 0.040625
0 0.13203125 0.55078125 0.0375 0.034375