0 0.0359375 0.4015625 0.0390625 0.034375
0 0.07578125 0.4484375 0.028125 0.025
0 0.2453125 0.47109375 0.03125 0.0265625
0 0.17421875 0.7515625 0.0453125 0.040625
0 0.20546875 0.75859375 0.0265625 0.0234375
0 0.1546875 0.7078125 0.0296875 0.0265625
0 0.134375 0.7140625 0.03125 0.028125
0 0.22578125 0.80625 0.0671875 0.0625
0 0.1546875 0.90859375 0.0296875 0.0265625
0 0.51796875 0.584375 0.0359375 0.03125
0 0.55078125 0.56875 0.0296875 0.025
0 0.5328125 0.54921875 0.028125 0.025
0 0.43359375 0.5890625 0.03125 0.0265625
0 0.50234375 0.83984375 0.03125 0.0265625
0 0.634375 0.80078125 0.028125 0.0265625
0 0.91953125 0.66953125 0.03125 0.028125
0 0.834375 0.765625 0.0265625 0.025
0 0.84765625 0.81484375 0.0296875 0.025
0 0.78515625 0.83515625 0.0265625 0.025
0 0.77890625 0.890625 0.04375 0.0390625
0 0.97265625 0.77421875 0.034375 0.03125
0 0.946875 0.9125 0.0390625 0.0359375
0 0.8640625 0.49765625 0.0265625 0.025
0 0.853125 0.521875 0.0296875 0.025
0 0.4171875 0.16953125 0.0265625 0.025
0 0.61875 0.46484375 0.028125 0.025
0 0.3890625 0.26796875 0.0921875 0.0828125
0 0.81484375 0.78984375 0.034375 0.03125