0 0.89453125 0.64921875 0.10625 0.103125
0 0.8234375 0.73203125 0.0484375 0.0453125
0 0.9359375 0.2859375 0.0359375 0.034375
0 0.4953125 0.56015625 0.0671875 0.065625
0 0.4375 0.5328125 0.0453125 0.04375
0 0.49609375 0.50390625 0.03125 0.03125
0 0.57578125 0.46875 0.053125 0.0515625
0 0.74765625 0.275 0.053125 0.0515625
0 0.7859375 0.34765625 0.0265625 0.0265625
0 0.72578125 0.35078125 0.0765625 0.075
0 0.12109375 0.8375 0.125 0.1203125
0 0.00078125 0.00234375 0.0015625 0.0015625
0 0.03125 0.8640625 0.0625 0.0671875
0 0.0484375 0.72109375 0.0328125 0.03125
0 0.084375 0.2875 0.16875 0.24375
0 0.77890625 0.5140625 0.0390625 0.0359375
0 0.0453125 0.03515625 0.0390625 0.0390625
0 0.125 0.13671875 0.0359375 0.034375
0 0.33046875 0.08984375 0.053125 0.0515625
0 0.27265625 0.0421875 0.159375 0.084375
0 0.6390625 0.07578125 0.0390625 0.0359375
0 0.584375 0.0953125 0.0390625 0.0390625
0 0.584375 0.2171875 0.0515625 0.0484375
0 0.296875 0.14921875 0.0890625 0.0875
0 0.240625 0.2390625 0.0765625 0.075
0 0.2078125 0.30390625 0.0796875 0.0765625
0 0.540625 0.04921875 0.0515625 0.0484375
0 0.2796875 0.34765625 0.075 0.071875
0 0.2640625 0.51796875 0.0265625 0.0265625
0 0.8390625 0.56875 0.0671875 0.065625