0 0.5 0.86328125 0.0453125 0.0453125
0 0.34140625 0.8859375 0.0390625 0.0390625
0 0.28359375 0.91328125 0.03125 0.03125
0 0.171875 0.86328125 0.04375 0.04375
0 0.13359375 0.86875 0.0359375 0.0359375
0 0.0609375 0.7875 0.0453125 0.0453125
0 0.02265625 0.7921875 0.025 0.0234375
0 0.01953125 0.64921875 0.0390625 0.0484375
0 0.10234375 0.62890625 0.0265625 0.0265625
0 0.2859375 0.73203125 0.040625 0.040625
0 0.31015625 0.80390625 0.0390625 0.0390625
0 0.2453125 0.765625 0.0453125 0.0453125
0 0.31875 0.69375 0.0796875 0.0796875
0 0.46015625 0.7640625 0.0390625 0.0390625
0 0.61171875 0.71640625 0.065625 0.0625
0 0.72109375 0.7390625 0.0671875 0.0671875
0 0.6046875 0.78359375 0.0390625 0.0390625
0 0.65625 0.8140625 0.025 0.025
0 0.6625 0.7015625 0.040625 0.040625
0 0.7875 0.7203125 0.0625 0.0625
0 0.80390625 0.69375 0.071875 0.071875
0 0.7125 0.834375 0.275 0.271875
0 0.93515625 0.65625 0.0765625 0.0765625
0 0.84765625 0.74140625 0.0484375 0.0484375
0 0.01328125 0.48671875 0.0265625 0.034375
0 0.021875 0.303125 0.04375 0.0609375
0 0.2078125 0.5796875 0.040625 0.0390625
0 0.428125 0.40625 0.0359375 0.034375
0 0.375 0.38125 0.0265625 0.0265625
0 0.359375 0.41015625 0.040625 0.040625
0 0.48046875 0.49375 0.034375 0.034375
0 0.50625 0.678125 0.0578125 0.0578125
0 0.17578125 0.2984375 0.0515625 0.0515625
0 0.46171875 0.2453125 0.0609375 0.0578125
0 0.50625 0.21171875 0.0484375 0.0453125
0 0.52890625 0.24609375 0.04375 0.04375
0 0.5140625 0.28359375 0.034375 0.03125
0 0.5515625 0.415625 0.0484375 0.0484375
0 0.59140625 0.4890625 0.0390625 0.0390625
0 0.584375 0.46171875 0.028125 0.0296875
0 0.3375 0.6140625 0.0296875 0.028125
0 0.275 0.4828125 0.3421875 0.3390625
0 0.5265625 0.515625 0.0359375 0.0359375
0 0.3296875 0.28359375 0.0265625 0.0265625
0 0.3171875 0.35 0.0484375 0.0484375
0 0.73046875 0.64765625 0.0796875 0.0796875
0 0.68359375 0.225 0.0296875 0.0265625
0 0.5828125 0.25625 0.03125 0.03125
0 0.57109375 0.21875 0.040625 0.040625
0 0.6109375 0.209375 0.05625 0.05625
0 0.68984375 0.18359375 0.028125 0.0265625
0 0.69921875 0.09140625 0.0265625 0.0265625
0 0.60703125 0.0921875 0.0265625 0.0265625
0 0.56640625 0.0609375 0.0265625 0.0265625
0 0.4421875 0.11796875 0.05625 0.05625
0 0.39921875 0.19375 0.0359375 0.0359375
0 0.47734375 0.1875 0.0265625 0.0265625
0 0.3734375 0.296875 0.0265625 0.0265625
0 0.49609375 0.3796875 0.03125 0.03125
0 0.82578125 0.41953125 0.3109375 0.3078125
0 0.73046875 0.21171875 0.0515625 0.0515625
0 0.5625 0.5515625 0.0265625 0.0265625
0 0.54296875 0.56953125 0.0296875 0.028125
0 0.45703125 0.015625 0.0390625 0.03125
0 0.5375 0.021875 0.040625 0.040625
0 0.55625 0.103125 0.0265625 0.0265625
0 0.1421875 0.05078125 0.115625 0.1015625
0 0.11328125 0.115625 0.03125 0.03125
0 0.01171875 0.0984375 0.0234375 0.040625
0 0.08984375 0.446875 0.1796875 0.259375
0 0.053125 0.2390625 0.0453125 0.0453125