0 0.8890625 0.015625 0.03125 0.03125
0 0.7796875 0.3109375 0.05625 0.053125
0 0.74765625 0.4171875 0.0515625 0.0484375
0 0.57578125 0.796875 0.0359375 0.034375
0 0.6578125 0.8421875 0.075 0.0703125
0 0.4671875 0.76953125 0.0765625 0.071875
0 0.40859375 0.7640625 0.0390625 0.0359375
0 0.40859375 0.63671875 0.0765625 0.071875
0 0.8859375 0.19140625 0.04375 0.040625
0 0.725 0.2453125 0.0578125 0.0546875
0 0.7015625 0.19921875 0.0359375 0.034375
0 0.40859375 0.03125 0.0703125 0.0625
0 0.51171875 0.25 0.0609375 0.0578125
0 0.28828125 0.22734375 0.03125 0.03125
0 0.2453125 0.19375 0.034375 0.03125
0 0.27890625 0.4078125 0.0359375 0.0328125
0 0.1625 0.03515625 0.03125 0.03125
0 0.02734375 0.10703125 0.0546875 0.0796875
0 0.02265625 0.06875 0.0453125 0.0484375
0 0.12265625 0.02265625 0.0578125 0.0453125
0 0.6 0.0890625 0.0390625 0.0359375
0 0.3265625 0.0171875 0.0359375 0.034375
0 0.2046875 0.10078125 0.0296875 0.0265625
0 0.18515625 0.3578125 0.115625 0.1078125
0 0.0796875 0.35078125 0.04375 0.040625
0 0.0625 0.390625 0.0390625 0.0359375
0 0.57578125 0.35703125 0.1296875 0.1203125
0 0.6828125 0.046875 0.053125 0.0515625
0 0.10234375 0.1578125 0.2046875 0.2640625
0 0.01171875 0.67734375 0.0234375 0.0296875
0 0.02890625 0.7875 0.0578125 0.071875
0 0.03515625 0.88671875 0.0390625 0.0359375
0 0.3859375 0.97578125 0.0296875 0.0296875
0 0.4578125 0.975 0.034375 0.03125
0 0.584375 0.88671875 0.0515625 0.0484375
0 0.35546875 0.8734375 0.228125 0.2140625
0 0.7640625 0.93046875 0.040625 0.0390625
0 0.00234375 0.00234375 0.0015625 0.0015625
0 0.23828125 0.7546875 0.1015625 0.09375
0 0.1828125 0.8546875 0.10625 0.0984375
0 0.08984375 0.709375 0.04375 0.040625
0 0.140625 0.75234375 0.0984375 0.090625
0 0.14765625 0.64921875 0.03125 0.028125
0 0.14296875 0.6140625 0.04375 0.0390625
0 0.0796875 0.58515625 0.03125 0.028125
0 0.196875 0.4953125 0.0578125 0.05625
0 0.2609375 0.61328125 0.065625 0.0609375
0 0.24375 0.65 0.071875 0.0671875
0 0.1828125 0.68125 0.0671875 0.0625
0 0.3328125 0.6296875 0.0796875 0.075
0 0.3328125 0.553125 0.0390625 0.0359375
0 0.39296875 0.58671875 0.0765625 0.071875
0 0.40234375 0.49296875 0.040625 0.0390625
0 0.4703125 0.5046875 0.0921875 0.0859375
0 0.49609375 0.5890625 0.125 0.1171875
0 0.43046875 0.54921875 0.0296875 0.0265625
0 0.51171875 0.7453125 0.040625 0.0359375
0 0.6765625 0.52421875 0.034375 0.03125
0 0.615625 0.43046875 0.053125 0.0484375
0 0.50859375 0.44453125 0.04375 0.040625
0 0.72578125 0.5890625 0.065625 0.0625
0 0.70703125 0.63828125 0.0359375 0.034375
0 0.81640625 0.60703125 0.0265625 0.025
0 0.8140625 0.428125 0.03125 0.0296875
0 0.0640625 0.6359375 0.028125 0.0265625
0 0.22109375 0.7046875 0.040625 0.0390625