0 0.0828125 0.3296875 0.0359375 0.0359375
0 0.03828125 0.3328125 0.04375 0.04375
0 0.0734375 0.046875 0.0453125 0.0453125
0 0.07109375 0.4859375 0.040625 0.040625
0 0.0359375 0.4890625 0.03125 0.03125
0 0.03984375 0.5265625 0.0453125 0.0453125
0 0.084375 0.459375 0.034375 0.034375
0 0.103125 0.43984375 0.0296875 0.0296875
0 0.1828125 0.3640625 0.0359375 0.0359375
0 0.13125 0.40625 0.0265625 0.0265625
0 0.12890625 0.42578125 0.034375 0.034375
0 0.1625 0.490625 0.128125 0.128125
0 0.28828125 0.43359375 0.1421875 0.1390625
0 0.31640625 0.48671875 0.03125 0.03125
0 0.30625 0.50625 0.0234375 0.025
0 0.203125 0.54921875 0.03125 0.03125
0 0.3796875 0.615625 0.0296875 0.028125
0 0.446875 0.59375 0.0359375 0.0359375
0 0.0640625 0.125 0.03125 0.03125
0 0.23203125 0.01953125 0.0625 0.0390625
0 0.17890625 0.078125 0.0328125 0.034375
0 0.09765625 0.1140625 0.04375 0.040625
0 0.3609375 0.31953125 0.0484375 0.0453125
0 0.4375 0.43359375 0.253125 0.25
0 0.6078125 0.40390625 0.04375 0.04375
0 0.6046875 0.42421875 0.0265625 0.0265625
0 0.5109375 0.25390625 0.040625 0.0390625
0 0.53125 0.2015625 0.0578125 0.0578125
0 0.625 0.265625 0.03125 0.03125
0 0.634375 0.32109375 0.2015625 0.2
0 0.8125 0.2515625 0.0484375 0.0484375
0 0.78984375 0.2203125 0.03125 0.03125
0 0.65625 0.20546875 0.025 0.025
0 0.59609375 0.0640625 0.090625 0.0890625
0 0.55625 0.1140625 0.0359375 0.0359375
0 0.50234375 0.10078125 0.034375 0.034375
0 0.49609375 0.0515625 0.0296875 0.0296875
0 0.5203125 0.01171875 0.03125 0.0234375
0 0.29296875 0.03359375 0.03125 0.03125
0 0.3171875 0.05625 0.0296875 0.0296875
0 0.71875 0.06015625 0.1109375 0.1078125
0 0.6984375 0.134375 0.03125 0.03125
0 0.81953125 0.171875 0.0265625 0.0265625
0 0.76796875 0.16796875 0.0265625 0.025
0 0.8640625 0.15859375 0.040625 0.040625
0 0.69140625 0.203125 0.025 0.025
0 0.8921875 0.1359375 0.0296875 0.0296875
0 0.87890625 0.0375 0.040625 0.040625
0 0.9828125 0.11640625 0.034375 0.034375
0 0.9703125 0.146875 0.0296875 0.0296875
0 0.85546875 0.3078125 0.0265625 0.0265625
0 0.78125 0.4890625 0.025 0.025
0 0.7546875 0.47265625 0.0625 0.0625
0 0.80546875 0.53984375 0.0296875 0.028125
0 0.7234375 0.5453125 0.03125 0.028125
0 0.82109375 0.6109375 0.034375 0.03125
0 0.9046875 0.4328125 0.03125 0.03125
0 0.8453125 0.36796875 0.040625 0.040625
0 0.94375 0.2546875 0.03125 0.03125
0 0.978125 0.2640625 0.04375 0.0515625
0 0.94921875 0.3859375 0.0359375 0.0359375
0 0.94921875 0.5328125 0.0265625 0.025
0 0.9203125 0.89921875 0.084375 0.084375
0 0.9625 0.84609375 0.0265625 0.0265625
0 0.775 0.9515625 0.04375 0.04375
0 0.96640625 0.765625 0.034375 0.034375
0 0.6515625 0.7640625 0.1421875 0.1421875
0 0.6140625 0.6390625 0.0265625 0.0265625
0 0.56953125 0.69375 0.03125 0.03125
0 0.60703125 0.921875 0.03125 0.03125
0 0.64765625 0.671875 0.03125 0.03125
0 0.74140625 0.7921875 0.0234375 0.0234375
0 0.50625 0.915625 0.0359375 0.0359375
0 0.390625 0.92890625 0.0296875 0.0296875
0 0.14765625 0.6390625 0.0328125 0.034375
0 0.08671875 0.7875 0.0296875 0.0296875
0 0.1359375 0.90625 0.0625 0.0625
0 0.41015625 0.75 0.03125 0.03125
0 0.03359375 0.22578125 0.0359375 0.0359375
0 0.7921875 0.30390625 0.0546875 0.0546875