0 0.4234375 0.13671875 0.571875 0.2734375
0 0.12890625 0.2984375 0.0609375 0.0546875
0 0.07421875 0.35234375 0.0296875 0.0265625
0 0.11796875 0.35 0.0609375 0.0546875
0 0.0796875 0.4015625 0.096875 0.0890625
0 0.38359375 0.35234375 0.1390625 0.1296875
0 0.28125 0.5109375 0.0828125 0.0765625
0 0.146875 0.60234375 0.03125 0.028125
0 0.2359375 0.6875 0.0515625 0.0484375
0 0.446875 0.65625 0.128125 0.11875
0 0.33046875 0.975 0.0359375 0.034375
0 0.11875 0.91953125 0.0296875 0.0265625
0 0.0453125 0.95078125 0.03125 0.0296875
0 0.0640625 0.66484375 0.1015625 0.09375
0 0.03984375 0.58984375 0.03125 0.0296875
0 0.22109375 0.1046875 0.0703125 0.065625
0 0.109375 0.0421875 0.0578125 0.05625
0 0.64765625 0.36328125 0.0484375 0.04375
0 0.696875 0.3390625 0.04375 0.0390625
0 0.6203125 0.31875 0.0625 0.0578125
0 0.55390625 0.4265625 0.0265625 0.025
0 0.55078125 0.39765625 0.053125 0.0484375
0 0.75703125 0.48203125 0.075 0.0703125
0 0.72265625 0.525 0.0296875 0.0265625
0 0.71171875 0.6046875 0.0359375 0.034375
0 0.625 0.5140625 0.0359375 0.034375
0 0.95078125 0.8734375 0.034375 0.03125
0 0.9484375 0.72109375 0.103125 0.0984375
0 0.8421875 0.46875 0.0453125 0.04375
0 0.80625 0.44140625 0.0359375 0.034375
0 0.98671875 0.271875 0.0265625 0.0234375
0 0.7140625 0.43125 0.0828125 0.075
0 0.00234375 0.00234375 0.0015625 0.0015625
0 0.834375 0.15390625 0.0296875 0.0296875
0 0.07109375 0.09609375 0.0765625 0.071875
0 0.40859375 0.77265625 0.03125 0.028125
0 0.2875 0.7640625 0.03125 0.028125
0 0.3328125 0.65859375 0.0296875 0.0265625
0 0.271875 0.35703125 0.28125 0.2625
0 0.8703125 0.50859375 0.0265625 0.0265625