0 0.73671875 0.96875 0.0515625 0.0390625
0 0.00234375 0.00234375 0.0015625 0.0015625
0 0.64765625 0.8765625 0.240625 0.184375
0 0.81484375 0.8734375 0.0625 0.0484375
0 0.45703125 0.8015625 0.0703125 0.053125
0 0.44375 0.8296875 0.0828125 0.0625
0 0.4203125 0.9 0.0609375 0.0453125
0 0.3453125 0.76328125 0.0859375 0.0671875
0 0.24375 0.71875 0.1296875 0.0984375
0 0.0796875 0.66484375 0.134375 0.103125
0 0.35 0.6875 0.0515625 0.0390625
0 0.4796875 0.70546875 0.096875 0.071875
0 0.4515625 0.65625 0.053125 0.040625
0 0.5140625 0.74765625 0.0484375 0.0390625
0 0.67890625 0.55546875 0.071875 0.0546875
0 0.59375 0.4828125 0.1078125 0.0828125
0 0.69921875 0.384375 0.034375 0.0234375
0 0.8140625 0.51953125 0.1328125 0.1015625
0 0.2125 0.4390625 0.0609375 0.0453125
0 0.1625 0.45546875 0.0484375 0.0390625
0 0.54296875 0.5578125 0.05625 0.04375
0 0.69609375 0.1359375 0.034375 0.0265625