0 0.8265625 0.0453125 0.0625 0.0609375
0 0.7546875 0.0171875 0.04375 0.034375
0 0.03984375 0.303125 0.0671875 0.0671875
0 0.16796875 0.2953125 0.0484375 0.0484375
0 0.0734375 0.37109375 0.04375 0.040625
0 0.2703125 0.209375 0.0296875 0.0296875
0 0.27265625 0.0484375 0.0265625 0.0265625
0 0.02421875 0.2140625 0.040625 0.040625
0 0.5375 0.21171875 0.034375 0.0328125
0 0.63203125 0.27890625 0.034375 0.0328125
0 0.58046875 0.321875 0.040625 0.040625
0 0.6 0.296875 0.0484375 0.0484375
0 0.4640625 0.16953125 0.025 0.025
0 0.5140625 0.36875 0.0265625 0.0265625
0 0.6578125 0.4859375 0.0390625 0.0390625
0 0.4640625 0.5375 0.0484375 0.0484375
0 0.44453125 0.5625 0.03125 0.0296875
0 0.4015625 0.47265625 0.04375 0.04375
0 0.459375 0.37265625 0.0265625 0.0265625
0 0.2875 0.5375 0.0234375 0.025
0 0.2125 0.571875 0.03125 0.03125
0 0.140625 0.6203125 0.0359375 0.0359375
0 0.2359375 0.678125 0.0484375 0.0484375
0 0.05078125 0.54921875 0.0453125 0.0453125
0 0.0578125 0.58984375 0.0390625 0.0390625
0 0.32421875 0.725 0.0265625 0.0265625
0 0.040625 0.4265625 0.0625 0.0609375
0 0.609375 0.5828125 0.034375 0.034375
0 0.71171875 0.546875 0.040625 0.040625
0 0.740625 0.61171875 0.0828125 0.0828125
0 0.68984375 0.671875 0.071875 0.0703125
0 0.75703125 0.68515625 0.034375 0.034375
0 0.725 0.571875 0.0484375 0.0484375
0 0.49296875 0.7171875 0.04375 0.04375
0 0.8609375 0.484375 0.0296875 0.0296875
0 0.39921875 0.41953125 0.0765625 0.0765625
0 0.35234375 0.946875 0.0390625 0.0390625
0 0.15234375 0.93515625 0.0296875 0.0296875
0 0.7171875 0.96171875 0.03125 0.03125
0 0.678125 0.90859375 0.0359375 0.0359375
0 0.63125 0.890625 0.03125 0.03125
0 0.66328125 0.85234375 0.0453125 0.04375
0 0.38828125 0.015625 0.0546875 0.03125
0 0.10078125 0.2546875 0.03125 0.03125
0 0.3453125 0.36328125 0.0359375 0.0359375
0 0.42578125 0.61171875 0.0484375 0.0484375
0 0.609375 0.5515625 0.0578125 0.0578125
0 0.6578125 0.5421875 0.0515625 0.0515625
0 0.78359375 0.56484375 0.03125 0.03125
0 0.74296875 0.72109375 0.04375 0.04375
0 0.8234375 0.640625 0.0296875 0.0265625
0 0.81015625 0.6703125 0.0265625 0.0265625
0 0.25390625 0.71875 0.034375 0.034375
0 0.8109375 0.803125 0.0265625 0.0265625
0 0.53515625 0.796875 0.0515625 0.0515625
0 0.32421875 0.88203125 0.0671875 0.0671875
0 0.21875 0.7609375 0.025 0.0234375
0 0.5515625 0.6578125 0.040625 0.040625
0 0.47109375 0.29453125 0.0265625 0.0265625
0 0.51328125 0.459375 0.05625 0.05625
0 0.12890625 0.49140625 0.03125 0.03125
0 0.33046875 0.63125 0.0453125 0.0453125
0 0.6234375 0.103125 0.040625 0.040625
0 0.59140625 0.11640625 0.0515625 0.0515625
0 0.67578125 0.103125 0.10625 0.10625
0 0.3734375 0.6421875 0.0328125 0.034375
0 0.3796875 0.68359375 0.0453125 0.0453125
0 0.2453125 0.6296875 0.03125 0.03125
0 0.7859375 0.08046875 0.0453125 0.0453125
0 0.6703125 0.946875 0.040625 0.0390625
0 0.56875 0.9265625 0.0828125 0.0828125
0 0.16328125 0.8421875 0.03125 0.03125
0 0.265625 0.8890625 0.0671875 0.0671875