0 0.79921875 0.0421875 0.0265625 0.0234375
0 0.05078125 0.453125 0.040625 0.0390625
0 0.04453125 0.3703125 0.0890625 0.1015625
0 0.39453125 0.16328125 0.0390625 0.0359375
0 0.2703125 0.2390625 0.0390625 0.0359375
0 0.4890625 0.09609375 0.125 0.1203125
0 0.3734375 0.4375 0.0515625 0.0484375
0 0.46484375 0.51953125 0.040625 0.0390625
0 0.42421875 0.5828125 0.040625 0.0390625
0 0.3421875 0.69921875 0.03125 0.0296875
0 0.6140625 0.6703125 0.03125 0.03125
0 0.546875 0.66328125 0.0296875 0.0265625
0 0.61796875 0.77890625 0.0625 0.059375
0 0.7390625 0.821875 0.03125 0.0296875
0 0.75234375 0.5609375 0.0265625 0.0265625
0 0.88828125 0.3140625 0.03125 0.0296875
0 0.8421875 0.5109375 0.0296875 0.0296875
0 0.6 0.4796875 0.028125 0.0265625
0 0.7328125 0.3609375 0.0390625 0.0359375
0 0.890625 0.76953125 0.0359375 0.034375
0 0.9578125 0.48203125 0.0484375 0.0453125
0 0.9796875 0.384375 0.040625 0.0453125
0 0.74375 0.23671875 0.0875 0.0828125
0 0.70546875 0.97109375 0.03125 0.0296875
0 0.759375 0.9328125 0.034375 0.034375
0 0.1984375 0.8890625 0.0265625 0.0265625
0 0.890625 0.3765625 0.1109375 0.10625
0 0.5109375 0.5984375 0.0265625 0.0265625
0 0.4203125 0.64765625 0.0265625 0.0265625
0 0.4046875 0.671875 0.03125 0.03125
0 0.50859375 0.571875 0.03125 0.028125
0 0.65 0.5984375 0.0484375 0.0453125
0 0.0890625 0.05078125 0.025 0.025
0 0.890625 0.47578125 0.0828125 0.0765625
0 0.8375 0.47265625 0.0265625 0.025
0 0.95078125 0.82421875 0.0390625 0.0359375
0 0.8609375 0.75703125 0.0265625 0.0265625
0 0.66328125 0.7671875 0.028125 0.0265625
0 0.4515625 0.55546875 0.03125 0.03125
0 0.45078125 0.6 0.0265625 0.025
0 0.490625 0.4859375 0.04375 0.040625
0 0.5 0.9890625 0.0296875 0.021875