0 0.52734375 0.0359375 0.0671875 0.0578125
0 0.4734375 0.07109375 0.0390625 0.03125
0 0.321875 0.1078125 0.071875 0.0609375
0 0.44609375 0.10546875 0.0671875 0.05625
0 0.6578125 0.115625 0.084375 0.06875
0 0.67890625 0.06640625 0.0984375 0.084375
0 0.4984375 0.19375 0.090625 0.0765625
0 0.81015625 0.19921875 0.0703125 0.0578125
0 0.896875 0.2640625 0.0625 0.053125
0 0.51953125 0.54921875 0.034375 0.0265625
0 0.47734375 0.5765625 0.034375 0.028125
0 0.3703125 0.56640625 0.034375 0.0296875
0 0.3171875 0.48828125 0.0609375 0.0515625
0 0.240625 0.4625 0.04375 0.0359375
0 0.1703125 0.459375 0.1015625 0.084375
0 0.4265625 0.31875 0.159375 0.1328125
0 0.240625 0.415625 0.0671875 0.0546875
0 0.259375 0.38671875 0.0359375 0.0296875
0 0.28515625 0.540625 0.0765625 0.065625
0 0.2171875 0.521875 0.0453125 0.0390625
0 0.8375 0.10234375 0.034375 0.0296875
0 0.70546875 0.75390625 0.0515625 0.04375
0 0.5421875 0.86875 0.03125 0.025
0 0.52734375 0.94375 0.0390625 0.034375
0 0.48203125 0.9390625 0.0484375 0.040625
0 0.4828125 0.834375 0.125 0.103125
0 0.44140625 0.796875 0.0875 0.071875
0 0.578125 0.9546875 0.0515625 0.040625
0 0.28359375 0.8546875 0.0390625 0.03125
0 0.23671875 0.6859375 0.0390625 0.034375
0 0.09765625 0.7796875 0.05625 0.0453125
0 0.28515625 0.89453125 0.04375 0.0359375
0 0.0796875 0.54453125 0.159375 0.1609375
0 0.0359375 0.7609375 0.071875 0.10625
0 0.728125 0.28125 0.0453125 0.0390625
0 0.16875 0.98984375 0.034375 0.0203125
0 0.7203125 0.93125 0.0671875 0.05625
0 0.33046875 0.97578125 0.0484375 0.0390625