0 0.00234375 0.0015625 0.0046875 0.003125
0 0.05546875 0.240625 0.0359375 0.0265625
0 0.56875 0.32578125 0.159375 0.115625
0 0.46875 0.41328125 0.065625 0.0484375
0 0.3453125 0.4046875 0.0359375 0.0265625
0 0.40390625 0.48203125 0.0484375 0.034375
0 0.21640625 0.4734375 0.0515625 0.0390625
0 0.37265625 0.03359375 0.1453125 0.0671875
0 0.2234375 0.053125 0.034375 0.025
0 0.31640625 0.11796875 0.084375 0.0609375
0 0.52421875 0.19375 0.125 0.090625
0 0.5375 0.0671875 0.0875 0.0625
0 0.6875 0.16328125 0.1828125 0.134375
0 0.61875 0.11796875 0.0359375 0.0265625
0 0.69140625 0.03515625 0.1015625 0.0703125
0 0.58828125 0.02734375 0.1109375 0.0546875
0 0.79453125 0.03984375 0.05625 0.040625
0 0.9109375 0.25625 0.09375 0.0703125
0 0.9734375 0.23828125 0.053125 0.04375
0 0.615625 0.9734375 0.0875 0.053125
0 0.51953125 0.834375 0.125 0.0921875
0 0.4046875 0.83984375 0.1421875 0.1015625
0 0.71171875 0.79296875 0.040625 0.0296875
0 0.72265625 0.7671875 0.1140625 0.0828125
0 0.821875 0.79921875 0.084375 0.0609375
0 0.57578125 0.68125 0.15625 0.1140625
0 0.6203125 0.5421875 0.2625 0.190625
0 0.69453125 0.6359375 0.0390625 0.028125
0 0.890625 0.8921875 0.103125 0.075
0 0.74375 0.4203125 0.10625 0.0765625
0 0.5984375 0.41796875 0.0859375 0.0625
0 0.21875 0.56640625 0.075 0.05625
0 0.30625 0.86171875 0.0609375 0.04375
0 0.14296875 0.76171875 0.053125 0.0390625
0 0.1984375 0.8546875 0.0359375 0.0265625
0 0.03984375 0.98046875 0.0390625 0.0265625
0 0.0796875 0.821875 0.0671875 0.0515625
0 0.06875 0.74765625 0.1375 0.115625
0 0.10234375 0.60703125 0.0453125 0.034375
0 0.24765625 0.85234375 0.04375 0.03125
0 0.71171875 0.0890625 0.0984375 0.071875
0 0.38203125 0.37890625 0.0359375 0.0265625