0 0.01328125 0.021875 0.0265625 0.025
0 0.0375 0.109375 0.053125 0.0484375
0 0.09765625 0.17578125 0.053125 0.0453125
0 0.0984375 0.3453125 0.034375 0.0296875
0 0.19453125 0.59140625 0.0296875 0.025
0 0.3578125 0.31875 0.0328125 0.0296875
0 0.40625 0.1625 0.0390625 0.0328125
0 0.5140625 0.03125 0.04375 0.0359375
0 0.6390625 0.0375 0.0359375 0.03125
0 0.60703125 0.0671875 0.028125 0.025
0 0.4734375 0.08203125 0.0984375 0.0875
0 0.396875 0.0953125 0.0578125 0.0515625
0 0.16484375 0.0140625 0.0546875 0.028125
0 0.5015625 0.2140625 0.228125 0.2
0 0.584375 0.30625 0.0828125 0.0703125
0 0.625 0.3796875 0.0390625 0.034375
0 0.5875 0.484375 0.04375 0.0359375
0 0.61171875 0.44140625 0.034375 0.0296875
0 0.328125 0.5734375 0.2625 0.228125
0 0.3859375 0.71171875 0.04375 0.0390625
0 0.25234375 0.74296875 0.075 0.065625
0 0.21640625 0.8453125 0.134375 0.11875
0 0.10546875 0.7328125 0.053125 0.0453125
0 0.2765625 0.9421875 0.1015625 0.0875
0 0.42421875 0.83203125 0.040625 0.0359375
0 0.57421875 0.796875 0.0359375 0.03125
0 0.6625 0.93359375 0.0390625 0.034375
0 0.63203125 0.96015625 0.028125 0.0265625
0 0.76953125 0.8171875 0.0390625 0.034375
0 0.803125 0.69375 0.03125 0.028125
0 0.68125 0.19140625 0.1453125 0.128125
0 0.83984375 0.25703125 0.0796875 0.0703125
0 0.9828125 0.27890625 0.034375 0.0359375
0 0.953125 0.7640625 0.0578125 0.0515625
0 0.7796875 0.7640625 0.03125 0.0265625
0 0.1234375 0.9 0.125 0.1078125
0 0.27890625 0.80625 0.0484375 0.040625
0 0.18984375 0.68359375 0.1078125 0.09375
0 0.3609375 0.7609375 0.134375 0.1171875
0 0.49140625 0.14453125 0.034375 0.0296875