0 0.49296875 0.06015625 0.2625 0.1203125
0 0.3859375 0.0734375 0.034375 0.025
0 0.06875 0.21171875 0.0671875 0.0484375
0 0.06953125 0.1 0.0703125 0.0515625
0 0.17421875 0.19609375 0.090625 0.0640625
0 0.2140625 0.2515625 0.0671875 0.0484375
0 0.240625 0.28984375 0.0484375 0.034375
0 0.28359375 0.1390625 0.0796875 0.0578125
0 0.28515625 0.265625 0.0484375 0.0359375
0 0.39296875 0.27890625 0.0390625 0.0296875
0 0.4359375 0.321875 0.053125 0.0390625
0 0.3328125 0.228125 0.071875 0.053125
0 0.365625 0.459375 0.096875 0.0703125
0 0.25703125 0.390625 0.065625 0.0453125
0 0.19375 0.31015625 0.05625 0.040625
0 0.1 0.4375 0.0515625 0.0359375
0 0.25390625 0.55546875 0.053125 0.0390625
0 0.2046875 0.5296875 0.0671875 0.0484375
0 0.33203125 0.5578125 0.09375 0.0671875
0 0.16484375 0.65 0.0890625 0.0625
0 0.41953125 0.5359375 0.0703125 0.0515625
0 0.34609375 0.39453125 0.0578125 0.040625
0 0.63671875 0.5671875 0.034375 0.0234375
0 0.5578125 0.21484375 0.0453125 0.03125
0 0.23203125 0.775 0.0484375 0.034375
0 0.41328125 0.69609375 0.084375 0.0578125
0 0.61640625 0.5375 0.059375 0.04375
0 0.609375 0.49375 0.0765625 0.05625
0 0.69609375 0.76171875 0.0828125 0.0578125
0 0.709375 0.7203125 0.0796875 0.0578125
0 0.35234375 0.7234375 0.325 0.23125
0 0.29453125 0.7203125 0.0546875 0.0390625
0 0.609375 0.3375 0.0609375 0.04375
0 0.56015625 0.32421875 0.21875 0.15625
0 0.66484375 0.1859375 0.1171875 0.084375
0 0.921875 0.25 0.0390625 0.0296875
0 0.9109375 0.18359375 0.0609375 0.04375
0 0.86171875 0.46015625 0.084375 0.0609375
0 0.953125 0.46015625 0.04375 0.03125
0 0.00234375 0.00078125 0.0015625 0.0015625
0 0.91796875 0.13125 0.0703125 0.0515625
0 0.92578125 0.28125 0.034375 0.025