0 0.98203125 0.10703125 0.0359375 0.04375
0 0.984375 0.0328125 0.03125 0.0390625
0 0.93125 0.015625 0.0296875 0.0296875
0 0.7921875 0.0515625 0.2015625 0.103125
0 0.3015625 0.084375 0.0296875 0.028125
0 0.12109375 0.00703125 0.03125 0.0140625
0 0.26171875 0.23203125 0.04375 0.04375
0 0.1265625 0.21171875 0.2515625 0.2703125
0 0.06953125 0.3328125 0.025 0.0234375
0 0.1421875 0.37265625 0.084375 0.084375
0 0.509375 0.1296875 0.2640625 0.259375
0 0.78828125 0.1859375 0.290625 0.290625
0 0.8234375 0.28359375 0.0515625 0.0515625
0 0.95546875 0.2859375 0.0578125 0.0546875
0 0.865625 0.26953125 0.0515625 0.0515625
0 0.25859375 0.48203125 0.040625 0.040625
0 0.515625 0.44375 0.040625 0.040625
0 0.615625 0.40625 0.2515625 0.253125
0 0.6421875 0.3765625 0.0265625 0.0265625
0 0.63125 0.41328125 0.03125 0.03125
0 0.33046875 0.36640625 0.0265625 0.0265625
0 0.26953125 0.1265625 0.053125 0.053125
0 0.1578125 0.83515625 0.0296875 0.0296875
0 0.196875 0.60703125 0.0265625 0.0265625
0 0.0578125 0.8953125 0.0265625 0.0265625
0 0.13828125 0.7546875 0.2765625 0.2953125
0 0.38125 0.946875 0.0296875 0.0296875
0 0.5765625 0.96015625 0.03125 0.03125
0 0.525 0.8859375 0.0265625 0.0265625
0 0.55625 0.7859375 0.034375 0.034375
0 0.415625 0.80859375 0.0265625 0.0265625
0 0.3765625 0.56640625 0.0484375 0.0484375
0 0.48828125 0.55390625 0.0609375 0.059375
0 0.775 0.57578125 0.11875 0.11875
0 0.7484375 0.36875 0.034375 0.0328125
0 0.33984375 0.75 0.0265625 0.0265625
0 0.4109375 0.6671875 0.0265625 0.0265625
0 0.828125 0.78984375 0.0484375 0.0484375
0 0.82109375 0.83515625 0.0265625 0.0265625
0 0.765625 0.9125 0.03125 0.03125
0 0.68125 0.9265625 0.0265625 0.0265625
0 0.65859375 0.77265625 0.0265625 0.0265625
0 0.1109375 0.8296875 0.0265625 0.0265625
0 0.9375 0.8109375 0.0265625 0.0265625
0 0.884375 0.759375 0.0359375 0.0359375
0 0.83671875 0.40234375 0.1734375 0.1703125
0 0.76796875 0.6515625 0.2625 0.2625
0 0.06953125 0.43359375 0.0765625 0.0765625