0 0.74296875 0.9171875 0.0234375 0.025
0 0.97734375 0.68984375 0.0359375 0.034375
0 0.9875 0.66484375 0.025 0.0265625
0 0.4625 0.40234375 0.0296875 0.0296875
0 0.43125 0.34140625 0.0359375 0.0359375
0 0.18359375 0.41484375 0.0390625 0.0390625
0 0.20546875 0.77734375 0.0296875 0.0296875
0 0.603125 0.6703125 0.0265625 0.0265625
0 0.68984375 0.56484375 0.053125 0.0515625
0 0.040625 0.57578125 0.0296875 0.028125
0 0.0671875 0.56015625 0.0265625 0.0265625
0 0.6046875 0.07578125 0.0265625 0.0265625
0 0.759375 0.27890625 0.1078125 0.10625
0 0.97265625 0.5015625 0.040625 0.0390625
0 0.21484375 0.9203125 0.0671875 0.0671875
0 0.53359375 0.42421875 0.03125 0.03125
0 0.640625 0.31484375 0.03125 0.0296875
0 0.86796875 0.328125 0.03125 0.03125
0 0.8234375 0.37109375 0.0359375 0.0359375
0 0.95546875 0.3796875 0.0609375 0.0578125