0 0.56875 0.22578125 0.6734375 0.4515625
0 0.22578125 0.5 0.0390625 0.0296875
0 0.06484375 0.1625 0.125 0.096875
0 0.58203125 0.46171875 0.04375 0.034375
0 0.43125 0.51953125 0.04375 0.03125
0 0.665625 0.2703125 0.0359375 0.0265625
0 0.86328125 0.3921875 0.03125 0.0234375
0 0.95234375 0.025 0.0640625 0.05
0 0.35 0.6421875 0.3484375 0.2640625
0 0.1265625 0.72734375 0.2515625 0.209375
0 0.07109375 0.7796875 0.1421875 0.190625
0 0.9578125 0.7015625 0.0515625 0.0390625
0 0.00234375 0.00234375 0.0015625 0.0015625
0 0.7078125 0.77734375 0.053125 0.040625
0 0.6234375 0.8484375 0.3171875 0.2390625
0 0.57578125 0.68359375 0.090625 0.0703125
0 0.75234375 0.7234375 0.275 0.2078125
0 0.3890625 0.8796875 0.1453125 0.1078125
0 0.14765625 0.87109375 0.0921875 0.0703125