0 0.0421875 0.8953125 0.0359375 0.0359375
0 0.65 0.896875 0.040625 0.040625
0 0.41328125 0.7765625 0.0265625 0.0265625
0 0.42421875 0.70703125 0.0265625 0.0265625
0 0.2984375 0.7765625 0.0359375 0.0359375
0 0.3078125 0.80859375 0.0296875 0.0296875
0 0.36796875 0.81875 0.0296875 0.0296875
0 0.5265625 0.71015625 0.0265625 0.0265625
0 0.5625 0.634375 0.0265625 0.0265625
0 0.6265625 0.65234375 0.028125 0.0296875
0 0.8703125 0.915625 0.025 0.025
0 0.18125 0.4984375 0.053125 0.053125
0 0.0921875 0.46640625 0.04375 0.04375
0 0.321875 0.328125 0.0796875 0.0796875
0 0.39765625 0.2703125 0.0453125 0.0453125
0 0.4734375 0.28984375 0.0265625 0.0234375
0 0.6296875 0.26796875 0.03125 0.03125
0 0.5796875 0.22578125 0.028125 0.0296875
0 0.5140625 0.078125 0.0265625 0.0265625
0 0.30390625 0.146875 0.0265625 0.0265625
0 0.94609375 0.80546875 0.0296875 0.0296875
0 0.96171875 0.66015625 0.0453125 0.0453125
0 0.65859375 0.27734375 0.2703125 0.2703125
0 0.8296875 0.30390625 0.03125 0.03125