0 0.09765625 0.3921875 0.0390625 0.0390625
0 0.02265625 0.1859375 0.0359375 0.0359375
0 0.0578125 0.2328125 0.0359375 0.0359375
0 0.17421875 0.23203125 0.0453125 0.0453125
0 0.15 0.1890625 0.0796875 0.0796875
0 0.13359375 0.1296875 0.0765625 0.0765625
0 0.28515625 0.28359375 0.034375 0.0328125
0 0.24609375 0.33046875 0.0265625 0.0265625
0 0.3578125 0.48828125 0.0390625 0.0390625
0 0.2359375 0.5 0.025 0.025
0 0.3015625 0.42890625 0.0484375 0.0484375
0 0.3734375 0.428125 0.0265625 0.0265625
0 0.3421875 0.4578125 0.0265625 0.0265625
0 0.42890625 0.515625 0.03125 0.03125
0 0.41953125 0.5609375 0.0265625 0.0265625
0 0.3890625 0.54296875 0.04375 0.04375
0 0.459375 0.459375 0.034375 0.034375
0 0.4484375 0.42421875 0.04375 0.04375
0 0.3921875 0.30859375 0.040625 0.040625
0 0.3765625 0.28515625 0.0296875 0.0296875
0 0.35546875 0.303125 0.034375 0.0328125
0 0.3390625 0.27421875 0.034375 0.034375
0 0.21640625 0.16796875 0.075 0.075
0 0.19609375 0.125 0.0578125 0.0578125
0 0.27734375 0.0328125 0.0265625 0.0265625
0 0.353125 0.0109375 0.0359375 0.021875
0 0.35 0.0265625 0.0390625 0.0390625
0 0.40625 0.18125 0.0484375 0.0484375
0 0.40625 0.234375 0.0296875 0.0296875
0 0.44609375 0.17890625 0.03125 0.03125
0 0.5296875 0.4890625 0.028125 0.0296875
0 0.5578125 0.5203125 0.034375 0.034375
0 0.5671875 0.5625 0.03125 0.03125
0 0.56875 0.6046875 0.028125 0.028125
0 0.375 0.60234375 0.0296875 0.028125
0 0.63203125 0.39296875 0.0484375 0.0484375
0 0.6859375 0.4171875 0.065625 0.065625
0 0.6 0.29296875 0.028125 0.0296875
0 0.6734375 0.275 0.0359375 0.0359375
0 0.63359375 0.2828125 0.0390625 0.0390625
0 0.571875 0.228125 0.040625 0.040625
0 0.603125 0.2546875 0.0390625 0.0390625
0 0.5109375 0.16328125 0.0234375 0.025
0 0.63359375 0.040625 0.053125 0.053125
0 0.65390625 0.1765625 0.0390625 0.0375
0 0.6296875 0.14453125 0.0359375 0.0359375
0 0.46015625 0.0375 0.0796875 0.075
0 0.55390625 0.06640625 0.03125 0.03125
0 0.71875 0.015625 0.0578125 0.03125
0 0.7984375 0.115625 0.0484375 0.0484375
0 0.72578125 0.13203125 0.028125 0.0296875
0 0.671875 0.0796875 0.0578125 0.0578125
0 0.68046875 0.1671875 0.084375 0.084375
0 0.55546875 0.07578125 0.0765625 0.0765625
0 0.41328125 0.1265625 0.0296875 0.0296875
0 0.93359375 0.29296875 0.0671875 0.0671875
0 0.865625 0.36640625 0.0359375 0.0359375
0 0.81015625 0.365625 0.028125 0.0296875
0 0.78515625 0.4234375 0.0875 0.0859375
0 0.73203125 0.62265625 0.0484375 0.0484375
0 0.790625 0.6875 0.0265625 0.0265625
0 0.92578125 0.625 0.0359375 0.0359375
0 0.8234375 0.57578125 0.034375 0.034375
0 0.86328125 0.55390625 0.1515625 0.1515625
0 0.91328125 0.46484375 0.025 0.025
0 0.853125 0.459375 0.0265625 0.0265625
0 0.9078125 0.68125 0.03125 0.03125
0 0.896875 0.66328125 0.034375 0.034375
0 0.896875 0.74609375 0.0296875 0.0296875
0 0.9515625 0.6984375 0.0265625 0.0265625
0 0.9515625 0.790625 0.0296875 0.028125
0 0.86796875 0.79453125 0.0625 0.0625
0 0.80078125 0.78515625 0.0703125 0.0703125
0 0.6984375 0.79296875 0.040625 0.040625
0 0.5640625 0.76953125 0.028125 0.0296875
0 0.571875 0.80546875 0.028125 0.0296875
0 0.5515625 0.634375 0.0265625 0.0265625
0 0.6140625 0.6859375 0.03125 0.03125
0 0.4703125 0.375 0.0265625 0.0265625
0 0.36640625 0.334375 0.03125 0.03125
0 0.98671875 0.37265625 0.0265625 0.0296875
0 0.884375 0.1078125 0.040625 0.040625
0 0.98046875 0.88125 0.03125 0.03125
0 0.9203125 0.88203125 0.034375 0.034375
0 0.75390625 0.88828125 0.040625 0.040625
0 0.77421875 0.83515625 0.034375 0.034375
0 0.53125 0.85 0.0265625 0.0265625
0 0.4421875 0.68359375 0.03125 0.03125
0 0.38671875 0.74609375 0.0265625 0.0265625
0 0.38671875 0.8578125 0.0265625 0.0265625
0 0.1453125 0.63203125 0.040625 0.040625
0 0.290625 0.8140625 0.0234375 0.025
0 0.1890625 0.821875 0.03125 0.03125
0 0.2125 0.85078125 0.053125 0.053125
0 0.4421875 0.3171875 0.0296875 0.0296875
0 0.32578125 0.51796875 0.0765625 0.0765625