0 0.0578125 0.53359375 0.0453125 0.0390625
0 0.2015625 0.240625 0.053125 0.040625
0 0.1890625 0.26796875 0.040625 0.0328125
0 0.1609375 0.2640625 0.04375 0.0328125
0 0.17578125 0.33984375 0.0515625 0.040625
0 0.14296875 0.365625 0.0328125 0.0296875
0 0.1359375 0.396875 0.0359375 0.0296875
0 0.1421875 0.33046875 0.0578125 0.0453125
0 0.196875 0.38125 0.040625 0.0328125
0 0.2953125 0.4109375 0.040625 0.03125
0 0.2640625 0.34140625 0.040625 0.0328125
0 0.2640625 0.21640625 0.053125 0.04375
0 0.2078125 0.07421875 0.0515625 0.040625
0 0.4984375 0.02265625 0.084375 0.0453125
0 0.49609375 0.05078125 0.040625 0.034375
0 0.53359375 0.103125 0.0703125 0.0578125
0 0.6828125 0.1046875 0.040625 0.034375
0 0.625 0.0203125 0.0515625 0.040625
0 0.6515625 0.03828125 0.0390625 0.03125
0 0.603125 0.04921875 0.03125 0.025
0 0.75703125 0.1109375 0.190625 0.153125
0 0.8390625 0.1703125 0.03125 0.0265625
0 0.8234375 0.26796875 0.03125 0.0234375
0 0.63125 0.08515625 0.0828125 0.0671875
0 0.43046875 0.13203125 0.05625 0.0453125
0 0.55078125 0.2125 0.303125 0.2453125
0 0.6734375 0.3859375 0.0703125 0.05625
0 0.5953125 0.41328125 0.0578125 0.0484375
0 0.67421875 0.4375 0.0578125 0.0484375
0 0.70546875 0.4671875 0.09375 0.075
0 0.4890625 0.48046875 0.065625 0.053125
0 0.2515625 0.5171875 0.040625 0.034375
0 0.2234375 0.4828125 0.071875 0.0578125
0 0.1578125 0.4859375 0.065625 0.053125
0 0.16328125 0.42421875 0.0625 0.0515625
0 0.09375 0.5671875 0.0625 0.0515625
0 0.02734375 0.57734375 0.0546875 0.0515625
0 0.053125 0.6296875 0.0609375 0.0484375
0 0.08671875 0.734375 0.1375 0.1109375
0 0.0140625 0.79765625 0.028125 0.0390625
0 0.5328125 0.7390625 0.3875 0.3109375
0 0.40234375 0.65234375 0.1328125 0.10625
0 0.7171875 0.64296875 0.1078125 0.0875
0 0.4375 0.7046875 0.03125 0.0265625
0 0.490625 0.725 0.065625 0.0515625
0 0.259375 0.6859375 0.040625 0.034375
0 0.540625 0.37734375 0.0390625 0.03125
0 0.83203125 0.5203125 0.0609375 0.0484375
0 0.865625 0.51796875 0.1328125 0.10625
0 0.29921875 0.10234375 0.04375 0.034375
0 0.975 0.453125 0.040625 0.034375
0 0.9640625 0.3578125 0.040625 0.03125
0 0.93046875 0.11171875 0.040625 0.034375
0 0.9546875 0.5203125 0.05625 0.04375
0 0.93515625 0.459375 0.0984375 0.0796875
0 0.86796875 0.225 0.04375 0.034375
0 0.80859375 0.58984375 0.128125 0.103125
0 0.95078125 0.83203125 0.040625 0.034375
0 0.9046875 0.9046875 0.1421875 0.1140625
0 0.8140625 0.9046875 0.0578125 0.0453125
0 0.77890625 0.87734375 0.0703125 0.0578125
0 0.81875 0.80625 0.0890625 0.071875
0 0.6359375 0.61875 0.0359375 0.028125
0 0.50625 0.66015625 0.034375 0.0265625
0 0.7796875 0.9546875 0.084375 0.0671875
0 0.66953125 0.9421875 0.084375 0.0671875
0 0.43359375 0.50703125 0.0578125 0.0453125
0 0.30859375 0.5484375 0.040625 0.03125
0 0.54921875 0.59609375 0.053125 0.04375
0 0.265625 0.8953125 0.03125 0.025
0 0.72109375 0.87265625 0.0578125 0.0453125