0 0.4015625 0.9796875 0.05625 0.040625
0 0.02890625 0.82578125 0.0578125 0.0875
0 0.03828125 0.7515625 0.04375 0.0359375
0 0.15390625 0.75859375 0.0359375 0.028125
0 0.1546875 0.90859375 0.05625 0.0453125
0 0.0515625 0.9171875 0.103125 0.11875
0 0.25625 0.509375 0.0796875 0.065625
0 0.21015625 0.5640625 0.1140625 0.090625
0 0.3921875 0.4796875 0.146875 0.11875
0 0.0453125 0.46015625 0.0296875 0.025
0 0.04921875 0.4109375 0.040625 0.034375
0 0.2015625 0.95078125 0.096875 0.0765625
0 0.6625 0.36796875 0.04375 0.034375
0 0.6875 0.3453125 0.0453125 0.0359375
0 0.59765625 0.3953125 0.0390625 0.03125
0 0.62109375 0.41484375 0.053125 0.040625
0 0.9359375 0.759375 0.034375 0.0265625
0 0.96484375 0.78984375 0.0359375 0.03125
0 0.5296875 0.484375 0.221875 0.178125
0 0.5296875 0.57109375 0.0796875 0.065625
0 0.8609375 0.48828125 0.0703125 0.05625
0 0.7703125 0.46171875 0.15625 0.125
0 0.78984375 0.36796875 0.1015625 0.0828125
0 0.90234375 0.41015625 0.05625 0.0453125
0 0.98203125 0.39453125 0.0359375 0.0359375
0 0.6640625 0.01171875 0.040625 0.0234375
0 0.81484375 0.0625 0.040625 0.034375
0 0.89453125 0.1703125 0.040625 0.0328125
0 0.89453125 0.19375 0.053125 0.04375
0 0.9640625 0.31875 0.0296875 0.0234375
0 0.45078125 0.20703125 0.0515625 0.040625
0 0.353125 0.2078125 0.03125 0.025
0 0.3265625 0.19921875 0.2453125 0.196875
0 0.2796875 0.1421875 0.040625 0.0328125
0 0.11171875 0.1234375 0.2234375 0.2171875
0 0.771875 0.10234375 0.0578125 0.0453125
0 0.6921875 0.2125 0.153125 0.125
0 0.475 0.24375 0.1640625 0.1328125
0 0.478125 0.33984375 0.0625 0.0515625
0 0.53984375 0.10234375 0.03125 0.025