0 0.5921875 0.97109375 0.0265625 0.025
0 0.91953125 0.7703125 0.04375 0.040625
0 0.9109375 0.9390625 0.040625 0.040625
0 0.2921875 0.75703125 0.0515625 0.0484375
0 0.390625 0.9265625 0.0578125 0.05625
0 0.6734375 0.37109375 0.053125 0.053125
0 0.58515625 0.34765625 0.0359375 0.0359375
0 0.33671875 0.49765625 0.040625 0.040625
0 0.26796875 0.47265625 0.040625 0.040625
0 0.16484375 0.6203125 0.0265625 0.0265625
0 0.49375 0.51796875 0.0296875 0.028125
0 0.5015625 0.60078125 0.0265625 0.0234375
0 0.071875 0.921875 0.0390625 0.0390625
0 0.46015625 0.08671875 0.0390625 0.0390625
0 0.86640625 0.2328125 0.0390625 0.0359375
0 0.83671875 0.2484375 0.03125 0.0296875
0 0.834375 0.2171875 0.034375 0.03125
0 0.4796875 0.66484375 0.0453125 0.04375
0 0.65 0.40859375 0.071875 0.0703125
0 0.40625 0.39453125 0.0796875 0.0765625
0 0.24140625 0.39765625 0.0296875 0.0265625
0 0.53125 0.21640625 0.03125 0.03125
0 0.33515625 0.553125 0.034375 0.03125
0 0.728125 0.390625 0.028125 0.0265625
0 0.80546875 0.97734375 0.0578125 0.0453125