0 0.02265625 0.0171875 0.0453125 0.034375
0 0.2546875 0.0765625 0.0515625 0.0390625
0 0.27890625 0.1546875 0.0546875 0.04375
0 0.2390625 0.12734375 0.0515625 0.040625
0 0.59375 0.02734375 0.034375 0.0265625
0 0.81640625 0.1 0.115625 0.090625
0 0.63828125 0.0765625 0.034375 0.0265625
0 0.9 0.2046875 0.0453125 0.034375
0 0.8734375 0.2296875 0.0703125 0.0546875
0 0.91796875 0.51171875 0.0921875 0.071875
0 0.9671875 0.5453125 0.065625 0.053125
0 0.89296875 0.6359375 0.0578125 0.04375
0 0.78359375 0.63828125 0.040625 0.03125
0 0.7921875 0.56640625 0.0578125 0.0453125
0 0.80859375 0.828125 0.0578125 0.0453125
0 0.87265625 0.8375 0.0515625 0.0390625
0 0.92421875 0.3640625 0.0390625 0.03125
0 0.9078125 0.40625 0.034375 0.0265625
0 0.85 0.3375 0.034375 0.0265625
0 0.83203125 0.359375 0.034375 0.0265625
0 0.8640625 0.4859375 0.0359375 0.0296875
0 0.73671875 0.82421875 0.1765625 0.134375
0 0.85 0.740625 0.0453125 0.034375
0 0.44921875 0.81875 0.04375 0.034375
0 0.3765625 0.86171875 0.071875 0.05625
0 0.39765625 0.77265625 0.053125 0.040625
0 0.5796875 0.98515625 0.0375 0.0296875
0 0.9078125 0.4546875 0.065625 0.0515625
0 0.946875 0.1875 0.0453125 0.0359375
0 0.6390625 0.4265625 0.034375 0.0265625
0 0.6859375 0.26328125 0.03125 0.0234375
0 0.625 0.3171875 0.03125 0.0234375
0 0.50859375 0.15625 0.0578125 0.0453125
0 0.82578125 0.48046875 0.0515625 0.0390625
0 0.76796875 0.43125 0.084375 0.0640625
0 0.38359375 0.45078125 0.0453125 0.0359375
0 0.41015625 0.48828125 0.084375 0.065625
0 0.50390625 0.59765625 0.04375 0.034375
0 0.421875 0.609375 0.034375 0.025
0 0.2953125 0.55390625 0.0359375 0.0265625
0 0.21875 0.5453125 0.0609375 0.0453125
0 0.17578125 0.6609375 0.0671875 0.053125
0 0.15390625 0.6453125 0.0484375 0.0390625
0 0.22578125 0.70078125 0.0859375 0.0671875
0 0.22578125 0.74296875 0.0828125 0.0625
0 0.05625 0.7953125 0.0625 0.0484375
0 0.2140625 0.79453125 0.0921875 0.0703125
0 0.4515625 0.6453125 0.0671875 0.053125
0 0.23046875 0.4390625 0.034375 0.0265625
0 0.29453125 0.40625 0.053125 0.040625
0 0.2640625 0.48828125 0.0484375 0.0359375
0 0.27734375 0.28984375 0.05625 0.04375
0 0.19609375 0.2515625 0.1234375 0.0953125
0 0.13203125 0.290625 0.0375 0.03125
0 0.07578125 0.85234375 0.0671875 0.0515625
0 0.1203125 0.86875 0.0515625 0.0390625
0 0.0890625 0.8890625 0.05625 0.04375
0 0.13359375 0.9375 0.053125 0.040625
0 0.1625 0.890625 0.0625 0.0484375
0 0.265625 0.96875 0.04375 0.034375
0 0.10546875 0.7515625 0.075 0.0578125
0 0.1265625 0.396875 0.2125 0.1640625
0 0.1 0.31875 0.040625 0.03125
0 0.14453125 0.3734375 0.0359375 0.0265625
0 0.16328125 0.41484375 0.0609375 0.0484375
0 0.0515625 0.54453125 0.103125 0.1515625
0 0.02890625 0.4625 0.0515625 0.040625
0 0.984375 0.98671875 0.03125 0.0265625