0 0.8796875 0.09140625 0.065625 0.0515625
0 0.81953125 0.0265625 0.03125 0.025
0 0.6703125 0.0359375 0.090625 0.071875
0 0.5296875 0.02421875 0.040625 0.034375
0 0.6421875 0.240625 0.0984375 0.0765625
0 0.67578125 0.12890625 0.034375 0.0265625
0 0.321875 0.08046875 0.0359375 0.028125
0 0.27421875 0.08515625 0.040625 0.034375
0 0.55859375 0.29453125 0.05625 0.04375
0 0.1046875 0.4203125 0.053125 0.040625
0 0.240625 0.7953125 0.0578125 0.0453125
0 0.03359375 0.915625 0.04375 0.034375
0 0.01953125 0.9484375 0.0390625 0.0359375
0 0.51171875 0.63828125 0.0390625 0.028125
0 0.45703125 0.6046875 0.0390625 0.03125
0 0.296875 0.65 0.034375 0.0265625
0 0.571875 0.4125 0.040625 0.034375
0 0.44375 0.90625 0.053125 0.04375
0 0.2234375 0.4234375 0.0625 0.0515625
0 0.60546875 0.4578125 0.15625 0.1234375
0 0.70078125 0.584375 0.0390625 0.028125
0 0.7703125 0.546875 0.09375 0.075
0 0.740625 0.60546875 0.071875 0.0578125
0 0.7046875 0.78359375 0.0828125 0.065625
0 0.5671875 0.64296875 0.0515625 0.0390625
0 0.8140625 0.7828125 0.03125 0.025
0 0.77890625 0.78515625 0.040625 0.03125
0 0.72109375 0.7546875 0.05625 0.04375
0 0.74140625 0.94375 0.0890625 0.0703125
0 0.8765625 0.475 0.03125 0.025
0 0.8765625 0.55390625 0.0453125 0.0359375
0 0.865625 0.5828125 0.0359375 0.028125
0 0.93984375 0.27421875 0.075 0.0578125
0 0.93984375 0.13828125 0.0390625 0.03125
0 0.9171875 0.60234375 0.0796875 0.0625