0 0.00234375 0.0015625 0.003125 0.003125
0 0.74296875 0.29296875 0.2796875 0.2125
0 0.96015625 0.83046875 0.0625 0.0484375
0 0.91328125 0.8734375 0.04375 0.034375
0 0.265625 0.96640625 0.0828125 0.0625
0 0.4515625 0.76171875 0.0671875 0.0515625
0 0.5046875 0.71875 0.1546875 0.11875
0 0.50625 0.790625 0.04375 0.034375
0 0.6890625 0.80390625 0.040625 0.03125
0 0.44453125 0.62890625 0.103125 0.0796875
0 0.37265625 0.58046875 0.0359375 0.0265625
0 0.25390625 0.446875 0.0390625 0.0296875
0 0.1734375 0.44453125 0.0359375 0.0265625
0 0.021875 0.23828125 0.04375 0.034375
0 0.19140625 0.12890625 0.0625 0.0453125
0 0.10546875 0.29453125 0.0578125 0.04375
0 0.7140625 0.35 0.04375 0.0328125
0 0.62734375 0.38203125 0.0359375 0.0265625
0 0.584375 0.36640625 0.0359375 0.0296875
0 0.86875 0.6390625 0.0484375 0.0390625
0 0.1515625 0.20546875 0.0375 0.0296875
0 0.1625 0.33515625 0.0625 0.0484375
0 0.73828125 0.7875 0.03125 0.025
0 0.72109375 0.00859375 0.040625 0.0171875