0 0.73828125 0.9203125 0.0359375 0.0359375
0 0.928125 0.93515625 0.04375 0.04375
0 0.321875 0.63828125 0.04375 0.04375
0 0.24296875 0.4109375 0.025 0.0234375
0 0.125 0.29296875 0.04375 0.04375
0 0.46484375 0.3859375 0.05625 0.05625
0 0.45078125 0.415625 0.053125 0.053125
0 0.5828125 0.1734375 0.034375 0.0328125
0 0.9875 0.9328125 0.025 0.034375
0 0.7953125 0.76953125 0.115625 0.1140625
0 0.74765625 0.83203125 0.0453125 0.0453125
0 0.5796875 0.55859375 0.0796875 0.0796875
0 0.584375 0.25390625 0.0265625 0.0265625
0 0.25234375 0.82109375 0.0359375 0.0359375