0 0.31875 0.640625 0.0296875 0.0265625
0 0.6703125 0.8140625 0.034375 0.03125
0 0.7078125 0.90390625 0.028125 0.0265625
0 0.2875 0.71875 0.0515625 0.0484375
0 0.6703125 0.53515625 0.0265625 0.025
0 0.6765625 0.61328125 0.0546875 0.053125
0 0.678125 0.69140625 0.0265625 0.025
0 0.71484375 0.734375 0.040625 0.0390625
0 0.80078125 0.703125 0.0265625 0.025
0 0.959375 0.165625 0.0265625 0.025
0 0.94921875 0.28828125 0.04375 0.040625
0 0.9421875 0.31484375 0.0359375 0.0328125
0 0.509375 0.89453125 0.034375 0.03125