0 0.07109375 0.05390625 0.1421875 0.1078125
0 0.0609375 0.2453125 0.065625 0.0484375
0 0.23046875 0.37734375 0.0390625 0.0296875
0 0.384375 0.4625 0.03125 0.025
0 0.40859375 0.4265625 0.0390625 0.03125
0 0.55859375 0.1578125 0.0359375 0.0265625
0 0.609375 0.18359375 0.0453125 0.0359375
0 0.63125 0.20703125 0.0671875 0.053125
0 0.703125 0.071875 0.0453125 0.0359375
0 0.74765625 0.11328125 0.0515625 0.0390625
0 0.7875 0.11875 0.0484375 0.0359375
0 0.9046875 0.14296875 0.0609375 0.0453125
0 0.9375 0.22265625 0.0359375 0.0296875
0 0.928125 0.25703125 0.0359375 0.0265625
0 0.84375 0.2046875 0.04375 0.034375
0 0.61640625 0.4953125 0.034375 0.0265625
0 0.18125 0.45703125 0.075 0.0578125
0 0.4484375 0.6734375 0.034375 0.0265625
0 0.25 0.44609375 0.034375 0.025
0 0.61796875 0.6671875 0.0796875 0.059375
0 0.97578125 0.3296875 0.0484375 0.04375
0 0.97109375 0.28359375 0.0578125 0.0453125
0 0.803125 0.61796875 0.03125 0.0234375
0 0.8796875 0.8328125 0.04375 0.03125
0 0.8109375 0.93515625 0.0453125 0.0359375
0 0.91484375 0.5109375 0.0453125 0.0359375
0 0.4734375 0.953125 0.0453125 0.034375
0 0.36328125 0.6046875 0.0796875 0.059375
0 0.83515625 0.46171875 0.0765625 0.0578125
0 0.77421875 0.80625 0.0890625 0.0671875
0 0.81484375 0.55859375 0.253125 0.1921875
0 0.94140625 0.1 0.04375 0.034375
0 0.6890625 0.85078125 0.115625 0.0875
0 0.69140625 0.92421875 0.0578125 0.04375
0 0.3734375 0.87734375 0.0453125 0.034375
0 0.890625 0.91015625 0.0890625 0.0671875