0 0.89453125 0.8140625 0.0671875 0.065625
0 0.89765625 0.725 0.0625 0.0578125
0 0.71484375 0.91953125 0.1140625 0.1078125
0 0.88359375 0.95546875 0.03125 0.03125
0 0.4078125 0.96015625 0.0828125 0.0765625
0 0.22734375 0.953125 0.0359375 0.034375
0 0.23046875 0.9390625 0.1015625 0.096875
0 0.2484375 0.81640625 0.0578125 0.05625
0 0.1875 0.83671875 0.0515625 0.0484375
0 0.4859375 0.88359375 0.1453125 0.1375
0 0.4859375 0.803125 0.0484375 0.0453125
0 0.46171875 0.7875 0.053125 0.0515625
0 0.50234375 0.7671875 0.0515625 0.0484375
0 0.53984375 0.74765625 0.03125 0.03125
0 0.55390625 0.8078125 0.053125 0.0515625
0 0.571875 0.88359375 0.0265625 0.0265625
0 0.48828125 0.959375 0.0390625 0.0359375
0 0.6046875 0.9515625 0.03125 0.0296875
0 0.55390625 0.96640625 0.0828125 0.0671875
0 0.7078125 0.65390625 0.0359375 0.034375
0 0.609375 0.6546875 0.03125 0.028125
0 0.5640625 0.678125 0.05625 0.053125
0 0.52265625 0.72109375 0.0484375 0.0453125
0 0.5671875 0.73828125 0.071875 0.0671875
0 0.4265625 0.67578125 0.04375 0.040625
0 0.35078125 0.7390625 0.034375 0.034375
0 0.32109375 0.70703125 0.0359375 0.0359375
0 0.2765625 0.7640625 0.0703125 0.065625
0 0.3171875 0.7859375 0.034375 0.03125
0 0.09140625 0.9875 0.0265625 0.025
0 0.0828125 0.696875 0.1234375 0.11875
0 0.0171875 0.9 0.034375 0.040625
0 0.05078125 0.88203125 0.0484375 0.0453125
0 0.07578125 0.92890625 0.053125 0.0515625
0 0.1265625 0.90859375 0.0296875 0.0296875
0 0.10703125 0.88203125 0.0296875 0.0265625
0 0.015625 0.41796875 0.03125 0.0578125
0 0.0109375 0.38359375 0.021875 0.0359375
0 0.078125 0.33203125 0.034375 0.03125
0 0.1578125 0.38359375 0.0765625 0.075
0 0.10234375 0.3796875 0.040625 0.0390625
0 0.16796875 0.46015625 0.0515625 0.0484375
0 0.16328125 0.49765625 0.04375 0.040625
0 0.275 0.453125 0.0515625 0.0484375
0 0.29453125 0.49765625 0.0453125 0.04375
0 0.30546875 0.53515625 0.0296875 0.0265625
0 0.37265625 0.421875 0.0328125 0.03125
0 0.37890625 0.57421875 0.2546875 0.240625
0 0.4625 0.62265625 0.034375 0.03125
0 0.21484375 0.3546875 0.0484375 0.0453125
0 0.19453125 0.28984375 0.0296875 0.0296875
0 0.20078125 0.25390625 0.0359375 0.034375
0 0.22578125 0.3015625 0.0671875 0.0625
0 0.05390625 0.271875 0.0390625 0.0359375
0 0.01171875 0.3390625 0.0234375 0.03125
0 0.1921875 0.1625 0.0296875 0.0265625
0 0.1671875 0.1390625 0.0515625 0.0484375
0 0.03984375 0.1046875 0.03125 0.0296875
0 0.02734375 0.1234375 0.034375 0.03125
0 0.0171875 0.24140625 0.0296875 0.0265625
0 0.03984375 0.01953125 0.0265625 0.025
0 0.01328125 0.08984375 0.0265625 0.0296875
0 0.07890625 0.01171875 0.0390625 0.0234375
0 0.34375 0.05625 0.0296875 0.0265625
0 0.25703125 0.10078125 0.0359375 0.034375
0 0.25390625 0.24609375 0.065625 0.0625
0 0.2203125 0.22265625 0.0296875 0.0265625
0 0.27734375 0.27421875 0.0265625 0.0265625
0 0.08515625 0.0921875 0.0359375 0.0359375
0 0.07421875 0.11796875 0.0265625 0.025
0 0.0890625 0.25625 0.053125 0.0484375
0 0.109375 0.29453125 0.0265625 0.0265625
0 0.11796875 0.31953125 0.0390625 0.0390625
0 0.13828125 0.06015625 0.0328125 0.03125
0 0.11328125 0.08046875 0.0265625 0.0265625
0 0.0875 0.0578125 0.03125 0.028125
0 0.46171875 0.06015625 0.0296875 0.0265625
0 0.37890625 0.103125 0.040625 0.0390625
0 0.4109375 0.1265625 0.04375 0.040625
0 0.4171875 0.28125 0.040625 0.040625
0 0.41484375 0.303125 0.034375 0.03125
0 0.40625 0.32421875 0.0265625 0.0265625
0 0.38125 0.2984375 0.0296875 0.0296875
0 0.33515625 0.3546875 0.034375 0.03125
0 0.3171875 0.33984375 0.040625 0.0390625
0 0.14453125 0.3390625 0.0390625 0.0359375
0 0.3171875 0.43984375 0.0359375 0.034375
0 0.4890625 0.31640625 0.0453125 0.04375
0 0.540625 0.28359375 0.0265625 0.0265625
0 0.38359375 0.1984375 0.040625 0.0390625
0 0.5625 0.59375 0.053125 0.0515625
0 0.55859375 0.484375 0.0265625 0.025
0 0.72265625 0.33671875 0.1703125 0.1609375
0 0.5328125 0.35078125 0.0390625 0.0359375
0 0.76796875 0.57578125 0.040625 0.0390625
0 0.790625 0.640625 0.028125 0.0265625
0 0.7796875 0.61171875 0.034375 0.03125
0 0.81875 0.603125 0.0296875 0.028125
0 0.8453125 0.63828125 0.040625 0.0390625
0 0.54921875 0.4546875 0.028125 0.0296875
0 0.7640625 0.1765625 0.0265625 0.025
0 0.84140625 0.19609375 0.18125 0.1703125
0 0.678125 0.17890625 0.1921875 0.18125
0 0.78515625 0.05546875 0.2046875 0.1109375
0 0.74609375 0.11875 0.084375 0.0796875
0 0.58046875 0.07421875 0.1140625 0.10625
0 0.47265625 0.10703125 0.034375 0.03125
0 0.43515625 0.109375 0.040625 0.0390625
0 0.43359375 0.19921875 0.0390625 0.0359375
0 0.53828125 0.27734375 0.21875 0.2078125
0 0.3171875 0.96484375 0.0578125 0.05625
0 0.69140625 0.46484375 0.2328125 0.221875