0 0.5796875 0.26171875 0.3109375 0.240625
0 0.728125 0.984375 0.053125 0.03125
0 0.56875 0.8953125 0.0453125 0.0359375
0 0.725 0.821875 0.0484375 0.0359375
0 0.75859375 0.8546875 0.0484375 0.0390625
0 0.80859375 0.896875 0.04375 0.034375
0 0.71875 0.890625 0.0390625 0.0296875
0 0.7015625 0.915625 0.04375 0.034375
0 0.86171875 0.9625 0.0515625 0.040625
0 0.91015625 0.96640625 0.09375 0.0671875
0 0.8453125 0.86796875 0.05625 0.04375
0 0.30625 0.9328125 0.0328125 0.0265625
0 0.5640625 0.69609375 0.075 0.0578125
0 0.5375 0.7140625 0.03125 0.0234375
0 0.5609375 0.7546875 0.096875 0.075
0 0.57109375 0.6578125 0.034375 0.0265625
0 0.74140625 0.021875 0.0390625 0.03125
0 0.87890625 0.03125 0.084375 0.0625
0 0.8546875 0.13671875 0.05625 0.04375
0 0.7640625 0.1625 0.03125 0.025
0 0.77265625 0.2125 0.1296875 0.1015625
0 0.915625 0.0796875 0.03125 0.025
0 0.72265625 0.6046875 0.03125 0.0234375
0 0.74609375 0.6359375 0.0625 0.0484375
0 0.81875 0.73828125 0.0453125 0.0359375
0 0.76953125 0.3171875 0.15 0.115625
0 0.86875 0.3328125 0.0359375 0.0296875
0 0.9515625 0.31875 0.034375 0.0265625
0 0.86875 0.5640625 0.1421875 0.1109375
0 0.55625 0.13671875 0.0578125 0.0453125
0 0.88203125 0.11796875 0.040625 0.03125
0 0.69375 0.11796875 0.178125 0.1375