0 0.89921875 0.0828125 0.0796875 0.0796875
0 0.9375 0.11796875 0.025 0.025
0 0.96484375 0.15390625 0.0296875 0.0296875
0 0.83671875 0.07421875 0.034375 0.034375
0 0.8015625 0.3375 0.0390625 0.0390625
0 0.7078125 0.02265625 0.0265625 0.0265625
0 0.35546875 0.01953125 0.0609375 0.0390625
0 0.3640625 0.1078125 0.034375 0.034375
0 0.478125 0.140625 0.075 0.075
0 0.4625 0.0890625 0.025 0.025
0 0.3546875 0.20078125 0.0359375 0.0359375
0 0.296875 0.178125 0.0453125 0.0453125
0 0.24765625 0.0953125 0.0359375 0.0359375
0 0.821875 0.25 0.05625 0.05625
0 0.78125 0.27265625 0.0625 0.0625
0 0.728125 0.16484375 0.0453125 0.0453125
0 0.2984375 0.33984375 0.040625 0.040625
0 0.228125 0.36796875 0.0359375 0.0359375
0 0.0484375 0.17421875 0.0671875 0.0671875
0 0.0203125 0.2140625 0.040625 0.04375
0 0.01796875 0.0765625 0.0296875 0.028125
0 0.06640625 0.05546875 0.0703125 0.0703125
0 0.13515625 0.0296875 0.0890625 0.059375
0 0.24140625 0.4265625 0.0765625 0.0765625
0 0.0609375 0.25859375 0.04375 0.04375
0 0.30078125 0.62109375 0.0296875 0.0296875
0 0.29921875 0.63828125 0.0265625 0.0265625
0 0.4046875 0.80546875 0.0265625 0.0265625
0 0.3375 0.79453125 0.0265625 0.0265625
0 0.5296875 0.69921875 0.0265625 0.0265625
0 0.515625 0.62890625 0.0265625 0.0265625
0 0.38125 0.4640625 0.03125 0.03125
0 0.72734375 0.7828125 0.053125 0.053125
0 0.6625 0.71484375 0.05625 0.05625
0 0.6515625 0.69140625 0.0578125 0.0578125
0 0.76953125 0.60546875 0.0765625 0.0765625
0 0.8609375 0.5109375 0.025 0.0234375
0 0.83671875 0.975 0.03125 0.03125
0 0.696875 0.8703125 0.0828125 0.0828125
0 0.1453125 0.9 0.0265625 0.0265625
0 0.4328125 0.0984375 0.0265625 0.0265625
0 0.45703125 0.04453125 0.0984375 0.0890625
0 0.3109375 0.20546875 0.0296875 0.0296875
0 0.06015625 0.50859375 0.1203125 0.2328125
0 0.5015625 0.3953125 0.2625 0.2625
0 0.3140625 0.37109375 0.03125 0.03125
0 0.146875 0.3125 0.0796875 0.0796875
0 0.19453125 0.0296875 0.0671875 0.059375
0 0.03359375 0.2921875 0.0453125 0.0453125
0 0.490625 0.56015625 0.028125 0.028125
0 0.41953125 0.61640625 0.1640625 0.1640625
0 0.5265625 0.72109375 0.0453125 0.0453125