0 0.234375 0.46171875 0.0359375 0.0265625
0 0.1515625 0.4734375 0.0453125 0.0359375
0 0.11875 0.51171875 0.0359375 0.0265625
0 0.0671875 0.49609375 0.0609375 0.0453125
0 0.37109375 0.5375 0.0359375 0.028125
0 0.42890625 0.43515625 0.040625 0.03125
0 0.45703125 0.46875 0.0515625 0.0390625
0 0.39765625 0.4984375 0.05625 0.04375
0 0.4546875 0.54921875 0.1140625 0.0875
0 0.48828125 0.61171875 0.0703125 0.053125
0 0.2359375 0.62109375 0.0609375 0.0453125
0 0.12890625 0.25234375 0.0578125 0.0453125
0 0.353125 0.05546875 0.0328125 0.0265625
0 0.3171875 0.08671875 0.034375 0.0265625
0 0.96640625 0.64921875 0.0671875 0.0546875
0 0.71640625 0.11328125 0.0390625 0.0296875
0 0.8953125 0.0984375 0.0390625 0.0296875
0 0.9046875 0.06875 0.034375 0.0265625
0 0.7703125 0.1203125 0.04375 0.034375
0 0.97109375 0.34140625 0.0578125 0.0484375
0 0.95078125 0.30390625 0.0359375 0.0296875
0 0.46875 0.696875 0.075 0.05625
0 0.525 0.56015625 0.0453125 0.034375
0 0.678125 0.3578125 0.0484375 0.0359375
0 0.3546875 0.296875 0.03125 0.025
0 0.8234375 0.853125 0.04375 0.03125
0 0.475 0.771875 0.09375 0.0703125
0 0.4578125 0.8296875 0.0625 0.0453125
0 0.3234375 0.86875 0.0828125 0.0625
0 0.259375 0.9484375 0.0359375 0.0296875
0 0.8546875 0.80859375 0.0484375 0.0359375
0 0.00078125 0.00234375 0.0015625 0.0015625
0 0.8109375 0.70078125 0.2625 0.196875
0 0.8734375 0.78359375 0.034375 0.025
0 0.9484375 0.78359375 0.103125 0.084375
0 0.4015625 0.6265625 0.065625 0.0515625
0 0.01796875 0.78515625 0.0328125 0.025
0 0.265625 0.78125 0.0359375 0.0296875