0 0.0203125 0.9828125 0.0390625 0.03125
0 0.4828125 0.96484375 0.0671875 0.05625
0 0.8171875 0.66796875 0.0765625 0.0625
0 0.7828125 0.5875 0.0515625 0.040625
0 0.98203125 0.5375 0.034375 0.028125
0 0.90625 0.6265625 0.053125 0.04375
0 0.75859375 0.2296875 0.0390625 0.03125
0 0.70078125 0.55078125 0.0453125 0.0390625
0 0.67421875 0.55546875 0.0515625 0.04375
0 0.546875 0.2140625 0.03125 0.0265625
0 0.74375 0.03359375 0.0453125 0.0390625
0 0.6609375 0.1265625 0.0828125 0.0671875
0 0.39296875 0.10703125 0.03125 0.0265625
0 0.41796875 0.7703125 0.0453125 0.0390625
0 0.2796875 0.92421875 0.0328125 0.0296875
0 0.203125 0.77734375 0.0765625 0.065625
0 0.053125 0.475 0.10625 0.1375
0 0.05546875 0.3734375 0.075 0.0625
0 0.071875 0.11796875 0.03125 0.0265625
0 0.91328125 0.0265625 0.11875 0.053125