0 0.96171875 0.85703125 0.0625 0.0453125
0 0.81875 0.74140625 0.0703125 0.0515625
0 0.6984375 0.796875 0.0515625 0.0359375
0 0.6578125 0.83203125 0.0453125 0.03125
0 0.61796875 0.88125 0.0578125 0.04375
0 0.65 0.959375 0.065625 0.0484375
0 0.89921875 0.97734375 0.040625 0.03125
0 0.34140625 0.821875 0.0390625 0.0296875
0 0.396875 0.828125 0.075 0.053125
0 0.321875 0.72578125 0.0328125 0.0234375
0 0.56953125 0.7765625 0.034375 0.0234375
0 0.56640625 0.6984375 0.053125 0.0390625
0 0.63828125 0.6828125 0.0359375 0.0265625
0 0.6671875 0.6828125 0.0515625 0.0359375
0 0.8390625 0.5875 0.09375 0.0671875
0 0.77890625 0.6546875 0.065625 0.0453125
0 0.80859375 0.66953125 0.0515625 0.0359375
0 0.12734375 0.97109375 0.0515625 0.0359375
0 0.0734375 0.89296875 0.146875 0.10625
0 0.1578125 0.9171875 0.04375 0.03125
0 0.08515625 0.68125 0.1703125 0.146875
0 0.0453125 0.60703125 0.04375 0.03125
0 0.20078125 0.62265625 0.09375 0.0671875
0 0.2796875 0.35078125 0.040625 0.0296875
0 0.1390625 0.46875 0.2265625 0.1640625
0 0.321875 0.48046875 0.0640625 0.0453125
0 0.3328125 0.17890625 0.0625 0.04375
0 0.57578125 0.3109375 0.040625 0.0296875
0 0.6515625 0.34609375 0.1015625 0.071875
0 0.76796875 0.2546875 0.0875 0.0625
0 0.6578125 0.11328125 0.04375 0.03125
0 0.6265625 0.1203125 0.0515625 0.0359375
0 0.55390625 0.140625 0.090625 0.065625
0 0.55625 0.21875 0.053125 0.0390625
0 0.77734375 0.2828125 0.0609375 0.04375
0 0.22265625 0.32578125 0.034375 0.0234375
0 0.08671875 0.0625 0.071875 0.0515625
0 0.5453125 0.5625 0.053125 0.0390625
0 0.4890625 0.5484375 0.0765625 0.05625
0 0.4625 0.64921875 0.115625 0.084375
0 0.88671875 0.19140625 0.034375 0.025
0 0.96171875 0.28984375 0.0765625 0.0578125
0 0.9203125 0.4109375 0.04375 0.03125
0 0.7671875 0.38828125 0.04375 0.03125
0 0.890625 0.2203125 0.1921875 0.1375
0 0.87265625 0.134375 0.0703125 0.0515625