0 0.865625 0.1609375 0.0765625 0.0609375
0 0.98671875 0.19375 0.0265625 0.0265625
0 0.95703125 0.18359375 0.0484375 0.0390625
0 0.9375 0.27421875 0.04375 0.034375
0 0.85078125 0.26171875 0.034375 0.0265625
0 0.81953125 0.2359375 0.0859375 0.0703125
0 0.8453125 0.203125 0.034375 0.0265625
0 0.946875 0.109375 0.03125 0.025
0 0.8390625 0.125 0.09375 0.075
0 0.7484375 0.07109375 0.0828125 0.065625
0 0.55078125 0.03125 0.1421875 0.0625
0 0.54296875 0.0890625 0.034375 0.0265625
0 0.5140625 0.24140625 0.065625 0.0515625
0 0.39453125 0.15625 0.0484375 0.0390625
0 0.39765625 0.13203125 0.03125 0.0265625
0 0.33671875 0.209375 0.0578125 0.0453125
0 0.3265625 0.26171875 0.0328125 0.0265625
0 0.053125 0.2671875 0.0359375 0.0296875
0 0.296875 0.7015625 0.034375 0.0265625
0 0.0796875 0.6671875 0.0515625 0.0390625
0 0.146875 0.64921875 0.0671875 0.053125
0 0.36875 0.55390625 0.0484375 0.0390625
0 0.25625 0.38125 0.0453125 0.0359375
0 0.2234375 0.35078125 0.034375 0.0265625
0 0.4015625 0.31953125 0.1421875 0.1140625
0 0.31484375 0.321875 0.0953125 0.0765625
0 0.46171875 0.415625 0.0609375 0.0484375
0 0.50234375 0.46640625 0.075 0.0609375
0 0.43359375 0.453125 0.0578125 0.0453125
0 0.50625 0.52265625 0.034375 0.0265625
0 0.64921875 0.50390625 0.053125 0.04375
0 0.61640625 0.60546875 0.0546875 0.04375
0 0.71875 0.5890625 0.04375 0.034375
0 0.79296875 0.49375 0.03125 0.025
0 0.790625 0.5171875 0.0390625 0.03125
0 0.7484375 0.4890625 0.0515625 0.040625
0 0.70546875 0.49296875 0.034375 0.0265625
0 0.34140625 0.646875 0.1328125 0.103125
0 0.4109375 0.61875 0.03125 0.025
0 0.60078125 0.7046875 0.0390625 0.03125
0 0.740625 0.74609375 0.1015625 0.0796875
0 0.5921875 0.9359375 0.03125 0.025
0 0.57109375 0.98984375 0.0359375 0.0203125
0 0.9578125 0.88203125 0.0484375 0.0390625
0 0.00234375 0.00234375 0.0015625 0.0015625
0 0.94375 0.75390625 0.0515625 0.0390625
0 0.8078125 0.80390625 0.0890625 0.0703125
0 0.40390625 0.7078125 0.0984375 0.0765625
0 0.415625 0.76328125 0.1015625 0.0796875
0 0.553125 0.709375 0.334375 0.2640625
0 0.6734375 0.60078125 0.0359375 0.028125
0 0.6046875 0.428125 0.03125 0.025
0 0.73203125 0.33515625 0.040625 0.03125
0 0.7875 0.375 0.0390625 0.0296875
0 0.853125 0.365625 0.0390625 0.03125
0 0.83984375 0.33203125 0.0359375 0.0296875
0 0.7359375 0.37265625 0.196875 0.15625