0 0.896875 0.08203125 0.034375 0.034375
0 0.97734375 0.1109375 0.03125 0.03125
0 0.86875 0.3171875 0.0296875 0.0296875
0 0.70703125 0.4734375 0.040625 0.040625
0 0.5578125 0.18046875 0.128125 0.128125
0 0.4671875 0.08515625 0.0453125 0.0453125
0 0.64296875 0.11328125 0.0265625 0.0265625
0 0.6140625 0.078125 0.0265625 0.0265625
0 0.57421875 0.09375 0.034375 0.034375
0 0.6921875 0.1609375 0.04375 0.04375
0 0.6203125 0.26171875 0.034375 0.034375
0 0.7796875 0.32421875 0.028125 0.0296875
0 0.60703125 0.40625 0.034375 0.034375
0 0.45546875 0.33984375 0.0265625 0.0265625
0 0.3375 0.17421875 0.0546875 0.05625
0 0.353125 0.11796875 0.084375 0.084375
0 0.1859375 0.24765625 0.075 0.075
0 0.20703125 0.3078125 0.0828125 0.0828125
0 0.2484375 0.37734375 0.0828125 0.0828125
0 0.2546875 0.51796875 0.0796875 0.0796875
0 0.275 0.2140625 0.1078125 0.1078125
0 0.109375 0.196875 0.0265625 0.0265625
0 0.08671875 0.22734375 0.0359375 0.0359375
0 0.853125 0.14921875 0.1296875 0.1296875
0 0.7609375 0.0609375 0.1203125 0.1203125
0 0.51328125 0.6265625 0.03125 0.03125
0 0.35703125 0.696875 0.1921875 0.1921875
0 0.16796875 0.69375 0.11875 0.11875
0 0.8328125 0.74609375 0.0515625 0.0515625
0 0.696875 0.7609375 0.034375 0.034375
0 0.9796875 0.6109375 0.0390625 0.0390625
0 0.0203125 0.59375 0.03125 0.03125
0 0.0109375 0.625 0.021875 0.0359375
0 0.025 0.88359375 0.0390625 0.0390625
0 0.646875 0.94453125 0.0265625 0.0265625
0 0.62265625 0.9671875 0.0265625 0.0265625
0 0.95078125 0.8109375 0.0359375 0.0359375
0 0.73046875 0.77421875 0.034375 0.034375
0 0.96484375 0.7171875 0.04375 0.04375
0 0.57578125 0.54296875 0.075 0.075
0 0.44453125 0.38359375 0.0453125 0.0453125
0 0.6453125 0.36640625 0.053125 0.053125
0 0.6984375 0.2328125 0.0390625 0.0390625
0 0.84375 0.4171875 0.0453125 0.0453125
0 0.44140625 0.428125 0.3390625 0.3390625
0 0.2328125 0.09140625 0.09375 0.09375
0 0.04453125 0.8296875 0.0265625 0.0265625
0 0.08203125 0.91328125 0.0359375 0.034375
0 0.12890625 0.959375 0.0296875 0.0296875