0 0.978125 0.8703125 0.0359375 0.034375
0 0.4046875 0.89765625 0.0359375 0.034375
0 0.49375 0.84609375 0.0296875 0.025
0 0.365625 0.94609375 0.0328125 0.03125
0 0.30859375 0.953125 0.0984375 0.0890625
0 0.453125 0.88828125 0.0296875 0.0265625
0 0.26953125 0.80078125 0.0984375 0.0890625
0 0.525 0.72265625 0.028125 0.0265625
0 0.90625 0.66796875 0.0296875 0.0265625
0 0.8421875 0.91328125 0.03125 0.0265625
0 0.48984375 0.98515625 0.0390625 0.0296875
0 0.9 0.796875 0.0296875 0.0265625
0 0.6578125 0.66796875 0.0484375 0.04375
0 0.29921875 0.6421875 0.09375 0.084375
0 0.3109375 0.5921875 0.0359375 0.03125
0 0.9109375 0.5171875 0.040625 0.0359375
0 0.2140625 0.928125 0.04375 0.0390625
0 0.0953125 0.8421875 0.0484375 0.04375
0 0.02265625 0.96953125 0.0453125 0.0609375
0 0.084375 0.9828125 0.0375 0.034375
0 0.04453125 0.9 0.0609375 0.05625
0 0.15390625 0.859375 0.04375 0.040625
0 0.61171875 0.90859375 0.0796875 0.0703125
0 0.15390625 0.49296875 0.065625 0.0578125
0 0.2125 0.51796875 0.0296875 0.0265625
0 0.28828125 0.53984375 0.0453125 0.040625
0 0.2390625 0.6109375 0.0578125 0.053125
0 0.09609375 0.5296875 0.165625 0.15
0 0.0796875 0.4515625 0.053125 0.0484375
0 0.0734375 0.390625 0.034375 0.03125
0 0.0375 0.42421875 0.04375 0.0390625
0 0.015625 0.20703125 0.03125 0.034375
0 0.0578125 0.275 0.0359375 0.0328125
0 0.03125 0.0625 0.0625 0.071875
0 0.25390625 0.0171875 0.0390625 0.034375
0 0.21640625 0.04296875 0.0515625 0.04375
0 0.1828125 0.03125 0.0390625 0.034375
0 0.31484375 0.05390625 0.0328125 0.028125
0 0.4171875 0.0453125 0.0828125 0.071875
0 0.7921875 0.07109375 0.0546875 0.0515625
0 0.1234375 0.2984375 0.0484375 0.04375
0 0.20703125 0.20078125 0.0296875 0.0265625
0 0.396875 0.2640625 0.0296875 0.0265625
0 0.29453125 0.31484375 0.0296875 0.0265625
0 0.025 0.18203125 0.05 0.0546875
0 0.4234375 0.19453125 0.04375 0.0390625
0 0.6890625 0.2859375 0.071875 0.0625
0 0.7515625 0.33046875 0.04375 0.0390625
0 0.65859375 0.4109375 0.03125 0.0296875
0 0.35546875 0.5421875 0.03125 0.0265625
0 0.8640625 0.39765625 0.04375 0.0390625
0 0.7703125 0.17890625 0.0484375 0.04375
0 0.78125 0.41484375 0.0296875 0.0265625
0 0.89296875 0.43359375 0.034375 0.0296875
0 0.896875 0.021875 0.065625 0.04375
0 0.88359375 0.146875 0.0296875 0.0265625
0 0.77734375 0.2328125 0.0296875 0.025
0 0.57578125 0.1890625 0.03125 0.0265625
0 0.6296875 0.1359375 0.3421875 0.271875