0 0.00234375 0.00078125 0.0015625 0.0015625
0 0.27421875 0.328125 0.5484375 0.6234375
0 0.64921875 0.05078125 0.0359375 0.03125
0 0.8453125 0.18125 0.03125 0.0265625
0 0.83046875 0.2875 0.0484375 0.04375
0 0.72265625 0.28359375 0.0296875 0.0234375
0 0.740625 0.209375 0.03125 0.0265625
0 0.74140625 0.3421875 0.0359375 0.03125
0 0.7953125 0.40859375 0.040625 0.0359375
0 0.94609375 0.56484375 0.03125 0.0265625
0 0.65859375 0.75234375 0.0453125 0.040625
0 0.50625 0.6921875 0.0453125 0.040625
0 0.50625 0.71875 0.034375 0.0296875
0 0.39921875 0.7234375 0.0390625 0.034375
0 0.69609375 0.4734375 0.04375 0.0390625
0 0.46171875 0.4421875 0.075 0.065625
0 0.52734375 0.40625 0.0578125 0.0515625
0 0.39765625 0.41953125 0.0453125 0.0390625
0 0.32421875 0.44140625 0.0296875 0.0265625
0 0.31875 0.33671875 0.04375 0.0390625
0 0.33984375 0.296875 0.053125 0.0484375
0 0.36875 0.24375 0.0390625 0.034375
0 0.38203125 0.39765625 0.0359375 0.03125
0 0.24375 0.74296875 0.0671875 0.0578125
0 0.37890625 0.9625 0.0578125 0.0515625
0 0.3546875 0.8421875 0.2046875 0.18125
0 0.4265625 0.946875 0.1078125 0.096875
0 0.5875 0.921875 0.0484375 0.04375
0 0.10703125 0.57578125 0.0671875 0.0578125
0 0.228125 0.34140625 0.0875 0.075
0 0.14921875 0.2453125 0.0515625 0.0453125
0 0.025 0.2859375 0.0484375 0.040625
0 0.0515625 0.13828125 0.0859375 0.0765625
0 0.09609375 0.33515625 0.0609375 0.053125