0 0.95703125 0.50234375 0.0296875 0.028125
0 0.946875 0.25390625 0.05625 0.05625
0 0.93515625 0.28359375 0.0265625 0.0234375
0 0.6203125 0.2640625 0.0359375 0.0359375
0 0.70703125 0.3734375 0.0265625 0.0265625
0 0.7953125 0.21171875 0.040625 0.040625
0 0.9078125 0.18125 0.034375 0.0328125
0 0.98203125 0.06015625 0.0359375 0.0390625
0 0.9640625 0.0421875 0.0296875 0.0296875
0 0.87890625 0.15234375 0.025 0.025
0 0.53984375 0.15625 0.028125 0.0296875
0 0.515625 0.1203125 0.0390625 0.0390625
0 0.484375 0.06640625 0.0796875 0.0796875
0 0.44140625 0.04453125 0.125 0.0890625
0 0.67890625 0.00859375 0.03125 0.0171875
0 0.634375 0.06484375 0.04375 0.0421875
0 0.34765625 0.18125 0.0765625 0.0765625
0 0.2875 0.140625 0.0328125 0.034375
0 0.01171875 0.046875 0.0234375 0.03125
0 0.02421875 0.3453125 0.0484375 0.0625
0 0.115625 0.44609375 0.23125 0.228125
0 0.27421875 0.5109375 0.05625 0.053125
0 0.15390625 0.86875 0.0515625 0.0484375
0 0.25859375 0.75390625 0.13125 0.1328125
0 0.28828125 0.82109375 0.0234375 0.025
0 0.56015625 0.9078125 0.028125 0.0296875
0 0.50234375 0.87109375 0.0625 0.0625
0 0.44375 0.8484375 0.1109375 0.1109375
0 0.63359375 0.74765625 0.090625 0.090625
0 0.4328125 0.47578125 0.165625 0.1640625
0 0.35 0.50859375 0.03125 0.03125
0 0.3375 0.5515625 0.0859375 0.0859375
0 0.3390625 0.60546875 0.075 0.075
0 0.36640625 0.3328125 0.0359375 0.0359375
0 0.33671875 0.2484375 0.0578125 0.0578125
0 0.31015625 0.3484375 0.0296875 0.0296875
0 0.07421875 0.26953125 0.034375 0.034375
0 0.2390625 0.915625 0.053125 0.053125
0 0.7515625 0.88125 0.05625 0.053125
0 0.59765625 0.93515625 0.0390625 0.0390625
0 0.96875 0.65390625 0.0390625 0.0359375
0 0.8296875 0.38125 0.0265625 0.0265625
0 0.3578125 0.1046875 0.0625 0.0625
0 0.275 0.78828125 0.040625 0.0390625
0 0.2546875 0.446875 0.0828125 0.0828125
0 0.80625 0.82578125 0.0515625 0.0515625
0 0.81640625 0.7359375 0.0390625 0.0390625
0 0.725 0.68359375 0.0515625 0.0515625