0 0.00234375 0.00078125 0.0015625 0.0015625
0 0.81640625 0.18984375 0.04375 0.0390625
0 0.790625 0.23046875 0.0359375 0.034375
0 0.4234375 0.05390625 0.0296875 0.0265625
0 0.1390625 0.03984375 0.0296875 0.0265625
0 0.05390625 0.0671875 0.0265625 0.0265625
0 0.196875 0.39921875 0.0265625 0.0265625
0 0.07578125 0.51953125 0.040625 0.0390625
0 0.196875 0.69375 0.03125 0.028125
0 0.228125 0.74765625 0.0296875 0.0265625
0 0.0515625 0.80078125 0.053125 0.0484375
0 0.09765625 0.6109375 0.0265625 0.025
0 0.33671875 0.4171875 0.03125 0.0296875
0 0.26171875 0.36328125 0.03125 0.0296875
0 0.19453125 0.33046875 0.0296875 0.0265625
0 0.28359375 0.3328125 0.0296875 0.0296875
0 0.084375 0.72734375 0.134375 0.125
0 0.459375 0.42578125 0.0390625 0.0359375
0 0.29296875 0.38828125 0.0765625 0.071875
0 0.48203125 0.3015625 0.0296875 0.0265625
0 0.59140625 0.33984375 0.0359375 0.034375
0 0.5359375 0.375 0.04375 0.040625
0 0.70703125 0.5671875 0.034375 0.03125
0 0.79453125 0.390625 0.0359375 0.034375
0 0.87109375 0.35703125 0.0390625 0.0359375
0 0.68984375 0.17890625 0.0453125 0.040625
0 0.71015625 0.33046875 0.0515625 0.0453125
0 0.5921875 0.93984375 0.0265625 0.025
0 0.709375 0.85703125 0.028125 0.0265625
0 0.69453125 0.828125 0.028125 0.0265625