0 0.65859375 0.4578125 0.4046875 0.35
0 0.0015625 0.00234375 0.0015625 0.0015625
0 0.346875 0.9875 0.028125 0.025
0 0.9796875 0.88125 0.03125 0.0265625
0 0.678125 0.89453125 0.0625 0.05625
0 0.6203125 0.80625 0.0890625 0.0765625
0 0.61875 0.7640625 0.03125 0.0265625
0 0.56640625 0.85 0.03125 0.0296875
0 0.571875 0.884375 0.028125 0.0265625
0 0.71875 0.928125 0.040625 0.0359375
0 0.2796875 0.90859375 0.0484375 0.040625
0 0.22734375 0.9109375 0.0390625 0.034375
0 0.0453125 0.9390625 0.090625 0.084375
0 0.10703125 0.94453125 0.053125 0.0484375
0 0.14453125 0.8953125 0.0484375 0.04375
0 0.09140625 0.88359375 0.0296875 0.0265625
0 0.0765625 0.765625 0.0671875 0.0578125
0 0.021875 0.77890625 0.0328125 0.028125
0 0.13359375 0.8375 0.0765625 0.0671875
0 0.08515625 0.8109375 0.1140625 0.0984375
0 0.0953125 0.6625 0.0765625 0.0671875
0 0.040625 0.28359375 0.0296875 0.0234375
0 0.10703125 0.35 0.04375 0.0390625
0 0.015625 0.51953125 0.03125 0.0359375
0 0.18515625 0.68125 0.0875 0.0765625
0 0.33515625 0.58515625 0.034375 0.028125
0 0.365625 0.48828125 0.053125 0.0453125
0 0.30546875 0.49375 0.0609375 0.053125
0 0.25703125 0.3953125 0.040625 0.0359375
0 0.29921875 0.31484375 0.0328125 0.0296875
0 0.26796875 0.2234375 0.071875 0.0625
0 0.178125 0.2859375 0.03125 0.0265625
0 0.19453125 0.328125 0.0671875 0.0609375
0 0.0953125 0.21171875 0.084375 0.075
0 0.0140625 0.16953125 0.028125 0.0484375
0 0.0734375 0.2671875 0.034375 0.0296875
0 0.771875 0.63828125 0.0515625 0.04375
0 0.4796875 0.36875 0.1078125 0.09375
0 0.17421875 0.14765625 0.1703125 0.15
0 0.1578125 0.0484375 0.1109375 0.096875
0 0.0953125 0.08046875 0.040625 0.034375
0 0.6 0.0671875 0.059375 0.053125
0 0.75703125 0.140625 0.03125 0.0265625
0 0.39765625 0.040625 0.0515625 0.04375
0 0.39453125 0.2125 0.0390625 0.034375
0 0.28828125 0.80625 0.0296875 0.025
0 0.39453125 0.4640625 0.03125 0.0296875
0 0.2828125 0.42578125 0.0296875 0.0265625
0 0.8796875 0.484375 0.0578125 0.0515625
0 0.96640625 0.4234375 0.0671875 0.0625
0 0.94140625 0.50234375 0.040625 0.0359375
0 0.93515625 0.3375 0.084375 0.071875
0 0.00234375 0.00078125 0.0015625 0.0015625
0 0.7953125 0.0578125 0.2640625 0.115625
0 0.89921875 0.41484375 0.05625 0.0484375
0 0.73671875 0.86328125 0.03125 0.0265625
0 0.34921875 0.08984375 0.3203125 0.1796875