0 0.1546875 0.35703125 0.0359375 0.0296875
0 0.16015625 0.4328125 0.0390625 0.03125
0 0.0609375 0.240625 0.0359375 0.0296875
0 0.1875 0.15625 0.0765625 0.0609375
0 0.30859375 0.1046875 0.03125 0.025
0 0.35 0.1046875 0.03125 0.025
0 0.25859375 0.01953125 0.034375 0.0265625
0 0.2015625 0.071875 0.04375 0.034375
0 0.546875 0.178125 0.0390625 0.03125
0 0.8328125 0.0921875 0.0453125 0.0359375
0 0.73828125 0.19609375 0.04375 0.0328125
0 0.7484375 0.2125 0.034375 0.0265625
0 0.6203125 0.25234375 0.03125 0.0265625
0 0.6859375 0.42578125 0.034375 0.0265625
0 0.5 0.1921875 0.2546875 0.2046875
0 0.7015625 0.21171875 0.2765625 0.221875
0 0.8125 0.6828125 0.034375 0.0265625
0 0.540625 0.4703125 0.040625 0.03125
0 0.67421875 0.2953125 0.03125 0.0265625
0 0.5984375 0.2796875 0.0578125 0.0453125
0 0.41484375 0.98203125 0.0359375 0.0265625
0 0.25390625 0.93046875 0.0390625 0.0296875
0 0.19375 0.8109375 0.03125 0.0265625
0 0.428125 0.65 0.03125 0.025
0 0.32109375 0.69453125 0.0390625 0.028125
0 0.2296875 0.63671875 0.04375 0.034375
0 0.38828125 0.4640625 0.0515625 0.040625
0 0.2296875 0.47734375 0.0484375 0.0390625
0 0.21171875 0.52421875 0.05625 0.0453125
0 0.02265625 0.709375 0.0359375 0.028125
0 0.0828125 0.7828125 0.040625 0.03125
0 0.0921875 0.89921875 0.0359375 0.0296875
0 0.459375 0.61171875 0.0390625 0.03125