0 0.4703125 0.0515625 0.10625 0.1015625
0 0.91484375 0.45703125 0.0359375 0.034375
0 0.834375 0.4375 0.034375 0.03125
0 0.81875 0.40390625 0.0359375 0.0328125
0 0.5765625 0.6734375 0.034375 0.03125
0 0.48203125 0.77734375 0.03125 0.0296875
0 0.665625 0.5578125 0.065625 0.0625
0 0.4203125 0.77421875 0.0703125 0.065625
0 0.40625 0.66015625 0.0828125 0.0796875
0 0.25390625 0.4703125 0.0296875 0.0265625
0 0.30390625 0.41015625 0.0265625 0.025
0 0.609375 0.23203125 0.03125 0.03125
0 0.14453125 0.26171875 0.0359375 0.0359375
0 0.16015625 0.1140625 0.0515625 0.0484375
0 0.14296875 0.16484375 0.040625 0.0375
0 0.1078125 0.14296875 0.0375 0.0359375
0 0.11875 0.08046875 0.04375 0.040625
0 0.0875 0.115625 0.040625 0.040625
0 0.26953125 0.2453125 0.075 0.0703125
0 0.2359375 0.22109375 0.05625 0.053125
0 0.36171875 0.2203125 0.0515625 0.0484375
0 0.36875 0.27734375 0.0296875 0.0265625
0 0.22265625 0.6703125 0.2 0.190625
0 0.0609375 0.26171875 0.0625 0.0609375
0 0.0140625 0.26328125 0.028125 0.0390625
0 0.10078125 0.8796875 0.0265625 0.0265625
0 0.696875 0.88671875 0.028125 0.0265625
0 0.61875 0.8171875 0.040625 0.0390625
0 0.39921875 0.821875 0.0546875 0.053125
0 0.64296875 0.6734375 0.075 0.071875