0 0.0890625 0.09609375 0.178125 0.1921875
0 0.30625 0.05390625 0.0453125 0.040625
0 0.07109375 0.46875 0.0296875 0.025
0 0.11328125 0.178125 0.0296875 0.025
0 0.328125 0.52890625 0.0484375 0.04375
0 0.3078125 0.5921875 0.0296875 0.0265625
0 0.1859375 0.6 0.0328125 0.028125
0 0.0671875 0.64453125 0.034375 0.0296875
0 0.3375 0.6578125 0.0390625 0.034375
0 0.4265625 0.53828125 0.034375 0.028125
0 0.44140625 0.40234375 0.034375 0.0296875
0 0.46640625 0.3234375 0.1640625 0.1421875
0 0.38671875 0.1828125 0.03125 0.0296875
0 0.36640625 0.38359375 0.0390625 0.034375
0 0.109375 0.73828125 0.1015625 0.0875
0 0.08203125 0.81640625 0.0296875 0.0265625
0 0.06640625 0.834375 0.034375 0.0296875
0 0.021875 0.8765625 0.0390625 0.034375
0 0.3703125 0.75859375 0.0625 0.0546875
0 0.3546875 0.7953125 0.0390625 0.034375
0 0.5609375 0.65390625 0.034375 0.028125
0 0.66015625 0.71875 0.1640625 0.1421875
0 0.9109375 0.6140625 0.0515625 0.0453125
0 0.8546875 0.65859375 0.2640625 0.228125
0 0.8453125 0.65 0.03125 0.0265625
0 0.86875 0.5953125 0.0296875 0.025
0 0.62109375 0.8171875 0.0296875 0.0265625
0 0.540625 0.759375 0.0359375 0.03125
0 0.65390625 0.25390625 0.0484375 0.040625
0 0.6296875 0.33046875 0.028125 0.0234375
0 0.25859375 0.3296875 0.346875 0.3015625
0 0.41015625 0.134375 0.053125 0.0453125
0 0.5578125 0.103125 0.0578125 0.0515625
0 0.52734375 0.05390625 0.0703125 0.0609375
0 0.5890625 0.0578125 0.053125 0.0484375
0 0.65 0.02265625 0.059375 0.0453125
0 0.39296875 0.04296875 0.040625 0.0359375
0 0.6203125 0.18984375 0.065625 0.05625
0 0.5984375 0.1578125 0.059375 0.053125
0 0.8328125 0.0421875 0.075 0.065625
0 0.48671875 0.13671875 0.103125 0.0921875
0 0.9265625 0.234375 0.040625 0.0359375
0 0.928125 0.56015625 0.071875 0.0625
0 0.5828125 0.86171875 0.028125 0.025
0 0.20546875 0.9203125 0.1203125 0.103125
0 0.84609375 0.91796875 0.0625 0.053125
0 0.6609375 0.86796875 0.103125 0.0890625
0 0.63125 0.971875 0.065625 0.05625
0 0.50234375 0.8859375 0.034375 0.0296875
0 0.821875 0.9671875 0.0578125 0.0484375
0 0.3453125 0.2453125 0.0765625 0.0671875
0 0.47578125 0.23203125 0.0609375 0.053125
0 0.43125 0.196875 0.0765625 0.0671875
0 0.55390625 0.515625 0.2015625 0.1765625
0 0.7046875 0.28984375 0.0796875 0.0703125