0 0.00234375 0.00234375 0.0015625 0.0015625
0 0.47109375 0.01328125 0.0359375 0.0265625
0 0.046875 0.7140625 0.03125 0.0265625
0 0.103125 0.6859375 0.075 0.065625
0 0.321875 0.5890625 0.0703125 0.059375
0 0.29453125 0.68046875 0.0328125 0.028125
0 0.31953125 0.71015625 0.0296875 0.0265625
0 0.43046875 0.8265625 0.0390625 0.034375
0 0.51171875 0.8109375 0.071875 0.0625
0 0.265625 0.74296875 0.034375 0.028125
0 0.140625 0.4625 0.0515625 0.04375
0 0.05390625 0.41484375 0.03125 0.0296875
0 0.0296875 0.3296875 0.0390625 0.0328125
0 0.0171875 0.36796875 0.034375 0.03125
0 0.15 0.25703125 0.0359375 0.03125
0 0.10703125 0.21484375 0.0359375 0.034375
0 0.421875 0.29296875 0.1203125 0.10625
0 0.46171875 0.47734375 0.034375 0.0296875
0 0.32109375 0.55546875 0.1421875 0.125
0 0.7671875 0.79453125 0.0484375 0.04375
0 0.74375 0.84765625 0.0515625 0.04375
0 0.90625 0.94609375 0.0484375 0.040625
0 0.18984375 0.875 0.0296875 0.025
0 0.08671875 0.9734375 0.040625 0.0359375
0 0.05625 0.5265625 0.0296875 0.0234375
0 0.0140625 0.009375 0.028125 0.01875
0 0.415625 0.14921875 0.03125 0.0296875