0 0.7640625 0.80625 0.0515625 0.0453125
0 0.896875 0.7515625 0.0515625 0.0484375
0 0.69375 0.7015625 0.071875 0.0671875
0 0.69375 0.65859375 0.0484375 0.0453125
0 0.6203125 0.75234375 0.059375 0.05625
0 0.5875 0.78515625 0.0390625 0.034375
0 0.72578125 0.7640625 0.04375 0.0390625
0 0.91953125 0.6109375 0.0390625 0.034375
0 0.6421875 0.89296875 0.028125 0.0265625
0 0.57421875 0.94375 0.05625 0.0515625
0 0.6296875 0.92890625 0.03125 0.03125
0 0.6296875 0.96484375 0.04375 0.040625
0 0.69609375 0.9375 0.040625 0.0390625
0 0.67421875 0.97578125 0.059375 0.0484375
0 0.81953125 0.8921875 0.034375 0.03125
0 0.6140625 0.61640625 0.04375 0.040625
0 0.53125 0.6609375 0.040625 0.0359375
0 0.88671875 0.96640625 0.03125 0.0296875
0 0.94453125 0.9828125 0.0390625 0.034375
0 0.7859375 0.91484375 0.0296875 0.0265625
0 0.0984375 0.9421875 0.053125 0.0515625
0 0.1703125 0.9078125 0.0578125 0.053125
0 0.2953125 0.8765625 0.0671875 0.0625
0 0.2296875 0.91484375 0.0609375 0.05625
0 0.34140625 0.890625 0.0328125 0.03125
0 0.33515625 0.91953125 0.053125 0.0484375
0 0.3109375 0.9625 0.0546875 0.053125
0 0.4578125 0.74765625 0.0703125 0.065625
0 0.384375 0.7953125 0.0953125 0.0890625
0 0.05390625 0.7234375 0.03125 0.028125
0 0.29453125 0.6765625 0.0625 0.0578125
0 0.33515625 0.6546875 0.0453125 0.040625
0 0.321875 0.61875 0.0328125 0.03125
0 0.37890625 0.640625 0.065625 0.0609375
0 0.3546875 0.68359375 0.0515625 0.0484375
0 0.26328125 0.55546875 0.0625 0.0578125
0 0.328125 0.56953125 0.0609375 0.0546875
0 0.25625 0.5109375 0.0453125 0.040625
0 0.47265625 0.57578125 0.165625 0.1546875
0 0.4578125 0.5765625 0.034375 0.03125
0 0.225 0.69609375 0.034375 0.03125
0 0.24296875 0.665625 0.040625 0.0390625
0 0.26953125 0.77421875 0.1296875 0.1203125
0 0.0265625 0.88359375 0.053125 0.0828125
0 0.040625 0.93359375 0.0453125 0.04375
0 0.09765625 0.2359375 0.1953125 0.2125
0 0.046875 0.40390625 0.0296875 0.0265625
0 0.01328125 0.3453125 0.0265625 0.0453125
0 0.07421875 0.46640625 0.1484375 0.1390625
0 0.09765625 0.50390625 0.04375 0.040625
0 0.11875 0.4671875 0.0359375 0.034375
0 0.18046875 0.359375 0.0609375 0.05625
0 0.3734375 0.45703125 0.2 0.1828125
0 0.37265625 0.2609375 0.04375 0.0390625
0 0.37734375 0.3015625 0.065625 0.0609375
0 0.36328125 0.3578125 0.0453125 0.04375
0 0.36328125 0.390625 0.034375 0.03125
0 0.4671875 0.25 0.121875 0.1140625
0 0.3171875 0.2328125 0.065625 0.0609375
0 0.259375 0.3078125 0.040625 0.0390625
0 0.19375 0.31640625 0.065625 0.0609375
0 0.20703125 0.25703125 0.034375 0.0296875
0 0.37109375 0.1234375 0.075 0.06875
0 0.66796875 0.0375 0.0453125 0.040625
0 0.6984375 0.11328125 0.146875 0.134375
0 0.609375 0.1078125 0.0359375 0.034375
0 0.55546875 0.08984375 0.0671875 0.0609375
0 0.5453125 0.05390625 0.0265625 0.025
0 0.50703125 0.109375 0.0296875 0.0265625
0 0.478125 0.16484375 0.0265625 0.025
0 0.51953125 0.17578125 0.0515625 0.0453125
0 0.5109375 0.209375 0.071875 0.0671875
0 0.571875 0.3078125 0.059375 0.0546875
0 0.39765625 0.1984375 0.0359375 0.034375
0 0.7296875 0.47578125 0.028125 0.0265625
0 0.853125 0.3890625 0.29375 0.2796875
0 0.27734375 0.040625 0.0359375 0.034375
0 0.53515625 0.3609375 0.0453125 0.040625
0 0.00234375 0.00078125 0.0015625 0.0015625