0 0.13203125 0.35078125 0.0578125 0.0578125
0 0.03359375 0.36640625 0.04375 0.04375
0 0.0828125 0.178125 0.0578125 0.0578125
0 0.11640625 0.29296875 0.03125 0.03125
0 0.0484375 0.109375 0.0359375 0.0359375
0 0.040625 0.0796875 0.04375 0.04375
0 0.025 0.0296875 0.05 0.059375
0 0.21171875 0.28828125 0.09375 0.09375
0 0.32109375 0.55625 0.0484375 0.0484375
0 0.3328125 0.5140625 0.03125 0.03125
0 0.109375 0.5765625 0.053125 0.053125
0 0.02734375 0.57109375 0.025 0.0234375
0 0.3296875 0.234375 0.0296875 0.0296875
0 0.64765625 0.13125 0.0390625 0.0390625
0 0.57421875 0.14921875 0.025 0.025
0 0.57421875 0.2171875 0.03125 0.03125
0 0.58984375 0.2921875 0.0359375 0.0359375
0 0.72734375 0.134375 0.0546875 0.05625
0 0.65 0.53359375 0.034375 0.034375
0 0.646875 0.51796875 0.0390625 0.0390625
0 0.453125 0.49375 0.03125 0.03125
0 0.475 0.40625 0.0625 0.0625
0 0.4390625 0.42578125 0.0390625 0.0390625
0 0.75234375 0.3484375 0.0359375 0.0359375
0 0.74296875 0.328125 0.03125 0.03125
0 0.859375 0.2953125 0.065625 0.0640625
0 0.89296875 0.3921875 0.03125 0.03125
0 0.87734375 0.41484375 0.03125 0.03125
0 0.86171875 0.45078125 0.0515625 0.0515625
0 0.88828125 0.509375 0.0265625 0.0265625
0 0.86640625 0.53125 0.0359375 0.0359375
0 0.86171875 0.5015625 0.034375 0.034375
0 0.31875 0.01796875 0.04375 0.0359375
0 0.33203125 0.07109375 0.0359375 0.0359375
0 0.31875 0.10546875 0.0390625 0.0390625
0 0.1921875 0.1359375 0.0328125 0.034375
0 0.2609375 0.15234375 0.03125 0.03125
0 0.38359375 0.13671875 0.0359375 0.0359375
0 0.375 0.11875 0.025 0.025
0 0.4078125 0.10703125 0.0546875 0.05625
0 0.359375 0.21875 0.040625 0.040625
0 0.3796875 0.1921875 0.0296875 0.0296875
0 0.39765625 0.178125 0.0296875 0.0296875
0 0.41796875 0.1578125 0.0265625 0.0265625
0 0.51171875 0.109375 0.034375 0.034375
0 0.5296875 0.0875 0.0265625 0.0265625
0 0.515625 0.02734375 0.03125 0.03125
0 0.55078125 0.0171875 0.025 0.025
0 0.6671875 0.02265625 0.065625 0.0453125
0 0.59453125 0.009375 0.0328125 0.01875
0 0.753125 0.01171875 0.028125 0.0234375
0 0.71171875 0.08515625 0.0234375 0.025
0 0.60234375 0.02734375 0.0234375 0.025
0 0.4984375 0.06484375 0.0265625 0.0265625
0 0.26953125 0.09140625 0.0359375 0.0359375
0 0.759375 0.21484375 0.028125 0.0296875
0 0.53125 0.24375 0.05625 0.05625
0 0.37265625 0.49765625 0.04375 0.04375
0 0.38359375 0.47109375 0.034375 0.034375
0 0.4375 0.4640625 0.0390625 0.0390625
0 0.58984375 0.5578125 0.025 0.0234375
0 0.640625 0.615625 0.03125 0.03125
0 0.63828125 0.5890625 0.040625 0.040625
0 0.65390625 0.64296875 0.0359375 0.0359375
0 0.66484375 0.6875 0.0484375 0.0484375
0 0.65390625 0.71640625 0.0265625 0.0265625
0 0.6609375 0.7328125 0.028125 0.028125
0 0.68359375 0.75703125 0.0453125 0.0453125
0 0.6734375 0.7765625 0.025 0.0234375
0 0.34140625 0.68125 0.0515625 0.0515625
0 0.32421875 0.709375 0.0515625 0.0515625
0 0.25 0.73046875 0.053125 0.053125
0 0.1515625 0.6828125 0.0328125 0.034375
0 0.1453125 0.65625 0.04375 0.04375
0 0.33515625 0.43125 0.0234375 0.025
0 0.0296875 0.55234375 0.059375 0.1015625
0 0.07109375 0.5453125 0.0296875 0.028125
0 0.625 0.35 0.0296875 0.0296875
0 0.928125 0.11171875 0.03125 0.03125
0 0.97109375 0.23046875 0.0296875 0.0296875
0 0.9890625 0.41796875 0.021875 0.0265625
0 0.9421875 0.33984375 0.0484375 0.0484375
0 0.76328125 0.05546875 0.028125 0.0296875
0 0.7703125 0.03828125 0.0265625 0.0265625
0 0.75390625 0.078125 0.0265625 0.0265625
0 0.7484375 0.09609375 0.028125 0.028125
0 0.98203125 0.03828125 0.0359375 0.040625
0 0.97265625 0.62890625 0.053125 0.053125
0 0.77421875 0.71484375 0.040625 0.040625
0 0.88671875 0.97109375 0.0265625 0.0265625
0 0.959375 0.94453125 0.03125 0.03125
0 0.97109375 0.92578125 0.0390625 0.0390625
0 0.97109375 0.8859375 0.040625 0.040625
0 0.98203125 0.85546875 0.0359375 0.040625
0 0.93984375 0.83671875 0.0453125 0.0453125
0 0.69609375 0.959375 0.0484375 0.0484375
0 0.68515625 0.8375 0.053125 0.053125
0 0.72734375 0.85078125 0.0265625 0.0265625
0 0.3109375 0.775 0.0546875 0.05625
0 0.16796875 0.89296875 0.0265625 0.0265625
0 0.1 0.67890625 0.053125 0.053125
0 0.02890625 0.740625 0.0578125 0.09375
0 0.0890625 0.3171875 0.0296875 0.0296875
0 0.08984375 0.35078125 0.0296875 0.0296875
0 0.1578125 0.53828125 0.04375 0.04375
0 0.0828125 0.40390625 0.0265625 0.0265625
0 0.078125 0.24140625 0.09375 0.09375
0 0.12890625 0.17421875 0.03125 0.03125
0 0.5296875 0.603125 0.0578125 0.0578125
0 0.31875 0.94140625 0.0671875 0.0671875