0 0.0453125 0.59609375 0.0359375 0.0265625
0 0.11640625 0.5171875 0.0359375 0.0265625
0 0.92578125 0.42421875 0.040625 0.03125
0 0.52734375 0.8390625 0.0453125 0.0359375
0 0.5171875 0.8140625 0.0609375 0.0453125
0 0.5046875 0.775 0.0671875 0.0515625
0 0.4015625 0.87109375 0.2125 0.159375
0 0.00078125 0.00234375 0.0015625 0.0015625
0 0.81640625 0.8390625 0.053125 0.0390625
0 0.82578125 0.8890625 0.0453125 0.034375
0 0.61875 0.8609375 0.0390625 0.0296875
0 0.78359375 0.79453125 0.040625 0.03125
0 0.9828125 0.7859375 0.034375 0.03125
0 0.66328125 0.2125 0.034375 0.0265625
0 0.57578125 0.009375 0.0421875 0.01875
0 0.3421875 0.0953125 0.0359375 0.0265625
0 0.21484375 0.01796875 0.040625 0.03125
0 0.1140625 0.04296875 0.034375 0.025
0 0.80078125 0.2296875 0.0515625 0.0359375
0 0.7984375 0.1140625 0.1390625 0.103125