0 0.09375 0.00859375 0.03125 0.0171875
0 0.921875 0.42421875 0.0296875 0.0265625
0 0.91015625 0.3484375 0.0265625 0.0265625
0 0.8921875 0.16796875 0.0296875 0.0296875
0 0.8484375 0.1703125 0.0296875 0.0296875
0 0.88125 0.23828125 0.0265625 0.0265625
0 0.84140625 0.5875 0.0453125 0.0453125
0 0.62109375 0.4390625 0.0296875 0.0296875
0 0.61796875 0.5671875 0.034375 0.034375
0 0.7140625 0.5765625 0.034375 0.034375
0 0.77734375 0.525 0.03125 0.03125
0 0.79453125 0.584375 0.065625 0.0625
0 0.85703125 0.63828125 0.0765625 0.0765625
0 0.42890625 0.6765625 0.0390625 0.0390625
0 0.30625 0.61796875 0.0453125 0.0453125
0 0.25859375 0.615625 0.04375 0.04375
0 0.25625 0.64765625 0.04375 0.04375
0 0.15 0.5734375 0.065625 0.065625
0 0.084375 0.6609375 0.028125 0.0265625
0 0.365625 0.49296875 0.0234375 0.025
0 0.275 0.48046875 0.0484375 0.0484375
0 0.5 0.5765625 0.209375 0.2078125
0 0.8140625 0.1078125 0.034375 0.034375
0 0.93046875 0.13359375 0.03125 0.03125
0 0.5296875 0.0359375 0.05625 0.0546875
0 0.4234375 0.10078125 0.0546875 0.0546875
0 0.5046875 0.1046875 0.0234375 0.025
0 0.61796875 0.13671875 0.0671875 0.0671875
0 0.665625 0.10703125 0.0390625 0.0390625
0 0.6609375 0.0671875 0.0265625 0.0265625
0 0.7671875 0.05625 0.0828125 0.0828125
0 0.73671875 0.0890625 0.03125 0.03125
0 0.24375 0.0984375 0.0265625 0.0265625
0 0.21015625 0.15390625 0.0265625 0.0265625
0 0.728125 0.35 0.025 0.0234375
0 0.765625 0.49765625 0.034375 0.034375
0 0.771875 0.35 0.0703125 0.0703125
0 0.1390625 0.03515625 0.0296875 0.0296875
0 0.103125 0.1296875 0.03125 0.03125
0 0.0671875 0.11875 0.0296875 0.0296875
0 0.140625 0.296875 0.040625 0.040625
0 0.15859375 0.40390625 0.025 0.0234375
0 0.09140625 0.51171875 0.0390625 0.0390625
0 0.0671875 0.27734375 0.0828125 0.0828125
0 0.02265625 0.30078125 0.034375 0.03125
0 0.0484375 0.390625 0.04375 0.04375
0 0.06953125 0.4234375 0.0265625 0.0265625
0 0.00703125 0.46171875 0.0140625 0.025
0 0.3140625 0.58671875 0.0453125 0.0453125
0 0.196875 0.65625 0.034375 0.034375
0 0.6421875 0.8578125 0.04375 0.04375
0 0.52890625 0.9078125 0.028125 0.0296875
0 0.74765625 0.81875 0.028125 0.0296875
0 0.84765625 0.73828125 0.053125 0.053125
0 0.78984375 0.73828125 0.065625 0.065625
0 0.78828125 0.68515625 0.0765625 0.0765625
0 0.978125 0.4109375 0.04375 0.0484375
0 0.86796875 0.10546875 0.0265625 0.0265625
0 0.890625 0.19375 0.025 0.025
0 0.23828125 0.38359375 0.03125 0.03125
0 0.30625 0.4578125 0.0296875 0.0265625
0 0.1 0.90390625 0.0375 0.0390625
0 0.30078125 0.73203125 0.0625 0.0625