0 0.0875 0.9546875 0.0578125 0.0453125
0 0.41484375 0.96484375 0.034375 0.0265625
0 0.2796875 0.9203125 0.0359375 0.0296875
0 0.19375 0.92890625 0.11875 0.0921875
0 0.0765625 0.90234375 0.065625 0.0515625
0 0.328125 0.8328125 0.29375 0.2265625
0 0.06640625 0.8765625 0.0890625 0.0671875
0 0.03359375 0.68046875 0.03125 0.0234375
0 0.01328125 0.68359375 0.0265625 0.03125
0 0.01328125 0.6625 0.0265625 0.025
0 0.16015625 0.58671875 0.3203125 0.3421875
0 0.115625 0.14296875 0.23125 0.2453125
0 0.1234375 0.071875 0.053125 0.040625
0 0.47109375 0.23046875 0.0765625 0.0578125
0 0.3953125 0.4984375 0.096875 0.075
0 0.74765625 0.5671875 0.0890625 0.0671875
0 0.19921875 0.72265625 0.125 0.096875
0 0.22734375 0.65 0.0515625 0.0390625
0 0.375 0.71015625 0.3015625 0.23125
0 0.63671875 0.7390625 0.04375 0.034375
0 0.44921875 0.58046875 0.065625 0.0515625
0 0.34375 0.6 0.065625 0.0515625
0 0.375 0.69453125 0.04375 0.034375