0 0.015625 0.1296875 0.03125 0.03125
0 0.0734375 0.24765625 0.03125 0.0265625
0 0.18515625 0.12890625 0.0296875 0.0265625
0 0.5484375 0.23203125 0.0453125 0.040625
0 0.71171875 0.196875 0.03125 0.0296875
0 0.92890625 0.08515625 0.0390625 0.034375
0 0.7875 0.01328125 0.0359375 0.0265625
0 0.6390625 0.0421875 0.03125 0.0296875
0 0.4734375 0.06953125 0.03125 0.0265625
0 0.6671875 0.1234375 0.03125 0.0296875
0 0.5875 0.1546875 0.0890625 0.0796875
0 0.91484375 0.8921875 0.1546875 0.1375
0 0.77734375 0.7359375 0.034375 0.03125
0 0.7953125 0.59765625 0.11875 0.10625
0 0.90859375 0.5625 0.040625 0.0359375
0 0.921875 0.5328125 0.0359375 0.03125
0 0.9359375 0.56953125 0.0296875 0.0265625
0 0.97265625 0.31015625 0.04375 0.0390625
0 0.88125 0.46640625 0.065625 0.0578125
0 0.7453125 0.478125 0.075 0.0671875
0 0.7515625 0.525 0.034375 0.028125
0 0.41484375 0.5 0.04375 0.0390625
0 0.34609375 0.490625 0.0359375 0.03125
0 0.30390625 0.53515625 0.0359375 0.034375
0 0.5046875 0.90390625 0.034375 0.0296875
0 0.20703125 0.875 0.0296875 0.0265625
0 0.2296875 0.6296875 0.03125 0.0265625
0 0.021875 0.6828125 0.0390625 0.034375
0 0.03828125 0.40234375 0.0296875 0.0265625
0 0.0578125 0.93046875 0.0671875 0.0609375