0 0.06875 0.009375 0.03125 0.01875
0 0.31015625 0.54296875 0.0359375 0.03125
0 0.26328125 0.24765625 0.03125 0.0296875
0 0.2390625 0.271875 0.0296875 0.0234375
0 0.33984375 0.17890625 0.0390625 0.0328125
0 0.7015625 0.4484375 0.0453125 0.040625
0 0.640625 0.5296875 0.053125 0.0453125
0 0.53359375 0.5984375 0.165625 0.146875
0 0.46484375 0.38359375 0.040625 0.0359375
0 0.6703125 0.328125 0.034375 0.0296875
0 0.7140625 0.1421875 0.0390625 0.0328125
0 0.9234375 0.1265625 0.0359375 0.03125
0 0.84140625 0.234375 0.09375 0.084375
0 0.77734375 0.0984375 0.03125 0.0296875
0 0.62109375 0.0734375 0.0484375 0.04375
0 0.16484375 0.2609375 0.053125 0.0484375
0 0.946875 0.42578125 0.0890625 0.0765625
0 0.8421875 0.8234375 0.0515625 0.04375
0 0.9875 0.9484375 0.025 0.03125
0 0.984375 0.6515625 0.03125 0.0265625
0 0.6578125 0.98046875 0.0453125 0.0390625
0 0.609375 0.20078125 0.0484375 0.040625
0 0.025 0.4828125 0.0296875 0.025
0 0.90234375 0.45546875 0.0296875 0.025
0 0.3015625 0.93515625 0.0765625 0.0671875