0 0.671875 0.140625 0.1859375 0.16875
0 0.91328125 0.453125 0.0484375 0.04375
0 0.65625 0.55078125 0.0296875 0.0265625
0 0.3578125 0.3578125 0.0265625 0.0234375
0 0.23046875 0.31875 0.0296875 0.0265625
0 0.18359375 0.3390625 0.05625 0.0515625
0 0.2171875 0.4578125 0.0390625 0.034375
0 0.4421875 0.5984375 0.0390625 0.0359375
0 0.3015625 0.25234375 0.034375 0.03125
0 0.19921875 0.14765625 0.0453125 0.040625
0 0.19921875 0.87109375 0.03125 0.0296875
0 0.15859375 0.71640625 0.0296875 0.0265625
0 0.18359375 0.80859375 0.04375 0.0390625
0 0.2453125 0.859375 0.03125 0.0296875
0 0.275 0.84765625 0.0296875 0.0265625
0 0.3015625 0.73046875 0.03125 0.0265625
0 0.453125 0.66796875 0.0359375 0.034375
0 0.81640625 0.95078125 0.0296875 0.0265625
0 0.609375 0.6671875 0.0296875 0.0234375
0 0.9390625 0.65625 0.0296875 0.0265625
0 0.91796875 0.525 0.0265625 0.025
0 0.97578125 0.76328125 0.0265625 0.025
0 0.78984375 0.19609375 0.0515625 0.0453125
0 0.38125 0.6734375 0.0328125 0.03125
0 0.8265625 0.60703125 0.040625 0.0359375
0 0.71015625 0.5359375 0.040625 0.0359375
0 0.553125 0.59609375 0.0453125 0.040625