0 0.8109375 0.74609375 0.0265625 0.0265625
0 0.196875 0.99140625 0.025 0.0171875
0 0.05390625 0.24296875 0.0359375 0.034375
0 0.06875 0.0671875 0.0265625 0.0265625
0 0.37109375 0.6765625 0.0265625 0.0234375
0 0.1296875 0.40625 0.0359375 0.034375
0 0.18515625 0.10078125 0.040625 0.0390625
0 0.3609375 0.2296875 0.0265625 0.025
0 0.41015625 0.3421875 0.0296875 0.0265625
0 0.93046875 0.1875 0.03125 0.03125
0 0.96171875 0.22578125 0.0625 0.0609375
0 0.5015625 0.23203125 0.034375 0.03125
0 0.85 0.140625 0.03125 0.03125