0 0.19609375 0.5140625 0.0453125 0.0453125
0 0.1984375 0.490625 0.0484375 0.0484375
0 0.203125 0.46484375 0.0296875 0.0296875
0 0.15625 0.65625 0.0296875 0.0296875
0 0.53125 0.478125 0.03125 0.03125
0 0.5171875 0.39921875 0.0390625 0.0390625
0 0.56953125 0.359375 0.028125 0.0296875
0 0.390625 0.61328125 0.0296875 0.0296875
0 0.25625 0.02734375 0.0484375 0.0484375
0 0.2953125 0.015625 0.0515625 0.03125
0 0.31015625 0.025 0.0390625 0.0390625
0 0.1515625 0.0578125 0.0359375 0.0359375
0 0.60546875 0.4375 0.0265625 0.0265625
0 0.61875 0.41953125 0.0265625 0.0265625
0 0.7078125 0.21015625 0.03125 0.03125
0 0.79296875 0.01328125 0.0390625 0.0265625
0 0.9015625 0.25703125 0.0359375 0.034375
0 0.80546875 0.196875 0.0265625 0.0265625
0 0.328125 0.4546875 0.034375 0.034375
0 0.21640625 0.36640625 0.0296875 0.0296875
0 0.47734375 0.33046875 0.0296875 0.0296875
0 0.584375 0.2765625 0.03125 0.03125
0 0.9671875 0.21875 0.0296875 0.0296875
0 0.16328125 0.1234375 0.04375 0.04375
0 0.0890625 0.1 0.0390625 0.0375
0 0.10078125 0.115625 0.034375 0.034375
0 0.06640625 0.11796875 0.0296875 0.0296875