0 0.14765625 0.89296875 0.03125 0.0265625
0 0.24296875 0.79296875 0.0296875 0.025
0 0.16953125 0.37265625 0.0296875 0.0265625
0 0.1421875 0.51953125 0.040625 0.0359375
0 0.81875 0.88125 0.0296875 0.025
0 0.69453125 0.82421875 0.040625 0.0359375
0 0.61875 0.740625 0.0453125 0.040625
0 0.6140625 0.671875 0.04375 0.0359375
0 0.5515625 0.6875 0.03125 0.0265625
0 0.89921875 0.4796875 0.03125 0.0265625
0 0.44609375 0.1859375 0.0296875 0.025
0 0.6140625 0.134375 0.0625 0.053125
0 0.5109375 0.16015625 0.0359375 0.0296875
0 0.58203125 0.1078125 0.0578125 0.0515625
0 0.91796875 0.39453125 0.096875 0.084375
0 0.884375 0.334375 0.034375 0.0296875