0 0.765625 0.0921875 0.0390625 0.0265625
0 0.5734375 0.009375 0.034375 0.01875
0 0.525 0.0109375 0.04375 0.021875
0 0.4859375 0.0328125 0.0359375 0.0265625
0 0.30546875 0.01328125 0.0390625 0.0265625
0 0.04921875 0.6875 0.0765625 0.05625
0 0.11875 0.67421875 0.0828125 0.0578125
0 0.1296875 0.4671875 0.0359375 0.0265625
0 0.37109375 0.484375 0.0453125 0.034375
0 0.4984375 0.53359375 0.059375 0.04375
0 0.37265625 0.5640625 0.0359375 0.0265625
0 0.2140625 0.4015625 0.0515625 0.0359375
0 0.521875 0.34765625 0.0765625 0.05625
0 0.6234375 0.19609375 0.040625 0.0296875
0 0.81953125 0.334375 0.0453125 0.03125
0 0.8734375 0.62890625 0.053125 0.0390625
0 0.7328125 0.646875 0.0390625 0.0265625
0 0.43515625 0.61328125 0.040625 0.0296875
0 0.428125 0.43515625 0.5 0.3578125