0 0.9375 0.01328125 0.040625 0.0265625
0 0.7015625 0.15625 0.040625 0.0359375
0 0.63359375 0.225 0.075 0.0671875
0 0.4171875 0.234375 0.0765625 0.0671875
0 0.38125 0.0890625 0.065625 0.0578125
0 0.20078125 0.140625 0.0671875 0.0609375
0 0.11171875 0.15 0.096875 0.0875
0 0.04921875 0.12265625 0.096875 0.0875
0 0.0328125 0.21484375 0.065625 0.09375
0 0.0875 0.03984375 0.0875 0.0796875
0 0.4734375 0.11875 0.075 0.0671875
0 0.240625 0.0796875 0.0390625 0.034375
0 0.0796875 0.83203125 0.1421875 0.128125
0 0.0796875 0.6265625 0.0875 0.0765625
0 0.01171875 0.6171875 0.0234375 0.028125
0 0.021875 0.54921875 0.04375 0.075
0 0.01328125 0.4796875 0.0265625 0.0296875
0 0.20546875 0.725 0.040625 0.0359375
0 0.12890625 0.7671875 0.096875 0.0875
0 0.33515625 0.834375 0.0578125 0.0515625
0 0.4078125 0.81953125 0.0671875 0.059375
0 0.4796875 0.7296875 0.075 0.0671875
0 0.43984375 0.7078125 0.0609375 0.053125
0 0.3546875 0.68046875 0.0296875 0.0265625
0 0.265625 0.7234375 0.03125 0.0265625
0 0.22265625 0.57578125 0.084375 0.075
0 0.27734375 0.5375 0.071875 0.065625
0 0.17421875 0.475 0.096875 0.0875
0 0.134375 0.4265625 0.0609375 0.0546875
0 0.25234375 0.390625 0.03125 0.0296875
0 0.1984375 0.42421875 0.1234375 0.1078125
0 0.32421875 0.48828125 0.03125 0.0296875
0 0.1453125 0.5875 0.0765625 0.0703125
0 0.0984375 0.28359375 0.11875 0.10625
0 0.30625 0.5921875 0.075 0.065625
0 0.1609375 0.6421875 0.075 0.0671875
0 0.36171875 0.56015625 0.0703125 0.0625
0 0.4359375 0.52890625 0.1453125 0.1296875
0 0.5171875 0.55390625 0.0796875 0.0703125
0 0.57109375 0.6765625 0.0671875 0.059375
0 0.49296875 0.8640625 0.0671875 0.0609375
0 0.66015625 0.834375 0.128125 0.1140625
0 0.5984375 0.7140625 0.0515625 0.0453125
0 0.53984375 0.7640625 0.03125 0.0265625
0 0.65234375 0.75234375 0.0484375 0.04375
0 0.625 0.79453125 0.0390625 0.034375
0 0.75859375 0.9078125 0.0453125 0.040625
0 0.8125 0.9125 0.0609375 0.05625
0 0.834375 0.9546875 0.065625 0.0578125
0 0.83984375 0.85703125 0.084375 0.075
0 0.98046875 0.8953125 0.0296875 0.0265625
0 0.89296875 0.91484375 0.0875 0.0765625
0 0.6609375 0.49296875 0.028125 0.0265625
0 0.7078125 0.428125 0.0765625 0.0671875
0 0.8375 0.36171875 0.11875 0.10625
0 0.94375 0.63125 0.03125 0.028125
0 0.79296875 0.74140625 0.1015625 0.090625
0 0.42421875 0.35234375 0.2546875 0.228125
0 0.96015625 0.28828125 0.0265625 0.0234375
0 0.85078125 0.53828125 0.2234375 0.2
0 0.93359375 0.7234375 0.1109375 0.0984375
0 0.96875 0.821875 0.0359375 0.03125