0 0.79453125 0.04453125 0.1640625 0.0890625
0 0.76171875 0.12109375 0.096875 0.071875
0 0.9015625 0.146875 0.0359375 0.0265625
0 0.78125 0.3265625 0.0484375 0.0328125
0 0.7296875 0.2953125 0.0453125 0.0328125
0 0.40859375 0.24765625 0.0484375 0.0359375
0 0.6578125 0.17421875 0.0796875 0.0578125
0 0.01796875 0.52421875 0.0359375 0.028125
0 0.02265625 0.55390625 0.0453125 0.04375
0 0.45078125 0.9421875 0.05625 0.0390625
0 0.76171875 0.94609375 0.0515625 0.0359375
0 0.2234375 0.5625 0.0515625 0.0359375
0 0.29453125 0.36796875 0.0578125 0.04375
0 0.23671875 0.52421875 0.05625 0.040625
0 0.62109375 0.6296875 0.05625 0.040625
0 0.7515625 0.7078125 0.05625 0.0390625
0 0.021875 0.38671875 0.04375 0.03125
0 0.44609375 0.275 0.0515625 0.0359375