0 0.96875 0.9078125 0.0265625 0.0265625
0 0.8859375 0.89296875 0.0453125 0.0453125
0 0.8484375 0.7515625 0.040625 0.040625
0 0.73671875 0.7296875 0.03125 0.03125
0 0.6921875 0.7171875 0.03125 0.03125
0 0.66953125 0.7859375 0.025 0.0234375
0 0.5328125 0.85546875 0.0703125 0.0703125
0 0.52421875 0.9359375 0.04375 0.04375
0 0.50859375 0.9796875 0.040625 0.040625
0 0.5 0.796875 0.040625 0.040625
0 0.47109375 0.76953125 0.034375 0.034375
0 0.475 0.7953125 0.0390625 0.0390625
0 0.42578125 0.80625 0.0453125 0.0453125
0 0.3640625 0.85078125 0.034375 0.034375
0 0.30859375 0.8734375 0.0296875 0.0296875
0 0.71875 0.6578125 0.0265625 0.0265625
0 0.68515625 0.61171875 0.04375 0.04375
0 0.478125 0.65 0.0265625 0.0265625
0 0.6609375 0.6859375 0.0265625 0.0265625
0 0.5171875 0.67578125 0.034375 0.034375
0 0.94609375 0.60546875 0.03125 0.03125
0 0.8921875 0.60703125 0.034375 0.034375
0 0.35546875 0.98046875 0.034375 0.034375
0 0.2984375 0.98046875 0.0234375 0.025
0 0.18046875 0.78828125 0.03125 0.03125
0 0.040625 0.91328125 0.0796875 0.0796875
0 0.00859375 0.9515625 0.0171875 0.0296875
0 0.1984375 0.9734375 0.040625 0.040625
0 0.015625 0.615625 0.03125 0.0359375
0 0.08984375 0.6390625 0.0703125 0.0703125
0 0.0796875 0.275 0.034375 0.0328125
0 0.05390625 0.1703125 0.03125 0.0296875
0 0.0953125 0.05390625 0.0296875 0.028125
0 0.10546875 0.1703125 0.025 0.025
0 0.2328125 0.25234375 0.025 0.025
0 0.23828125 0.28515625 0.0390625 0.0390625
0 0.34765625 0.4421875 0.034375 0.034375
0 0.296875 0.53125 0.025 0.025
0 0.15390625 0.5046875 0.0265625 0.0265625
0 0.4171875 0.53125 0.0265625 0.0265625
0 0.5453125 0.5734375 0.0265625 0.0265625
0 0.7296875 0.52890625 0.04375 0.04375
0 0.7984375 0.5109375 0.0671875 0.0671875
0 0.76953125 0.35546875 0.09375 0.09375
0 0.6828125 0.4328125 0.03125 0.03125
0 0.6421875 0.428125 0.034375 0.034375
0 0.5875 0.23046875 0.053125 0.053125
0 0.36796875 0.178125 0.03125 0.03125
0 0.3390625 0.196875 0.040625 0.040625
0 0.28125 0.228125 0.034375 0.034375
0 0.54921875 0.09765625 0.034375 0.034375
0 0.51328125 0.17890625 0.0484375 0.0453125
0 0.775 0.09140625 0.0484375 0.0484375
0 0.73671875 0.07421875 0.025 0.025
0 0.62265625 0.11796875 0.0390625 0.0390625
0 0.5875 0.16484375 0.0765625 0.0765625
0 0.8234375 0.16328125 0.0296875 0.0296875
0 0.80390625 0.1859375 0.0265625 0.0265625
0 0.87109375 0.3140625 0.0484375 0.0484375
0 0.82421875 0.3109375 0.03125 0.03125
0 0.66796875 0.33203125 0.0390625 0.0390625
0 0.865625 0.37265625 0.05625 0.0546875
0 0.8765625 0.49765625 0.0390625 0.0390625
0 0.08984375 0.33046875 0.0515625 0.0515625
0 0.2796875 0.24296875 0.0453125 0.0453125