0 0.9171875 0.025 0.04375 0.04375
0 0.96875 0.09765625 0.034375 0.034375
0 0.8703125 0.0921875 0.0296875 0.0265625
0 0.8578125 0.13125 0.0671875 0.0671875
0 0.82421875 0.24765625 0.0484375 0.0484375
0 0.67578125 0.2171875 0.0390625 0.0390625
0 0.73671875 0.209375 0.0359375 0.0359375
0 0.7171875 0.23828125 0.03125 0.03125
0 0.7546875 0.24296875 0.03125 0.03125
0 0.66015625 0.25625 0.040625 0.040625
0 0.64453125 0.29296875 0.034375 0.034375
0 0.60234375 0.26953125 0.028125 0.0296875
0 0.5359375 0.22109375 0.0265625 0.0265625
0 0.77265625 0.2203125 0.0234375 0.025
0 0.303125 0.12265625 0.0296875 0.0296875
0 0.31484375 0.1578125 0.053125 0.0515625
0 0.31953125 0.2640625 0.040625 0.040625
0 0.19921875 0.2765625 0.0453125 0.0453125
0 0.16796875 0.2140625 0.053125 0.053125
0 0.23671875 0.1625 0.0296875 0.0296875
0 0.2359375 0.115625 0.0296875 0.0265625
0 0.1609375 0.59609375 0.0296875 0.028125
0 0.14765625 0.74296875 0.0265625 0.0234375
0 0.39765625 0.5015625 0.0515625 0.0515625
0 0.33203125 0.61640625 0.0265625 0.0265625
0 0.365625 0.76796875 0.0390625 0.0390625
0 0.3765625 0.97578125 0.0234375 0.025
0 0.62890625 0.9515625 0.03125 0.03125
0 0.578125 0.86796875 0.0265625 0.0265625
0 0.52734375 0.4578125 0.0390625 0.0390625
0 0.54453125 0.4265625 0.04375 0.04375
0 0.57578125 0.39765625 0.028125 0.0265625
0 0.7125 0.4671875 0.034375 0.034375
0 0.725 0.53359375 0.03125 0.03125
0 0.6859375 0.58046875 0.034375 0.034375
0 0.66328125 0.5640625 0.0265625 0.0265625
0 0.54453125 0.6859375 0.0265625 0.0265625
0 0.50234375 0.80078125 0.0390625 0.0390625
0 0.66015625 0.69375 0.0484375 0.0484375
0 0.6234375 0.74609375 0.025 0.025
0 0.74140625 0.6296875 0.0390625 0.0359375
0 0.83203125 0.4234375 0.025 0.025
0 0.88203125 0.95703125 0.0265625 0.0265625
0 0.8140625 0.3375 0.025 0.0234375
0 0.69921875 0.26328125 0.0265625 0.0265625
0 0.896875 0.07578125 0.034375 0.034375
0 0.91328125 0.0921875 0.0359375 0.0359375
0 0.90625 0.13203125 0.034375 0.034375
0 0.7984375 0.17890625 0.0515625 0.0515625
0 0.18046875 0.6359375 0.0296875 0.028125
0 0.73046875 0.271875 0.04375 0.04375
0 0.796875 0.36171875 0.0390625 0.0359375
0 0.853125 0.63671875 0.0265625 0.0265625
0 0.740625 0.35 0.040625 0.040625
0 0.271875 0.29921875 0.03125 0.0296875
0 0.86171875 0.91796875 0.03125 0.03125
0 0.90390625 0.921875 0.03125 0.0296875