0 0.9109375 0.33984375 0.075 0.075
0 0.8453125 0.56484375 0.025 0.025
0 0.7546875 0.6546875 0.028125 0.028125
0 0.97265625 0.72734375 0.0296875 0.028125
0 0.5640625 0.10703125 0.0625 0.0625
0 0.22265625 0.2234375 0.0296875 0.0296875
0 0.85703125 0.4734375 0.0484375 0.0484375
0 0.04296875 0.3734375 0.040625 0.040625
0 0.18515625 0.265625 0.025 0.025
0 0.01328125 0.7921875 0.0265625 0.03125
0 0.55546875 0.67578125 0.028125 0.0296875
0 0.8390625 0.88828125 0.040625 0.0390625
0 0.68515625 0.68046875 0.0265625 0.0234375
0 0.76328125 0.89765625 0.065625 0.065625
0 0.08203125 0.421875 0.0578125 0.0578125