0 0.97265625 0.63125 0.04375 0.04375
0 0.4671875 0.0265625 0.0671875 0.053125
0 0.5625 0.25859375 0.0265625 0.0265625
0 0.60078125 0.303125 0.0234375 0.0234375
0 0.62890625 0.18984375 0.0984375 0.0984375
0 0.68125 0.13359375 0.0671875 0.0671875
0 0.671875 0.57421875 0.03125 0.03125
0 0.56953125 0.6078125 0.0859375 0.0875
0 0.771875 0.071875 0.0828125 0.0828125
0 0.1765625 0.57109375 0.0296875 0.028125
0 0.15234375 0.63125 0.040625 0.040625
0 0.1140625 0.3609375 0.034375 0.0328125
0 0.12734375 0.12734375 0.04375 0.04375
0 0.11875 0.1515625 0.03125 0.03125
0 0.04921875 0.17890625 0.0296875 0.0296875
0 0.16796875 0.7390625 0.065625 0.065625
0 0.2875 0.84375 0.040625 0.040625
0 0.5921875 0.946875 0.04375 0.04375
0 0.8265625 0.9171875 0.0265625 0.0265625
0 0.20078125 0.078125 0.1375 0.1375
0 0.29921875 0.49375 0.0765625 0.0765625
0 0.396875 0.43125 0.0921875 0.0921875
0 0.61328125 0.5484375 0.0828125 0.0828125
0 0.2328125 0.646875 0.0265625 0.0265625
0 0.540625 0.21875 0.0453125 0.0453125
0 0.03984375 0.00703125 0.025 0.0140625
0 0.8328125 0.87890625 0.096875 0.096875