0 0.3125 0.3328125 0.4953125 0.3703125
0 0.31015625 0.70546875 0.228125 0.16875
0 0.1390625 0.5421875 0.075 0.0546875
0 0.01171875 0.15 0.0234375 0.03125
0 0.0578125 0.16796875 0.115625 0.134375
0 0.02421875 0.25703125 0.0484375 0.0359375
0 0.8296875 0.49765625 0.053125 0.040625
0 0.54921875 0.475 0.115625 0.0875
0 0.94375 0.33203125 0.034375 0.0265625
0 0.9671875 0.31953125 0.065625 0.0515625
0 0.38828125 0.03984375 0.04375 0.03125
0 0.8609375 0.01953125 0.0515625 0.0390625
0 0.98515625 0.096875 0.0296875 0.028125
0 0.8578125 0.8234375 0.1921875 0.1421875
0 0.85703125 0.9234375 0.040625 0.0296875
0 0.7921875 0.896875 0.103125 0.0765625
0 0.74609375 0.82421875 0.125 0.0921875
0 0.696875 0.6359375 0.0359375 0.0265625
0 0.240625 0.95078125 0.071875 0.053125
0 0.41953125 0.9484375 0.075 0.05625
0 0.27265625 0.98046875 0.040625 0.03125
0 0.02734375 0.81953125 0.0546875 0.0484375
0 0.028125 0.98984375 0.034375 0.0203125
0 0.69453125 0.9 0.2625 0.1953125