0 0.87734375 0.91328125 0.0890625 0.0890625
0 0.93984375 0.9265625 0.075 0.075
0 0.8609375 0.9171875 0.025 0.025
0 0.73671875 0.9375 0.0390625 0.0390625
0 0.86171875 0.65234375 0.040625 0.040625
0 0.88125 0.69375 0.0796875 0.0796875
0 0.978125 0.834375 0.0265625 0.0265625
0 0.70078125 0.80546875 0.10625 0.10625
0 0.6515625 0.75390625 0.0625 0.0625
0 0.4390625 0.7453125 0.0703125 0.0703125
0 0.334375 0.8859375 0.084375 0.084375
0 0.2390625 0.92421875 0.0296875 0.0296875
0 0.53828125 0.7390625 0.196875 0.196875
0 0.796875 0.5984375 0.03125 0.03125
0 0.08671875 0.6421875 0.1734375 0.18125
0 0.1828125 0.42890625 0.0390625 0.0390625
0 0.1296875 0.43046875 0.084375 0.084375
0 0.04921875 0.20546875 0.0984375 0.1734375
0 0.0984375 0.13671875 0.0453125 0.0453125
0 0.015625 0.06484375 0.0265625 0.0265625
0 0.10546875 0.0328125 0.0390625 0.0390625
0 0.26171875 0.22578125 0.0625 0.0625
0 0.24140625 0.1828125 0.0296875 0.0296875
0 0.22734375 0.2984375 0.03125 0.03125
0 0.3546875 0.2875 0.0890625 0.0890625
0 0.365625 0.3546875 0.0359375 0.0359375
0 0.29453125 0.36796875 0.11875 0.1171875
0 0.24140625 0.0296875 0.0265625 0.0265625
0 0.28359375 0.0203125 0.040625 0.040625
0 0.24296875 0.12734375 0.03125 0.03125
0 0.14921875 0.1578125 0.0265625 0.025
0 0.5734375 0.1265625 0.034375 0.0328125
0 0.49140625 0.2984375 0.04375 0.04375
0 0.47265625 0.45078125 0.0359375 0.0359375
0 0.60546875 0.4046875 0.209375 0.209375
0 0.7515625 0.4828125 0.05625 0.05625
0 0.8125 0.41328125 0.03125 0.03125
0 0.76796875 0.4109375 0.084375 0.084375
0 0.83984375 0.4078125 0.040625 0.040625
0 0.98046875 0.43125 0.0359375 0.0359375
0 0.69921875 0.2125 0.03125 0.03125
0 0.67421875 0.2296875 0.0265625 0.0265625
0 0.584375 0.24609375 0.028125 0.0296875
0 0.478125 0.23828125 0.09375 0.09375
0 0.509375 0.1359375 0.053125 0.053125
0 0.49375 0.0828125 0.0296875 0.0296875
0 0.2953125 0.10234375 0.0390625 0.0390625
0 0.9546875 0.16484375 0.040625 0.040625
0 0.740625 0.2953125 0.04375 0.04375
0 0.11640625 0.27421875 0.2328125 0.40625