0 0.0015625 0.0015625 0.003125 0.003125
0 0.00078125 0.00234375 0.0015625 0.0015625
0 0.0515625 0.1765625 0.0609375 0.0484375
0 0.1671875 0.228125 0.0625 0.0515625
0 0.41015625 0.196875 0.04375 0.034375
0 0.39296875 0.2296875 0.040625 0.034375
0 0.36171875 0.2453125 0.0640625 0.0515625
0 0.54921875 0.19375 0.0359375 0.0296875
0 0.57109375 0.21171875 0.040625 0.03125
0 0.22265625 0.08984375 0.09375 0.075
0 0.109375 0.078125 0.075 0.0578125
0 0.24140625 0.03125 0.0828125 0.0625
0 0.27890625 0.1203125 0.0796875 0.0625
0 0.5921875 0.2703125 0.059375 0.0484375
0 0.64765625 0.15859375 0.034375 0.0265625
0 0.9671875 0.021875 0.053125 0.04375
0 0.98671875 0.05859375 0.0265625 0.025
0 0.91328125 0.2390625 0.1296875 0.103125
0 0.94140625 0.328125 0.0875 0.0703125
0 0.86640625 0.296875 0.103125 0.0828125
0 0.9390625 0.9734375 0.0703125 0.053125
0 0.93984375 0.928125 0.05625 0.04375
0 0.85234375 0.859375 0.0578125 0.0453125
0 0.9078125 0.7828125 0.0515625 0.040625
0 0.36875 0.46484375 0.0390625 0.03125
0 0.22734375 0.490625 0.034375 0.0265625
0 0.14765625 0.63828125 0.0328125 0.0265625
0 0.58203125 0.82578125 0.2015625 0.159375
0 0.8078125 0.81640625 0.053125 0.040625
0 0.3171875 0.31640625 0.0703125 0.05625
0 0.2703125 0.39765625 0.0609375 0.0484375
0 0.07421875 0.75234375 0.05625 0.04375
0 0.02265625 0.78515625 0.0453125 0.0484375