0 0.24375 0.571875 0.1828125 0.1515625
0 0.928125 0.0625 0.0625 0.0515625
0 0.25 0.3859375 0.0578125 0.0453125
0 0.30859375 0.40625 0.03125 0.0265625
0 0.0765625 0.2671875 0.0359375 0.03125
0 0.0359375 0.3390625 0.071875 0.0796875
0 0.08515625 0.54296875 0.1703125 0.2078125
0 0.4859375 0.40859375 0.04375 0.0359375
0 0.4703125 0.35234375 0.03125 0.0265625
0 0.571875 0.271875 0.0359375 0.03125
0 0.60234375 0.25 0.065625 0.05625
0 0.50625 0.2234375 0.0578125 0.0453125
0 0.49296875 0.1703125 0.128125 0.10625
0 0.515625 0.30390625 0.146875 0.1203125
0 0.3109375 0.1265625 0.0625 0.053125
0 0.42578125 0.08515625 0.09375 0.0765625
0 0.3453125 0.19921875 0.03125 0.0265625
0 0.7125 0.6078125 0.0453125 0.0359375
0 0.63125 0.1109375 0.03125 0.0265625
0 0.59765625 0.1765625 0.125 0.103125
0 0.6546875 0.21640625 0.0453125 0.0390625
0 0.58203125 0.084375 0.040625 0.034375
0 0.97578125 0.24296875 0.0359375 0.0296875
0 0.96171875 0.26328125 0.034375 0.0265625
0 0.73046875 0.14765625 0.071875 0.0609375
0 0.67578125 0.296875 0.1515625 0.125
0 0.3234375 0.8640625 0.034375 0.0265625
0 0.2234375 0.9171875 0.1265625 0.103125
0 0.475 0.77265625 0.034375 0.028125
0 0.5 0.07109375 0.0578125 0.0484375
0 0.6234375 0.55859375 0.03125 0.0265625
0 0.86640625 0.02265625 0.0765625 0.0453125