0 0.64765625 0.16015625 0.0828125 0.0703125
0 0.80625 0.296875 0.03125 0.0265625
0 0.89921875 0.28828125 0.0359375 0.03125
0 0.84375 0.20546875 0.0296875 0.025
0 0.85234375 0.2609375 0.115625 0.0984375
0 0.62734375 0.28984375 0.0359375 0.03125
0 0.54921875 0.19921875 0.0390625 0.03125
0 0.57109375 0.05078125 0.0359375 0.03125
0 0.95078125 0.49296875 0.0875 0.075
0 0.875 0.42890625 0.0390625 0.034375
0 0.8234375 0.4328125 0.0515625 0.04375
0 0.64296875 0.33203125 0.0703125 0.0609375
0 0.665625 0.396875 0.0625 0.053125
0 0.63125 0.44375 0.05625 0.0484375
0 0.6453125 0.4953125 0.059375 0.0515625
0 0.57578125 0.484375 0.0359375 0.03125
0 0.52421875 0.47734375 0.03125 0.0265625
0 0.55390625 0.5359375 0.040625 0.034375
0 0.6671875 0.53359375 0.0359375 0.03125
0 0.67421875 0.57109375 0.0359375 0.028125
0 0.7171875 0.459375 0.1203125 0.103125
0 0.59140625 0.5359375 0.0765625 0.0671875
0 0.5265625 0.5796875 0.0921875 0.0796875
0 0.46640625 0.39453125 0.034375 0.0296875
0 0.4265625 0.1109375 0.0609375 0.0515625
0 0.40625 0.18515625 0.0515625 0.04375
0 0.34765625 0.2359375 0.0484375 0.040625
0 0.3796875 0.39296875 0.0546875 0.0484375
0 0.3109375 0.3328125 0.0328125 0.0296875
0 0.3140625 0.28984375 0.0328125 0.0296875
0 0.25703125 0.32421875 0.0453125 0.0390625
0 0.09140625 0.334375 0.0625 0.053125
0 0.071875 0.37265625 0.028125 0.0234375
0 0.040625 0.4 0.03125 0.0265625
0 0.0640625 0.41484375 0.040625 0.0359375
0 0.1078125 0.36171875 0.04375 0.0359375
0 0.01796875 0.41953125 0.0359375 0.0359375
0 0.02421875 0.109375 0.040625 0.0359375
0 0.18359375 0.13203125 0.0453125 0.040625
0 0.1296875 0.14296875 0.034375 0.0296875
0 0.23671875 0.1671875 0.0625 0.053125
0 0.4671875 0.03984375 0.09375 0.0796875
0 0.3375 0.1625 0.0640625 0.0578125
0 0.32578125 0.3796875 0.0546875 0.0484375
0 0.03984375 0.9375 0.03125 0.0265625
0 0.0296875 0.490625 0.059375 0.103125
0 0.01328125 0.60703125 0.0265625 0.025
0 0.4796875 0.83046875 0.0609375 0.053125
0 0.31875 0.80390625 0.03125 0.0265625
0 0.3375 0.63125 0.0609375 0.053125
0 0.3234375 0.58203125 0.034375 0.0296875
0 0.2703125 0.609375 0.084375 0.071875
0 0.046875 0.7875 0.09375 0.0828125
0 0.6828125 0.6703125 0.0828125 0.0703125
0 0.62265625 0.74765625 0.028125 0.025
0 0.85546875 0.72578125 0.0984375 0.084375
0 0.77421875 0.8140625 0.146875 0.125
0 0.68125 0.78359375 0.134375 0.115625
0 0.6140625 0.72578125 0.1109375 0.09375
0 0.44453125 0.63828125 0.03125 0.0265625
0 0.3015625 0.65 0.0296875 0.025
0 0.52265625 0.84609375 0.028125 0.025
0 0.2296875 0.78125 0.1234375 0.10625