0 0.00234375 0.00078125 0.0015625 0.0015625
0 0.81484375 0.57421875 0.35625 0.3375
0 0.890625 0.53359375 0.0265625 0.025
0 0.7296875 0.47734375 0.0390625 0.0359375
0 0.6140625 0.5265625 0.0515625 0.0484375
0 0.72734375 0.33203125 0.034375 0.03125
0 0.85703125 0.05390625 0.0265625 0.0265625
0 0.58671875 0.0359375 0.1328125 0.071875
0 0.58984375 0.115625 0.0265625 0.025
0 0.66484375 0.18515625 0.034375 0.03125
0 0.540625 0.28125 0.034375 0.03125
0 0.42421875 0.484375 0.053125 0.0515625
0 0.38203125 0.521875 0.0765625 0.071875
0 0.1515625 0.4796875 0.0453125 0.04375
0 0.5171875 0.53984375 0.0390625 0.0359375
0 0.0734375 0.4546875 0.04375 0.040625
0 0.10546875 0.22578125 0.034375 0.03125
0 0.4015625 0.16015625 0.03125 0.03125
0 0.24609375 0.1890625 0.034375 0.03125
0 0.30625 0.09140625 0.0265625 0.0265625
0 0.17578125 0.0359375 0.1296875 0.071875
0 0.21640625 0.82421875 0.0265625 0.0265625
0 0.2234375 0.853125 0.03125 0.0296875
0 0.34375 0.9203125 0.0265625 0.025
0 0.4390625 0.83984375 0.0296875 0.0265625
0 0.44453125 0.7203125 0.0921875 0.0875
0 0.53359375 0.821875 0.1375 0.1296875
0 0.7203125 0.85703125 0.1015625 0.096875
0 0.765625 0.7671875 0.040625 0.0390625
0 0.8015625 0.6921875 0.065625 0.0625