0 0.0421875 0.5375 0.0328125 0.034375
0 0.07578125 0.2046875 0.05625 0.05625
0 0.03984375 0.72109375 0.053125 0.0515625
0 0.021875 0.821875 0.0359375 0.0359375
0 0.009375 0.88984375 0.01875 0.0328125
0 0.00859375 0.94921875 0.0171875 0.0296875
0 0.0765625 0.959375 0.0265625 0.0265625
0 0.09765625 0.9703125 0.04375 0.04375
0 0.4421875 0.96484375 0.0359375 0.0359375
0 0.61796875 0.89296875 0.0265625 0.0265625
0 0.49140625 0.9234375 0.0296875 0.0296875
0 0.5765625 0.74765625 0.0265625 0.0265625
0 0.728125 0.83984375 0.040625 0.040625
0 0.75 0.8078125 0.0296875 0.028125
0 0.671875 0.68125 0.0265625 0.0265625
0 0.6296875 0.64765625 0.0234375 0.0234375
0 0.48046875 0.59609375 0.0390625 0.0390625
0 0.25859375 0.49375 0.04375 0.04375
0 0.20703125 0.4859375 0.0296875 0.0296875
0 0.18046875 0.52421875 0.04375 0.04375
0 0.0734375 0.625 0.0265625 0.0265625
0 0.41796875 0.57109375 0.0265625 0.0265625
0 0.678125 0.4390625 0.0390625 0.0390625
0 0.953125 0.53359375 0.0390625 0.0390625
0 0.9671875 0.84609375 0.0265625 0.0265625
0 0.77734375 0.47109375 0.2171875 0.2140625
0 0.88125 0.3109375 0.1828125 0.1828125
0 0.828125 0.34765625 0.025 0.025
0 0.7015625 0.10234375 0.1296875 0.1296875
0 0.6875 0.14921875 0.0265625 0.0265625
0 0.10234375 0.1734375 0.0296875 0.0296875
0 0.48046875 0.2171875 0.0265625 0.0265625
0 0.6734375 0.00859375 0.03125 0.0171875
0 0.85546875 0.01171875 0.0265625 0.0234375
0 0.31953125 0.4046875 0.0515625 0.0515625
0 0.44375 0.1703125 0.3625 0.340625
0 0.5921875 0.33203125 0.30625 0.30625
0 0.271875 0.525 0.0359375 0.0359375
0 0.24375 0.08515625 0.3296875 0.1703125