0 0.0984375 0.4578125 0.196875 0.2390625
0 0.109375 0.36875 0.21875 0.3453125
0 0.2859375 0.87890625 0.034375 0.034375
0 0.3328125 0.8640625 0.0265625 0.0265625
0 0.896875 0.96171875 0.0265625 0.025
0 0.94453125 0.23046875 0.065625 0.0625
0 0.796875 0.0875 0.0265625 0.025
0 0.71484375 0.1 0.053125 0.053125
0 0.74765625 0.6453125 0.0390625 0.0390625
0 0.7046875 0.69921875 0.0796875 0.0765625
0 0.71875 0.60078125 0.0265625 0.0265625
0 0.49296875 0.578125 0.0359375 0.0359375
0 0.25625 0.5765625 0.040625 0.0390625
0 0.55625 0.328125 0.0265625 0.0265625
0 0.35078125 0.21640625 0.040625 0.040625
0 0.26328125 0.22265625 0.0359375 0.034375
0 0.26328125 0.2390625 0.040625 0.0390625
0 0.53359375 0.37109375 0.196875 0.1953125
0 0.3125 0.4984375 0.1703125 0.16875
0 0.603125 0.05625 0.103125 0.1015625
0 0.65390625 0.02890625 0.0703125 0.0578125
0 0.0453125 0.9890625 0.025 0.021875
0 0.771875 0.321875 0.03125 0.03125
0 0.49140625 0.12109375 0.1515625 0.15
0 0.36640625 0.24140625 0.034375 0.034375
0 0.3390625 0.2609375 0.034375 0.034375
0 0.53359375 0.26328125 0.028125 0.0265625
0 0.30390625 0.1296875 0.0671875 0.0640625
0 0.5046875 0.52265625 0.0265625 0.0234375
0 0.58671875 0.14296875 0.028125 0.0265625
0 0.1703125 0.5734375 0.1078125 0.10625
0 0.025 0.5953125 0.040625 0.040625
0 0.09140625 0.1265625 0.1828125 0.2515625