0 0.0015625 0.00078125 0.0015625 0.0015625
0 0.803125 0.40390625 0.3171875 0.240625
0 0.0015625 0.00234375 0.003125 0.003125
0 0.23828125 0.5484375 0.2765625 0.2125
0 0.87109375 0.96171875 0.040625 0.03125
0 0.02734375 0.93984375 0.0515625 0.0390625
0 0.0765625 0.84609375 0.0484375 0.0390625
0 0.134375 0.78828125 0.0328125 0.0265625
0 0.1578125 0.625 0.0671875 0.053125
0 0.1234375 0.55390625 0.084375 0.065625
0 0.0578125 0.1296875 0.0578125 0.0453125
0 0.14453125 0.2328125 0.034375 0.0265625
0 0.05546875 0.41015625 0.0453125 0.034375
0 0.35703125 0.4828125 0.0328125 0.0265625
0 0.375 0.50703125 0.0390625 0.0296875
0 0.33203125 0.36640625 0.1140625 0.0875
0 0.5171875 0.51953125 0.0703125 0.053125
0 0.78359375 0.7171875 0.075 0.0578125
0 0.7359375 0.7203125 0.16875 0.1296875
0 0.546875 0.7328125 0.034375 0.0265625
0 0.46875 0.61328125 0.071875 0.05625
0 0.6390625 0.3078125 0.0453125 0.0359375
0 0.50234375 0.56953125 0.0390625 0.028125
0 0.81015625 0.6 0.1421875 0.1078125
0 0.93125 0.1 0.0984375 0.075
0 0.9234375 0.0265625 0.0984375 0.053125
0 0.27265625 0.02890625 0.0828125 0.0578125
0 0.48828125 0.03359375 0.1703125 0.0671875
0 0.3859375 0.06640625 0.05625 0.04375
0 0.334375 0.08203125 0.053125 0.040625
0 0.115625 0.0484375 0.0375 0.0296875
0 0.43515625 0.0734375 0.053125 0.0390625