0 0.89296875 0.115625 0.034375 0.034375
0 0.9640625 0.5984375 0.0578125 0.0578125
0 0.91328125 0.62734375 0.034375 0.034375
0 0.85 0.5265625 0.03125 0.03125
0 0.76328125 0.6546875 0.0390625 0.0390625
0 0.7515625 0.7015625 0.05625 0.05625
0 0.6109375 0.68515625 0.034375 0.034375
0 0.6046875 0.75703125 0.028125 0.0265625
0 0.58671875 0.56015625 0.053125 0.053125
0 0.2046875 0.69453125 0.03125 0.03125
0 0.25625 0.77421875 0.0265625 0.0265625
0 0.115625 0.5796875 0.0265625 0.025
0 0.4796875 0.29453125 0.053125 0.053125
0 0.5203125 0.384375 0.0390625 0.0390625
0 0.60703125 0.0515625 0.028125 0.0296875
0 0.5453125 0.11328125 0.03125 0.0296875
0 0.4203125 0.08984375 0.0578125 0.05625
0 0.35546875 0.109375 0.0296875 0.0296875
0 0.1234375 0.1453125 0.0296875 0.0296875
0 0.490625 0.7765625 0.0359375 0.0359375
0 0.0671875 0.6296875 0.040625 0.040625
0 0.0625 0.49296875 0.034375 0.034375
0 0.5828125 0.83671875 0.0265625 0.025
0 0.8421875 0.87109375 0.0265625 0.025
0 0.4 0.02421875 0.040625 0.040625
0 0.45703125 0.44375 0.0515625 0.0515625
0 0.49609375 0.4125 0.040625 0.040625
0 0.4421875 0.2234375 0.04375 0.04375
0 0.8390625 0.1859375 0.034375 0.0328125
0 0.1234375 0.48671875 0.040625 0.040625
0 0.00703125 0.69453125 0.0140625 0.0265625
0 0.07578125 0.77265625 0.028125 0.028125
0 0.27890625 0.79921875 0.040625 0.040625