0 0.2234375 0.2203125 0.446875 0.440625
0 0.0515625 0.10234375 0.0359375 0.0296875
0 0.12734375 0.1609375 0.0359375 0.0296875
0 0.57421875 0.0421875 0.0390625 0.03125
0 0.56640625 0.01796875 0.04375 0.0328125
0 0.953125 0.60546875 0.040625 0.03125
0 0.90390625 0.6234375 0.040625 0.03125
0 0.82578125 0.40859375 0.1328125 0.103125
0 0.7671875 0.4390625 0.0390625 0.0296875
0 0.76328125 0.51953125 0.0515625 0.040625
0 0.790625 0.61171875 0.0359375 0.0265625
0 0.7796875 0.61328125 0.103125 0.0828125
0 0.78359375 0.5671875 0.040625 0.03125
0 0.50703125 0.56953125 0.096875 0.0765625
0 0.6265625 0.740625 0.0796875 0.0625
0 0.740625 0.97578125 0.0671875 0.0484375
0 0.6390625 0.9203125 0.034375 0.0265625
0 0.6234375 0.85078125 0.0390625 0.03125
0 0.50234375 0.828125 0.0515625 0.0390625
0 0.3734375 0.67890625 0.0390625 0.03125
0 0.3015625 0.52734375 0.0359375 0.0296875
0 0.35703125 0.37890625 0.03125 0.025
0 0.25859375 0.7875 0.0453125 0.0359375
0 0.01953125 0.87734375 0.0390625 0.0390625
0 0.1359375 0.50234375 0.071875 0.0578125
0 0.12734375 0.52734375 0.05625 0.04375
0 0.14296875 0.89765625 0.0390625 0.03125
0 0.98046875 0.37734375 0.0390625 0.0328125
0 0.8109375 0.71171875 0.0796875 0.0625
0 0.80078125 0.671875 0.040625 0.03125
0 0.94375 0.79453125 0.0453125 0.0359375
0 0.45703125 0.3421875 0.1875 0.15
0 0.8734375 0.4796875 0.096875 0.0765625
0 0.490625 0.88671875 0.034375 0.0265625
0 0.16484375 0.8859375 0.0515625 0.040625