0 0.94609375 0.36328125 0.040625 0.040625
0 0.89765625 0.3859375 0.025 0.0234375
0 0.7765625 0.35234375 0.0359375 0.0359375
0 0.3375 0.7046875 0.0453125 0.04375
0 0.27265625 0.76328125 0.0625 0.0625
0 0.2921875 0.884375 0.0296875 0.0296875
0 0.678125 0.68125 0.065625 0.065625
0 0.071875 0.44140625 0.034375 0.034375
0 0.0203125 0.27265625 0.034375 0.034375
0 0.10703125 0.38125 0.0390625 0.0390625
0 0.0984375 0.03359375 0.0625 0.0609375
0 0.09375 0.0671875 0.0671875 0.0671875
0 0.46484375 0.01328125 0.034375 0.0265625
0 0.4484375 0.02890625 0.0515625 0.0484375
0 0.67890625 0.25390625 0.0359375 0.0359375
0 0.7859375 0.14921875 0.0390625 0.0359375
0 0.928125 0.1453125 0.034375 0.0328125
0 0.98671875 0.35703125 0.0265625 0.0265625
0 0.521875 0.57421875 0.0390625 0.0390625
0 0.03515625 0.0328125 0.04375 0.040625
0 0.72734375 0.015625 0.0484375 0.03125
0 0.89921875 0.18515625 0.034375 0.03125
0 0.6828125 0.021875 0.0625 0.04375
0 0.384375 0.0109375 0.0265625 0.021875
0 0.3328125 0.0359375 0.034375 0.03125