0 0.0671875 0.7984375 0.0546875 0.040625
0 0.05546875 0.89765625 0.04375 0.03125
0 0.13828125 0.50234375 0.1015625 0.075
0 0.05390625 0.2546875 0.1078125 0.09375
0 0.0578125 0.31484375 0.065625 0.0484375
0 0.42578125 0.23671875 0.0484375 0.0359375
0 0.328125 0.328125 0.0453125 0.034375
0 0.2359375 0.490625 0.034375 0.025
0 0.296875 0.1078125 0.21875 0.1640625
0 0.05390625 0.14296875 0.053125 0.0390625
0 0.17109375 0.0296875 0.1453125 0.059375
0 0.946875 0.5109375 0.0625 0.0484375
0 0.63125 0.63203125 0.059375 0.04375
0 0.8328125 0.509375 0.1828125 0.1375
0 0.77890625 0.2828125 0.2046875 0.1546875
0 0.61796875 0.23203125 0.178125 0.134375
0 0.78828125 0.115625 0.034375 0.0265625
0 0.77890625 0.053125 0.1828125 0.10625
0 0.5875 0.08203125 0.228125 0.1640625
0 0.89765625 0.05625 0.075 0.05625
0 0.859375 0.0796875 0.0578125 0.04375
0 0.70703125 0.8890625 0.178125 0.1328125
0 0.58984375 0.9171875 0.0703125 0.0515625
0 0.91953125 0.96640625 0.0875 0.065625
0 0.8890625 0.86875 0.0828125 0.0609375
0 0.08671875 0.95078125 0.053125 0.0390625