0 0.61796875 0.08046875 0.0265625 0.0265625
0 0.9 0.4109375 0.04375 0.040625
0 0.7546875 0.3921875 0.028125 0.0265625
0 0.521875 0.07578125 0.03125 0.03125
0 0.48671875 0.09140625 0.034375 0.034375
0 0.26796875 0.1359375 0.0359375 0.034375
0 0.21015625 0.15234375 0.025 0.025
0 0.240625 0.14765625 0.0265625 0.0265625
0 0.1625 0.50390625 0.03125 0.03125
0 0.1515625 0.4796875 0.03125 0.03125
0 0.1109375 0.6 0.0265625 0.0265625
0 0.18984375 0.53125 0.0328125 0.034375
0 0.33671875 0.68359375 0.0578125 0.05625
0 0.2765625 0.603125 0.259375 0.253125
0 0.44375 0.7390625 0.05625 0.0546875
0 0.4390625 0.77734375 0.025 0.025
0 0.21875 0.79453125 0.0671875 0.065625
0 0.16953125 0.8109375 0.025 0.025
0 0.0734375 0.7765625 0.0265625 0.0265625
0 0.009375 0.87578125 0.01875 0.0359375
0 0.0109375 0.9171875 0.021875 0.0296875
0 0.00078125 0.00234375 0.0015625 0.0015625
0 0.56484375 0.94921875 0.071875 0.0703125
0 0.6296875 0.87109375 0.040625 0.040625
0 0.7515625 0.84375 0.0484375 0.0453125
0 0.71875 0.91328125 0.0453125 0.0453125
0 0.90859375 0.93125 0.040625 0.040625