0 0.146875 0.4796875 0.29375 0.2796875
0 0.10078125 0.2328125 0.0296875 0.0265625
0 0.2046875 0.2328125 0.040625 0.0390625
0 0.07421875 0.025 0.0265625 0.025
0 0.046875 0.07109375 0.03125 0.0296875
0 0.13671875 0.1703125 0.0296875 0.0265625
0 0.396875 0.17890625 0.034375 0.03125
0 0.6515625 0.15859375 0.03125 0.0296875
0 0.6546875 0.19609375 0.0265625 0.025
0 0.4859375 0.0515625 0.0578125 0.0546875
0 0.7203125 0.01796875 0.028125 0.0265625
0 0.64453125 0.08046875 0.0296875 0.0265625
0 0.83046875 0.06953125 0.0296875 0.0265625
0 0.81640625 0.09765625 0.03125 0.0296875
0 0.7484375 0.1625 0.0390625 0.0359375
0 0.74609375 0.13359375 0.0296875 0.0296875
0 0.7234375 0.2171875 0.028125 0.0265625
0 0.8484375 0.18046875 0.034375 0.03125
0 0.8640625 0.42578125 0.0890625 0.0828125
0 0.8734375 0.34375 0.0296875 0.0265625
0 0.62890625 0.2984375 0.0484375 0.04375
0 0.59375 0.2875 0.0484375 0.04375
0 0.53515625 0.26328125 0.034375 0.03125
0 0.42421875 0.30078125 0.0296875 0.0265625
0 0.40390625 0.39921875 0.04375 0.040625
0 0.46484375 0.36328125 0.0296875 0.0265625
0 0.55625 0.3703125 0.03125 0.0296875
0 0.6140625 0.54453125 0.053125 0.0484375
0 0.53828125 0.4640625 0.25 0.2328125
0 0.93125 0.59609375 0.03125 0.028125
0 0.93359375 0.5640625 0.0296875 0.028125
0 0.87890625 0.8140625 0.05625 0.0515625
0 0.85546875 0.8375 0.0296875 0.0265625
0 0.8734375 0.8578125 0.0296875 0.0265625
0 0.77890625 0.74140625 0.028125 0.0265625
0 0.6109375 0.896875 0.0359375 0.034375
0 0.4953125 0.97578125 0.0265625 0.025
0 0.53359375 0.93984375 0.0625 0.0578125
0 0.55078125 0.765625 0.1953125 0.18125
0 0.35234375 0.71640625 0.0296875 0.0265625
0 0.365625 0.803125 0.190625 0.1765625
0 0.28359375 0.6875 0.0328125 0.03125
0 0.196875 0.71875 0.0484375 0.04375
0 0.25234375 0.78828125 0.03125 0.028125
0 0.28125 0.928125 0.0578125 0.053125
0 0.453125 0.89921875 0.0265625 0.0265625
0 0.17421875 0.91015625 0.03125 0.0296875
0 0.1078125 0.7796875 0.028125 0.0265625
0 0.046875 0.853125 0.075 0.0703125
0 0.17890625 0.84765625 0.0296875 0.0265625
0 0.24140625 0.603125 0.0296875 0.028125
0 0.27265625 0.6203125 0.0671875 0.0625