0 0.26953125 0.27734375 0.0296875 0.0265625
0 0.2640625 0.2546875 0.0390625 0.0390625
0 0.5203125 0.26171875 0.028125 0.0296875
0 0.41328125 0.25 0.0359375 0.0359375
0 0.7359375 0.1265625 0.0265625 0.025
0 0.4578125 0.1578125 0.03125 0.0296875
0 0.4078125 0.125 0.0359375 0.0359375
0 0.41484375 0.3578125 0.125 0.1203125
0 0.53359375 0.5140625 0.3140625 0.30625
0 0.33203125 0.51171875 0.253125 0.2453125
0 0.36875 0.6578125 0.125 0.1203125
0 0.22578125 0.65 0.034375 0.034375
0 0.225 0.6453125 0.1390625 0.134375
0 0.91328125 0.4984375 0.034375 0.03125
0 0.78984375 0.43125 0.115625 0.1109375
0 0.80859375 0.21015625 0.034375 0.03125
0 0.85234375 0.134375 0.1453125 0.1421875
0 0.95546875 0.9359375 0.0390625 0.0359375
0 0.7328125 0.603125 0.0265625 0.0265625
0 0.6609375 0.68515625 0.034375 0.03125
0 0.63203125 0.6828125 0.03125 0.03125
0 0.21171875 0.9 0.15625 0.15
0 0.040625 0.7015625 0.0265625 0.025
0 0.06953125 0.75703125 0.0359375 0.034375