0 0.00234375 0.00234375 0.0046875 0.0046875
0 0.74609375 0.32578125 0.0296875 0.0234375
0 0.69921875 0.34609375 0.0265625 0.0234375
0 0.6515625 0.1921875 0.0515625 0.04375
0 0.5140625 0.203125 0.04375 0.0390625
0 0.18515625 0.140625 0.0578125 0.0515625
0 0.3765625 0.09375 0.04375 0.0359375
0 0.265625 0.35 0.03125 0.0265625
0 0.25859375 0.36328125 0.0359375 0.03125
0 0.25859375 0.53359375 0.034375 0.028125
0 0.31484375 0.5921875 0.04375 0.0390625
0 0.3921875 0.5921875 0.03125 0.028125
0 0.2484375 0.60703125 0.0390625 0.034375
0 0.2609375 0.6453125 0.0390625 0.034375
0 0.1546875 0.45546875 0.0296875 0.0265625
0 0.0765625 0.3640625 0.0796875 0.0703125
0 0.046875 0.50390625 0.09375 0.0984375
0 0.0984375 0.2390625 0.125 0.1078125
0 0.303125 0.68046875 0.0515625 0.04375
0 0.30078125 0.7640625 0.0390625 0.034375
0 0.15859375 0.81875 0.0890625 0.0765625
0 0.4359375 0.9265625 0.0296875 0.0265625
0 0.34609375 0.8578125 0.0296875 0.025
0 0.59375 0.7390625 0.0359375 0.03125
0 0.6921875 0.9375 0.028125 0.025
0 0.2640625 0.2796875 0.0484375 0.040625
0 0.6078125 0.109375 0.034375 0.0296875
0 0.5671875 0.23203125 0.028125 0.025
0 0.5171875 0.83515625 0.028125 0.0265625