0 0.76171875 0.171875 0.0796875 0.0578125
0 0.75859375 0.2078125 0.0546875 0.040625
0 0.65 0.22265625 0.0515625 0.0359375
0 0.56875 0.19921875 0.0359375 0.0265625
0 0.71875 0.36328125 0.034375 0.025
0 0.31640625 0.27734375 0.0609375 0.04375
0 0.36875 0.2796875 0.04375 0.03125
0 0.275 0.24296875 0.04375 0.03125
0 0.31640625 0.196875 0.034375 0.0265625
0 0.81875 0.22578125 0.0359375 0.0265625
0 0.78828125 0.23046875 0.034375 0.0265625
0 0.50234375 0.06640625 0.034375 0.025
0 0.29921875 0.0171875 0.04375 0.03125
0 0.125 0.678125 0.0625 0.0453125
0 0.89296875 0.9203125 0.0390625 0.0296875
0 0.78515625 0.85703125 0.034375 0.025
0 0.7484375 0.765625 0.0515625 0.0359375
0 0.6828125 0.7828125 0.0890625 0.065625
0 0.40625 0.43046875 0.1078125 0.0796875
0 0.84375 0.5984375 0.0828125 0.059375
0 0.8765625 0.19921875 0.0703125 0.0515625
0 0.81015625 0.18359375 0.0359375 0.0265625
0 0.32421875 0.3171875 0.034375 0.0234375