0 0.00234375 0.00234375 0.0015625 0.0015625
0 0.625 0.8609375 0.040625 0.040625
0 0.2328125 0.66328125 0.075 0.071875
0 0.203125 0.56484375 0.0265625 0.0265625
0 0.37109375 0.5203125 0.065625 0.0625
0 0.45078125 0.67578125 0.0265625 0.0265625
0 0.34375 0.38671875 0.10625 0.103125
0 0.2390625 0.353125 0.115625 0.1109375
0 0.2359375 0.44140625 0.471875 0.4625
0 0.28515625 0.6390625 0.0359375 0.034375
0 0.30546875 0.6671875 0.071875 0.071875
0 0.6109375 0.53515625 0.0390625 0.0390625
0 0.70546875 0.5 0.0671875 0.065625
0 0.6625 0.53828125 0.0484375 0.0453125
0 0.803125 0.5578125 0.0578125 0.0546875
0 0.7609375 0.63671875 0.0390625 0.0359375
0 0.74375 0.69140625 0.0265625 0.0265625
0 0.7171875 0.78515625 0.028125 0.0296875
0 0.8609375 0.85078125 0.146875 0.1421875
0 0.69140625 0.9015625 0.2 0.1953125
0 0.55625 0.4578125 0.15625 0.1515625
0 0.5359375 0.66328125 0.384375 0.375
0 0.78984375 0.67421875 0.05625 0.053125
0 0.9234375 0.71171875 0.04375 0.040625
0 0.9546875 0.5328125 0.0265625 0.0265625
0 0.9171875 0.571875 0.0609375 0.0578125
0 0.76953125 0.49375 0.03125 0.0296875
0 0.75390625 0.4578125 0.0265625 0.0265625
0 0.89765625 0.2875 0.125 0.1203125
0 0.94375 0.1390625 0.053125 0.053125
0 0.95546875 0.0890625 0.0453125 0.04375
0 0.9109375 0.103125 0.03125 0.03125
0 0.86328125 0.10546875 0.040625 0.0390625
0 0.696875 0.1734375 0.0265625 0.0265625
0 0.56015625 0.12109375 0.0390625 0.0359375
0 0.49375 0.0484375 0.084375 0.0828125
0 0.5484375 0.203125 0.071875 0.0703125
0 0.74375 0.0171875 0.05625 0.034375
0 0.05390625 0.109375 0.1078125 0.11875