0 0.98515625 0.82265625 0.0296875 0.0359375
0 0.9578125 0.8703125 0.040625 0.0390625
0 0.8765625 0.9078125 0.0296875 0.0296875
0 0.821875 0.87734375 0.034375 0.034375
0 0.82421875 0.915625 0.0609375 0.0578125
0 0.953125 0.771875 0.0296875 0.028125
0 0.6296875 0.896875 0.071875 0.0703125
0 0.57109375 0.94921875 0.1109375 0.1015625
0 0.42890625 0.9578125 0.0875 0.0828125
0 0.290625 0.9484375 0.03125 0.03125
0 0.275 0.8953125 0.0328125 0.03125
0 0.3109375 0.86875 0.040625 0.040625
0 0.29921875 0.821875 0.03125 0.0296875
0 0.27421875 0.73671875 0.1546875 0.1453125
0 0.209375 0.821875 0.0265625 0.025
0 0.1203125 0.84140625 0.0265625 0.0265625
0 0.05390625 0.91015625 0.034375 0.034375
0 0.08671875 0.89296875 0.1203125 0.1140625
0 0.60234375 0.81953125 0.028125 0.0296875
0 0.77265625 0.82421875 0.0265625 0.025
0 0.79921875 0.828125 0.0625 0.0609375
0 0.91484375 0.9359375 0.0390625 0.0359375
0 0.54296875 0.76953125 0.03125 0.0296875
0 0.49609375 0.7078125 0.040625 0.0390625
0 0.43125 0.6875 0.03125 0.03125
0 0.59140625 0.678125 0.04375 0.040625
0 0.57578125 0.75234375 0.034375 0.034375
0 0.4203125 0.65390625 0.040625 0.0390625
0 0.3609375 0.634375 0.0265625 0.0265625
0 0.30546875 0.66484375 0.0390625 0.0390625
0 0.72578125 0.73203125 0.221875 0.209375
0 0.85234375 0.725 0.034375 0.03125
0 0.6734375 0.6234375 0.0390625 0.0359375
0 0.0109375 0.7796875 0.021875 0.03125
0 0.0515625 0.665625 0.0265625 0.0265625
0 0.02421875 0.64921875 0.03125 0.03125
0 0.00859375 0.63125 0.0171875 0.0265625
0 0.0171875 0.546875 0.034375 0.0359375
0 0.18046875 0.56015625 0.0328125 0.03125
0 0.1625 0.459375 0.096875 0.090625
0 0.10546875 0.41953125 0.075 0.0703125
0 0.0515625 0.38828125 0.096875 0.0921875
0 0.1 0.5671875 0.03125 0.03125
0 0.1390625 0.5734375 0.0484375 0.0453125
0 0.0875 0.66953125 0.175 0.1734375
0 0.28359375 0.41953125 0.2046875 0.1921875
0 0.36796875 0.53984375 0.0703125 0.065625
0 0.3765625 0.48046875 0.0671875 0.065625
0 0.42890625 0.5359375 0.04375 0.040625
0 0.4703125 0.5109375 0.075 0.0703125
0 0.44453125 0.60234375 0.0265625 0.0265625
0 0.0890625 0.13203125 0.0390625 0.0359375
0 0.1578125 0.165625 0.0484375 0.0453125
0 0.15234375 0.2484375 0.0390625 0.0390625
0 0.19609375 0.22109375 0.0578125 0.05625
0 0.2359375 0.18046875 0.1109375 0.10625
0 0.1984375 0.1203125 0.084375 0.0796875
0 0.1515625 0.08515625 0.0921875 0.0875
0 0.09609375 0.0625 0.03125 0.0296875
0 0.10234375 0.03515625 0.0484375 0.0453125
0 0.0515625 0.021875 0.053125 0.04375
0 0.31484375 0.2484375 0.0359375 0.034375
0 0.571875 0.25 0.0671875 0.0625
0 0.64296875 0.28828125 0.028125 0.0296875
0 0.615625 0.30546875 0.0359375 0.034375
0 0.5140625 0.39453125 0.15 0.1390625
0 0.5359375 0.3390625 0.0359375 0.034375
0 0.5484375 0.55625 0.0453125 0.04375
0 0.5984375 0.478125 0.1828125 0.1734375
0 0.6984375 0.50390625 0.0515625 0.0484375
0 0.7328125 0.50703125 0.028125 0.0265625
0 0.79296875 0.52734375 0.0265625 0.0265625
0 0.76796875 0.55859375 0.0265625 0.025
0 0.84140625 0.5765625 0.0578125 0.05625
0 0.83515625 0.6140625 0.0484375 0.0453125
0 0.9015625 0.546875 0.04375 0.040625
0 0.73671875 0.31953125 0.03125 0.0296875
0 0.7046875 0.3640625 0.0265625 0.0265625
0 0.76953125 0.290625 0.04375 0.040625
0 0.76171875 0.353125 0.0625 0.0609375
0 0.73828125 0.45703125 0.084375 0.0828125
0 0.89453125 0.3171875 0.0515625 0.0453125
0 0.9546875 0.3421875 0.03125 0.0296875
0 0.98046875 0.43125 0.0296875 0.0265625
0 0.97109375 0.5484375 0.0578125 0.065625
0 0.928125 0.63828125 0.03125 0.028125
0 0.96875 0.6140625 0.0265625 0.0265625
0 0.5609375 0.1703125 0.0390625 0.0359375
0 0.26328125 0.25234375 0.0296875 0.0265625
0 0.19609375 0.2640625 0.04375 0.040625
0 0.24765625 0.06953125 0.040625 0.0390625
0 0.2703125 0.09765625 0.03125 0.0296875
0 0.23203125 0.0171875 0.053125 0.034375
0 0.23671875 0.0421875 0.03125 0.0296875
0 0.2078125 0.05859375 0.0375 0.0390625
0 0.5515625 0.06015625 0.0484375 0.0453125
0 0.61171875 0.1203125 0.028125 0.0265625
0 0.58671875 0.134375 0.0265625 0.025
0 0.61875 0.18515625 0.0484375 0.0453125
0 0.796875 0.10546875 0.0578125 0.05625
0 0.7984375 0.1515625 0.034375 0.0328125
0 0.7515625 0.171875 0.028125 0.0265625
0 0.646875 0.03125 0.028125 0.0265625
0 0.4765625 0.009375 0.03125 0.01875
0 0.4484375 0.046875 0.03125 0.0296875
0 0.91484375 0.08515625 0.034375 0.034375
0 0.928125 0.12265625 0.053125 0.0515625
0 0.928125 0.1546875 0.034375 0.03125
0 0.8859375 0.13828125 0.053125 0.0515625
0 0.8890625 0.2078125 0.0484375 0.0453125
0 0.93125 0.22109375 0.0390625 0.0359375
0 0.97265625 0.1515625 0.0453125 0.04375
0 0.42578125 0.0953125 0.0359375 0.034375
0 0.5796875 0.328125 0.0265625 0.025