0 0.91015625 0.78828125 0.0515625 0.0515625
0 0.8171875 0.9578125 0.0359375 0.0359375
0 0.85234375 0.82421875 0.0296875 0.0296875
0 0.8546875 0.790625 0.0296875 0.028125
0 0.8390625 0.8109375 0.0359375 0.034375
0 0.803125 0.7703125 0.0703125 0.0671875
0 0.7953125 0.70546875 0.0359375 0.034375
0 0.7859375 0.6859375 0.0265625 0.0265625
0 0.79453125 0.61328125 0.028125 0.0265625
0 0.74140625 0.6234375 0.028125 0.0265625
0 0.69921875 0.63828125 0.0359375 0.0359375
0 0.71484375 0.72109375 0.0265625 0.0265625
0 0.7171875 0.790625 0.0390625 0.0359375
0 0.71640625 0.87265625 0.0265625 0.025
0 0.7140625 0.89765625 0.028125 0.0265625
0 0.984375 0.5875 0.0265625 0.025
0 0.6203125 0.6734375 0.040625 0.040625
0 0.615625 0.625 0.0890625 0.0875
0 0.634375 0.78515625 0.03125 0.03125
0 0.63671875 0.8578125 0.0296875 0.0296875
0 0.5765625 0.9890625 0.0265625 0.021875
0 0.478125 0.98671875 0.0296875 0.0265625
0 0.43359375 0.8296875 0.0390625 0.0359375
0 0.35 0.7953125 0.040625 0.040625
0 0.27265625 0.884375 0.0296875 0.0296875
0 0.2234375 0.88671875 0.04375 0.04375
0 0.20703125 0.93359375 0.04375 0.040625
0 0.1078125 0.9 0.0265625 0.0265625
0 0.0734375 0.91796875 0.0265625 0.0265625
0 0.01796875 0.8890625 0.03125 0.03125
0 0.1421875 0.7984375 0.0390625 0.0390625
0 0.1515625 0.6421875 0.04375 0.040625
0 0.790625 0.884375 0.071875 0.0703125
0 0.5671875 0.58984375 0.0453125 0.04375
0 0.5828125 0.5296875 0.04375 0.04375
0 0.446875 0.66484375 0.3203125 0.3078125
0 0.49140625 0.55078125 0.0515625 0.0484375
0 0.5921875 0.4375 0.0453125 0.0453125
0 0.43046875 0.459375 0.0390625 0.0359375
0 0.18359375 0.53984375 0.053125 0.0515625
0 0.1390625 0.3609375 0.04375 0.040625
0 0.07421875 0.20703125 0.1375 0.1328125
0 0.2484375 0.30625 0.05625 0.053125
0 0.1859375 0.31015625 0.115625 0.1140625
0 0.21875 0.421875 0.0359375 0.034375
0 0.16953125 0.4 0.065625 0.0625
0 0.25625 0.3234375 0.1609375 0.1546875
0 0.271875 0.415625 0.0390625 0.0359375
0 0.1609375 0.0796875 0.0765625 0.071875
0 0.2640625 0.2203125 0.0359375 0.034375
0 0.478125 0.31953125 0.0484375 0.0453125
0 0.571875 0.2453125 0.084375 0.0828125
0 0.41953125 0.16953125 0.0546875 0.053125
0 0.290625 0.23828125 0.0296875 0.0265625
0 0.77734375 0.3375 0.0390625 0.0390625
0 0.6921875 0.20078125 0.03125 0.0296875
0 0.69921875 0.15625 0.0359375 0.034375
0 0.7296875 0.1546875 0.0234375 0.025
0 0.75703125 0.15 0.028125 0.0296875
0 0.58515625 0.15 0.084375 0.0828125
0 0.59765625 0.0640625 0.0484375 0.0484375
0 0.50234375 0.0578125 0.0265625 0.0265625
0 0.4859375 0.0953125 0.04375 0.040625
0 0.4296875 0.01171875 0.034375 0.0234375
0 0.44609375 0.0359375 0.0796875 0.071875
0 0.3234375 0.01171875 0.034375 0.0234375
0 0.728125 0.015625 0.040625 0.03125
0 0.8609375 0.02890625 0.0765625 0.0578125
0 0.853125 0.10234375 0.0390625 0.0359375
0 0.8375 0.07109375 0.03125 0.0296875
0 0.8125 0.053125 0.0359375 0.0359375
0 0.96015625 0.05390625 0.0390625 0.0359375
0 0.94140625 0.27734375 0.0578125 0.05625
0 0.8125 0.3484375 0.0296875 0.0296875
0 0.66796875 0.453125 0.034375 0.03125
0 0.31953125 0.06484375 0.040625 0.0375
0 0.6734375 0.7921875 0.040625 0.0390625
0 0.5265625 0.04921875 0.0390625 0.0359375