0 0.97265625 0.04453125 0.03125 0.0296875
0 0.7984375 0.00703125 0.03125 0.0140625
0 0.1421875 0.0890625 0.0296875 0.0265625
0 0.5140625 0.125 0.159375 0.146875
0 0.42421875 0.09140625 0.1640625 0.1515625
0 0.009375 0.70703125 0.01875 0.0328125
0 0.05859375 0.23046875 0.0828125 0.0765625
0 0.15 0.209375 0.03125 0.0296875
0 0.12890625 0.303125 0.0296875 0.0265625
0 0.08984375 0.3234375 0.0265625 0.0234375
0 0.06640625 0.3171875 0.0265625 0.0234375
0 0.03359375 0.2984375 0.0296875 0.0296875
0 0.071875 0.35234375 0.028125 0.0265625
0 0.196875 0.41328125 0.0484375 0.04375
0 0.0109375 0.40625 0.021875 0.025
0 0.01328125 0.44140625 0.0265625 0.034375
0 0.02421875 0.4859375 0.0296875 0.0265625
0 0.0453125 0.53203125 0.090625 0.1140625
0 0.040625 0.5921875 0.0296875 0.0265625
0 0.3578125 0.2546875 0.0453125 0.040625
0 0.33984375 0.240625 0.0296875 0.0265625
0 0.3375 0.2828125 0.0328125 0.03125
0 0.22109375 0.29296875 0.034375 0.03125
0 0.41484375 0.36328125 0.2 0.1828125
0 0.11796875 0.509375 0.04375 0.0390625
0 0.1578125 0.6046875 0.0265625 0.0234375
0 0.0921875 0.646875 0.0265625 0.025
0 0.0765625 0.57109375 0.03125 0.028125
0 0.39765625 0.78828125 0.040625 0.0390625
0 0.16484375 0.77421875 0.0328125 0.03125
0 0.0609375 0.76328125 0.0578125 0.053125
0 0.03828125 0.834375 0.034375 0.03125
0 0.5015625 0.571875 0.0515625 0.0453125
0 0.4203125 0.6296875 0.1453125 0.1328125
0 0.25234375 0.3421875 0.165625 0.1515625
0 0.37265625 0.20703125 0.1421875 0.1328125
0 0.3484375 0.11640625 0.0265625 0.025
0 0.1671875 0.475 0.040625 0.0390625
0 0.2671875 0.64921875 0.04375 0.040625
0 0.3453125 0.8234375 0.0953125 0.0890625
0 0.27421875 0.8015625 0.096875 0.0890625
0 0.21484375 0.734375 0.0296875 0.0265625
0 0.57109375 0.96015625 0.0625 0.0578125
0 0.37265625 0.88828125 0.0359375 0.034375
0 0.40625 0.9359375 0.05625 0.0515625
0 0.225 0.98203125 0.0390625 0.0359375
0 0.12265625 0.87734375 0.0625 0.05625
0 0.06484375 0.896875 0.0703125 0.065625
0 0.01328125 0.88828125 0.0265625 0.0265625
0 0.178125 0.85 0.03125 0.0296875
0 0.48203125 0.84375 0.2046875 0.1875
0 0.61171875 0.41015625 0.0359375 0.03125
0 0.58671875 0.4703125 0.034375 0.03125
0 0.1578125 0.6109375 0.1140625 0.103125
0 0.36171875 0.68046875 0.2140625 0.196875
0 0.50703125 0.68046875 0.034375 0.03125
0 0.5109375 0.33046875 0.303125 0.2796875
0 0.79296875 0.0765625 0.0484375 0.0453125
0 0.7796875 0.0515625 0.028125 0.0265625
0 0.77265625 0.02734375 0.0390625 0.0359375
0 0.86875 0.13203125 0.1453125 0.13125
0 0.9625 0.2453125 0.040625 0.0390625
0 0.78359375 0.26953125 0.0625 0.0578125
0 0.7921875 0.39296875 0.034375 0.03125
0 0.69921875 0.4953125 0.040625 0.0390625
0 0.67890625 0.40625 0.1640625 0.1515625
0 0.7921875 0.63203125 0.03125 0.028125
0 0.73828125 0.61875 0.04375 0.0390625
0 0.68125 0.7234375 0.03125 0.028125
0 0.8796875 0.73671875 0.0828125 0.075
0 0.98046875 0.71171875 0.0390625 0.0359375
0 0.959375 0.74375 0.034375 0.03125
0 0.60078125 0.6609375 0.040625 0.0390625
0 0.7296875 0.72265625 0.0265625 0.025
0 0.678125 0.759375 0.04375 0.040625
0 0.5828125 0.79453125 0.034375 0.03125
0 0.2984375 0.48046875 0.0390625 0.0359375
0 0.928125 0.2640625 0.084375 0.0796875
0 0.9390625 0.3015625 0.0265625 0.0234375
0 0.975 0.85078125 0.0484375 0.0453125
0 0.978125 0.790625 0.03125 0.028125
0 0.10234375 0.9265625 0.03125 0.0296875