0 0.8546875 0.75703125 0.271875 0.2015625
0 0.91015625 0.50234375 0.0390625 0.028125
0 0.7484375 0.490625 0.034375 0.025
0 0.6109375 0.38671875 0.1078125 0.0828125
0 0.58046875 0.41328125 0.065625 0.0515625
0 0.91953125 0.2453125 0.040625 0.0296875
0 0.859375 0.1765625 0.034375 0.025
0 0.62890625 0.1265625 0.040625 0.03125
0 0.67890625 0.30390625 0.0390625 0.0296875
0 0.37265625 0.365625 0.04375 0.0328125
0 0.43984375 0.3734375 0.034375 0.0234375
0 0.3796875 0.28515625 0.0359375 0.0265625
0 0.2078125 0.30546875 0.0515625 0.0390625
0 0.46015625 0.47109375 0.034375 0.025
0 0.47734375 0.93515625 0.034375 0.025
0 0.4578125 0.6859375 0.146875 0.1078125
0 0.6578125 0.89765625 0.1875 0.1390625
0 0.2546875 0.7359375 0.0359375 0.0265625