0 0.85234375 0.7125 0.0359375 0.034375
0 0.8859375 0.775 0.0265625 0.025
0 0.946875 0.9359375 0.0390625 0.0359375
0 0.928125 0.91328125 0.0296875 0.0296875
0 0.7796875 0.93125 0.028125 0.0265625
0 0.75390625 0.9375 0.0265625 0.0265625
0 0.5453125 0.91484375 0.0390625 0.0359375
0 0.5046875 0.8453125 0.03125 0.03125
0 0.5296875 0.9 0.040625 0.0390625
0 0.509375 0.8703125 0.03125 0.03125
0 0.80078125 0.71640625 0.0265625 0.0265625
0 0.7484375 0.6984375 0.040625 0.040625
0 0.75390625 0.7171875 0.0265625 0.025
0 0.7765625 0.7671875 0.0265625 0.025
0 0.80078125 0.7765625 0.0484375 0.0453125
0 0.83046875 0.82109375 0.0296875 0.0265625
0 0.36640625 0.7875 0.03125 0.0296875
0 0.3734375 0.80390625 0.0265625 0.0265625
0 0.32421875 0.80390625 0.065625 0.0625
0 0.2953125 0.82109375 0.0328125 0.034375
0 0.2859375 0.8640625 0.03125 0.03125
0 0.30078125 0.8546875 0.0484375 0.0453125
0 0.0140625 0.3359375 0.028125 0.028125
0 0.06015625 0.5328125 0.0328125 0.03125
0 0.12734375 0.15390625 0.0265625 0.0265625
0 0.23671875 0.15859375 0.0359375 0.0328125
0 0.2234375 0.134375 0.0265625 0.0265625
0 0.2296875 0.14765625 0.0390625 0.0375
0 0.29296875 0.03359375 0.0265625 0.025
0 0.44453125 0.04921875 0.0515625 0.0484375
0 0.44453125 0.23671875 0.0453125 0.04375
0 0.5 0.15625 0.0265625 0.025
0 0.52265625 0.21171875 0.0484375 0.0453125
0 0.51328125 0.18359375 0.0515625 0.0484375
0 0.578125 0.15 0.0265625 0.025
0 0.70546875 0.2140625 0.0265625 0.0265625
0 0.609375 0.28359375 0.0265625 0.0234375
0 0.76328125 0.0796875 0.04375 0.04375
0 0.759375 0.05859375 0.04375 0.040625
0 0.7953125 0.0984375 0.0296875 0.0296875
0 0.89765625 0.10078125 0.0484375 0.0453125
0 0.9484375 0.35546875 0.0296875 0.0296875
0 0.90234375 0.45078125 0.0265625 0.0265625
0 0.86328125 0.48203125 0.0265625 0.0265625
0 0.9703125 0.540625 0.03125 0.028125
0 0.81875 0.40625 0.0265625 0.0265625
0 0.853125 0.42578125 0.025 0.025
0 0.88125 0.90859375 0.053125 0.0515625
0 0.84609375 0.8703125 0.0703125 0.0671875
0 0.8390625 0.7796875 0.0296875 0.028125