0 0.890625 0.1921875 0.0265625 0.0265625
0 0.71015625 0.3609375 0.03125 0.03125
0 0.64765625 0.2984375 0.0265625 0.0234375
0 0.63828125 0.0109375 0.0265625 0.021875
0 0.765625 0.00703125 0.0265625 0.0140625
0 0.4703125 0.11875 0.0359375 0.0359375
0 0.44921875 0.146875 0.025 0.025
0 0.35546875 0.1109375 0.034375 0.0328125
0 0.3609375 0.14296875 0.0234375 0.025
0 0.2328125 0.1109375 0.0265625 0.0265625
0 0.18984375 0.47265625 0.0265625 0.0265625
0 0.16484375 0.81484375 0.0359375 0.0359375
0 0.62265625 0.99140625 0.0265625 0.0171875
0 0.8015625 0.978125 0.025 0.025
0 0.83984375 0.9671875 0.034375 0.034375
0 0.8078125 0.78359375 0.03125 0.03125
0 0.54921875 0.728125 0.034375 0.034375
0 0.515625 0.771875 0.025 0.025
0 0.41796875 0.85234375 0.025 0.025
0 0.33046875 0.80625 0.0296875 0.0265625
0 0.3765625 0.6546875 0.0296875 0.028125
0 0.85703125 0.671875 0.0265625 0.0265625
0 0.8328125 0.56640625 0.04375 0.040625
0 0.4 0.30390625 0.0328125 0.034375
0 0.3296875 0.37890625 0.03125 0.03125
0 0.45703125 0.34765625 0.025 0.025
0 0.58046875 0.4203125 0.05625 0.05625
0 0.73671875 0.50390625 0.0359375 0.0359375
0 0.81640625 0.43046875 0.0390625 0.0359375
0 0.81640625 0.446875 0.025 0.025
0 0.90234375 0.51328125 0.034375 0.034375
0 0.65625 0.49296875 0.025 0.025
0 0.9796875 0.55546875 0.025 0.0234375
0 0.915625 0.37734375 0.0484375 0.0484375
0 0.7359375 0.296875 0.053125 0.053125
0 0.984375 0.40625 0.0296875 0.0296875
0 0.91484375 0.11328125 0.040625 0.040625
0 0.625 0.35 0.0984375 0.0953125
0 0.8140625 0.2390625 0.04375 0.04375
0 0.63828125 0.8578125 0.025 0.025