0 0.0953125 0.4125 0.190625 0.3109375
0 0.01953125 0.89765625 0.0390625 0.0484375
0 0.44453125 0.58515625 0.03125 0.0265625
0 0.43125 0.67578125 0.0453125 0.040625
0 0.21875 0.6 0.0484375 0.04375
0 0.3453125 0.6046875 0.0296875 0.0265625
0 0.10234375 0.45703125 0.0578125 0.053125
0 0.1203125 0.22734375 0.034375 0.03125
0 0.44453125 0.04453125 0.05625 0.0515625
0 0.3859375 0.25390625 0.04375 0.0390625
0 0.18984375 0.2453125 0.03125 0.0265625
0 0.2078125 0.203125 0.0328125 0.0296875
0 0.7140625 0.053125 0.0390625 0.034375
0 0.640625 0.08203125 0.03125 0.0296875
0 0.80546875 0.04296875 0.034375 0.03125
0 0.07421875 0.49609375 0.0390625 0.034375
0 0.05078125 0.92421875 0.0359375 0.03125