0 0.26328125 0.2859375 0.075 0.0671875
0 0.45078125 0.3328125 0.0359375 0.034375
0 0.3796875 0.39453125 0.034375 0.03125
0 0.35 0.44921875 0.03125 0.0296875
0 0.0625 0.06015625 0.03125 0.0265625
0 0.23671875 0.10078125 0.0515625 0.0453125
0 0.16328125 0.20078125 0.040625 0.0359375
0 0.1515625 0.23046875 0.0265625 0.025
0 0.365625 0.08203125 0.0265625 0.025
0 0.41015625 0.12265625 0.05625 0.0515625
0 0.34140625 0.09609375 0.0265625 0.025
0 0.32421875 0.1546875 0.0625 0.0578125
0 0.73671875 0.03828125 0.028125 0.0265625
0 0.5578125 0.0515625 0.059375 0.0546875
0 0.4703125 0.0375 0.0828125 0.075
0 0.57578125 0.10703125 0.03125 0.0296875
0 0.74375 0.21640625 0.0484375 0.04375
0 0.6671875 0.178125 0.0265625 0.025
0 0.578125 0.271875 0.0515625 0.0453125
0 0.52265625 0.35703125 0.03125 0.0296875
0 0.4828125 0.36875 0.0265625 0.0234375
0 0.67421875 0.34140625 0.028125 0.0265625
0 0.790625 0.28359375 0.0890625 0.0828125
0 0.853125 0.228125 0.0765625 0.0703125
0 0.02265625 0.32421875 0.0453125 0.0828125
0 0.5421875 0.5453125 0.04375 0.0390625
0 0.55390625 0.6078125 0.040625 0.0359375
0 0.478125 0.68515625 0.0390625 0.034375
0 0.46875 0.75625 0.0359375 0.03125
0 0.11640625 0.63359375 0.2328125 0.2546875
0 0.571875 0.79921875 0.1421875 0.128125
0 0.67890625 0.75859375 0.0546875 0.0515625
0 0.6859375 0.7171875 0.0265625 0.025
0 0.6203125 0.43984375 0.45 0.40625
0 0.69453125 0.61171875 0.028125 0.0265625
0 0.64296875 0.60234375 0.03125 0.028125
0 0.171875 0.3390625 0.0296875 0.0265625
0 0.90234375 0.3640625 0.075 0.0671875
0 0.875 0.3171875 0.0484375 0.04375
0 0.88671875 0.55546875 0.0296875 0.0265625
0 0.384375 0.9203125 0.0609375 0.053125
0 0.490625 0.90390625 0.0796875 0.071875
0 0.53984375 0.85078125 0.1171875 0.10625
0 0.13671875 0.95703125 0.034375 0.0296875
0 0.13828125 0.9828125 0.0390625 0.034375
0 0.13671875 0.73203125 0.1328125 0.11875
0 0.3328125 0.4546875 0.41875 0.3796875