0 0.06953125 0.14453125 0.034375 0.034375
0 0.1078125 0.1671875 0.096875 0.09375
0 0.296875 0.15625 0.040625 0.040625
0 0.5140625 0.12265625 0.04375 0.04375
0 0.53515625 0.1515625 0.0359375 0.0359375
0 0.41484375 0.18515625 0.0453125 0.0453125
0 0.38671875 0.1390625 0.034375 0.034375
0 0.35078125 0.05859375 0.0390625 0.0390625
0 0.7125 0.1625 0.0359375 0.0359375
0 0.58046875 0.178125 0.075 0.075
0 0.5453125 0.07421875 0.0515625 0.0515625
0 0.94140625 0.525 0.025 0.025
0 0.921875 0.5484375 0.0265625 0.0265625
0 0.86640625 0.78515625 0.0265625 0.0265625
0 0.92578125 0.2859375 0.0296875 0.0296875
0 0.92578125 0.26171875 0.025 0.025
0 0.796875 0.2609375 0.03125 0.03125
0 0.61328125 0.2640625 0.0265625 0.0265625
0 0.703125 0.38671875 0.0265625 0.0265625
0 0.61328125 0.68046875 0.04375 0.040625
0 0.63125 0.7390625 0.0265625 0.0265625
0 0.63359375 0.7671875 0.0484375 0.0484375
0 0.9515625 0.975 0.0296875 0.0296875
0 0.56953125 0.540625 0.028125 0.028125
0 0.4515625 0.59140625 0.034375 0.034375
0 0.4328125 0.64453125 0.0796875 0.0796875
0 0.4484375 0.69921875 0.0265625 0.0265625
0 0.42890625 0.8296875 0.034375 0.034375
0 0.56640625 0.765625 0.034375 0.034375
0 0.546875 0.73671875 0.0359375 0.0359375
0 0.4734375 0.96015625 0.0265625 0.0265625
0 0.13125 0.96015625 0.034375 0.034375
0 0.125 0.8703125 0.0359375 0.0359375
0 0.08671875 0.70546875 0.0390625 0.0390625
0 0.1265625 0.7359375 0.0265625 0.0265625
0 0.40234375 0.46171875 0.0359375 0.0359375
0 0.334375 0.4375 0.0671875 0.0671875
0 0.24765625 0.26171875 0.0484375 0.0484375
0 0.25234375 0.3015625 0.04375 0.04375
0 0.38359375 0.38125 0.0390625 0.0390625
0 0.209375 0.390625 0.0296875 0.0296875
0 0.1875 0.25625 0.03125 0.03125
0 0.08984375 0.26953125 0.103125 0.103125
0 0.0609375 0.35703125 0.03125 0.03125
0 0.09765625 0.38671875 0.034375 0.034375
0 0.015625 0.5203125 0.03125 0.040625
0 0.146875 0.4015625 0.0578125 0.0578125
0 0.2703125 0.3578125 0.0625 0.0625
0 0.05859375 0.553125 0.025 0.025
0 0.09609375 0.92421875 0.025 0.025
0 0.36796875 0.10546875 0.0484375 0.0453125
0 0.91796875 0.4390625 0.15 0.1484375
0 0.81015625 0.91796875 0.04375 0.04375
0 0.72578125 0.603125 0.075 0.075
0 0.5046875 0.7609375 0.0390625 0.0390625
0 0.40625 0.76171875 0.0265625 0.0265625
0 0.4703125 0.8390625 0.0265625 0.0265625
0 0.196875 0.64453125 0.025 0.025
0 0.5109375 0.39453125 0.0796875 0.0796875
0 0.4625 0.446875 0.0703125 0.0703125
0 0.29453125 0.41328125 0.0296875 0.0296875
0 0.3703125 0.40390625 0.0265625 0.0265625
0 0.4265625 0.3578125 0.0359375 0.0359375
0 0.55859375 0.22578125 0.0828125 0.0828125
0 0.125 0.51171875 0.025 0.025