0 0.509375 0.1453125 0.3921875 0.290625
0 0.82578125 0.334375 0.3484375 0.334375
0 0.1609375 0.46171875 0.321875 0.3796875
0 0.13359375 0.81640625 0.10625 0.1015625
0 0.11796875 0.94453125 0.034375 0.03125
0 0.43046875 0.86796875 0.2234375 0.2140625
0 0.3421875 0.7953125 0.2 0.190625
0 0.57578125 0.578125 0.04375 0.040625
0 0.571875 0.93359375 0.03125 0.03125
0 0.775 0.5765625 0.0265625 0.025
0 0.5171875 0.37890625 0.0359375 0.0359375
0 0.4484375 0.30625 0.0359375 0.0328125
0 0.4109375 0.15390625 0.0453125 0.04375
0 0.2703125 0.0515625 0.034375 0.034375
0 0.09609375 0.0609375 0.04375 0.040625
0 0.71484375 0.30078125 0.0359375 0.034375
0 0.6234375 0.25390625 0.0390625 0.0390625
0 0.834375 0.13203125 0.0453125 0.04375
0 0.80078125 0.16015625 0.04375 0.040625
0 0.78125 0.13359375 0.0359375 0.034375
0 0.7203125 0.0625 0.0671875 0.0625
0 0.84375 0.06875 0.0875 0.084375
0 0.7984375 0.021875 0.0453125 0.04375
0 0.98203125 0.1671875 0.0359375 0.0359375
0 0.78359375 0.5296875 0.034375 0.034375
0 0.9703125 0.040625 0.0484375 0.0453125