0 0.52890625 0.35 0.575 0.428125
0 0.0796875 0.975 0.05625 0.040625
0 0.22109375 0.928125 0.053125 0.040625
0 0.6890625 0.9734375 0.0390625 0.0296875
0 0.9578125 0.765625 0.0359375 0.0265625
0 0.84375 0.7640625 0.053125 0.040625
0 0.728125 0.77890625 0.0484375 0.0359375
0 0.96171875 0.82578125 0.040625 0.03125
0 0.94140625 0.884375 0.040625 0.03125
0 0.8546875 0.896875 0.04375 0.03125
0 0.81875 0.9 0.0390625 0.0296875
0 0.796875 0.946875 0.0359375 0.0296875
0 0.92578125 0.928125 0.0359375 0.0265625
0 0.95546875 0.9515625 0.040625 0.03125
0 0.8921875 0.96015625 0.040625 0.03125
0 0.95546875 0.5953125 0.04375 0.03125
0 0.853125 0.53515625 0.0671875 0.0515625
0 0.978125 0.42890625 0.04375 0.0390625
0 0.70546875 0.53984375 0.05625 0.040625
0 0.55546875 0.7921875 0.134375 0.1015625
0 0.5046875 0.7453125 0.0390625 0.028125
0 0.97109375 0.36875 0.040625 0.03125
0 0.7453125 0.196875 0.0546875 0.040625
0 0.51796875 0.26171875 0.0484375 0.0359375
0 0.89765625 0.19921875 0.0390625 0.0296875
0 0.31484375 0.6921875 0.0359375 0.0265625
0 0.390625 0.759375 0.075 0.05625
0 0.22578125 0.8421875 0.071875 0.053125
0 0.10703125 0.6390625 0.153125 0.115625
0 0.11328125 0.73203125 0.128125 0.096875
0 0.109375 0.81015625 0.065625 0.0484375
0 0.0484375 0.85078125 0.0453125 0.034375
0 0.103125 0.88046875 0.20625 0.1828125
0 0.0328125 0.5171875 0.065625 0.0765625
0 0.07109375 0.55625 0.0515625 0.0359375
0 0.18359375 0.509375 0.034375 0.0265625
0 0.19453125 0.5578125 0.1171875 0.0890625
0 0.2515625 0.49296875 0.0359375 0.0265625
0 0.16015625 0.225 0.0484375 0.0359375
0 0.1625 0.14453125 0.10625 0.0765625
0 0.06484375 0.040625 0.0484375 0.034375
0 0.4265625 0.04296875 0.065625 0.0484375
0 0.459375 0.103125 0.0625 0.0453125
0 0.5 0.05390625 0.0453125 0.034375
0 0.6234375 0.08671875 0.053125 0.0390625
0 0.76953125 0.134375 0.071875 0.053125
0 0.62734375 0.13125 0.0359375 0.0265625
0 0.28359375 0.15625 0.1234375 0.0921875
0 0.2984375 0.05625 0.0515625 0.0390625
0 0.24453125 0.02734375 0.0796875 0.0546875
0 0.4859375 0.046875 0.1953125 0.09375
0 0.334375 0.025 0.11875 0.05
0 0.78984375 0.009375 0.0390625 0.01875
0 0.96875 0.10078125 0.0359375 0.0265625