0 0.7390625 0.07421875 0.040625 0.034375
0 0.97734375 0.2453125 0.0359375 0.0296875
0 0.9046875 0.3171875 0.0390625 0.03125
0 0.865625 0.35078125 0.040625 0.034375
0 0.50703125 0.33203125 0.0359375 0.0296875
0 0.4515625 0.275 0.0359375 0.0296875
0 0.08984375 0.2390625 0.1375 0.1078125
0 0.59609375 0.22578125 0.1296875 0.103125
0 0.47578125 0.10546875 0.096875 0.0765625
0 0.52421875 0.0265625 0.1296875 0.053125
0 0.20703125 0.01328125 0.0578125 0.0265625
0 0.171875 0.515625 0.034375 0.0265625
0 0.21171875 0.609375 0.04375 0.0359375
0 0.19375 0.6296875 0.03125 0.0234375
0 0.11875 0.8109375 0.10625 0.084375
0 0.0328125 0.728125 0.0359375 0.028125
0 0.36171875 0.74296875 0.0453125 0.0359375
0 0.415625 0.8578125 0.0828125 0.0625
0 0.49140625 0.87109375 0.0515625 0.040625
0 0.4265625 0.7640625 0.0359375 0.028125
0 0.30546875 0.63671875 0.040625 0.03125
0 0.2828125 0.63359375 0.040625 0.034375
0 0.25390625 0.734375 0.0390625 0.03125
0 0.2875 0.7546875 0.1203125 0.096875
0 0.2546875 0.36328125 0.0484375 0.0390625
0 0.31875 0.4046875 0.0515625 0.040625
0 0.38203125 0.46484375 0.03125 0.025
0 0.02890625 0.9171875 0.034375 0.0265625
0 0.209375 0.921875 0.0609375 0.0453125
0 0.65859375 0.5890625 0.0515625 0.040625
0 0.5640625 0.44609375 0.03125 0.0265625
0 0.7171875 0.4265625 0.0390625 0.03125
0 0.51953125 0.3703125 0.0453125 0.0359375
0 0.6140625 0.64453125 0.075 0.0578125
0 0.83203125 0.83671875 0.0390625 0.0296875
0 0.9359375 0.8109375 0.0515625 0.0390625
0 0.984375 0.94140625 0.03125 0.0265625
0 0.93359375 0.9578125 0.040625 0.03125
0 0.803125 0.97109375 0.0390625 0.0296875
0 0.66015625 0.9171875 0.0453125 0.0359375
0 0.5984375 0.97578125 0.0453125 0.0359375
0 0.7390625 0.8546875 0.034375 0.0265625
0 0.7875 0.93125 0.0703125 0.05625
0 0.51953125 0.84140625 0.0453125 0.0359375
0 0.64765625 0.41953125 0.0453125 0.0359375