0 0.84765625 0.08515625 0.03125 0.0265625
0 0.94921875 0.125 0.03125 0.0265625
0 0.853125 0.2640625 0.040625 0.0359375
0 0.7671875 0.26171875 0.028125 0.0265625
0 0.640625 0.32421875 0.0390625 0.034375
0 0.53125 0.4359375 0.0921875 0.0765625
0 0.4796875 0.28125 0.0484375 0.040625
0 0.42421875 0.21171875 0.0609375 0.053125
0 0.40390625 0.2609375 0.0453125 0.0390625
0 0.3734375 0.23046875 0.03125 0.0265625
0 0.33046875 0.2609375 0.0515625 0.04375
0 0.31953125 0.2203125 0.03125 0.0265625
0 0.33046875 0.3140625 0.0296875 0.0234375
0 0.390625 0.2953125 0.040625 0.0328125
0 0.54921875 0.1203125 0.0390625 0.034375
0 0.5109375 0.171875 0.034375 0.0296875
0 0.49609375 0.14765625 0.03125 0.0265625
0 0.48046875 0.115625 0.0359375 0.03125
0 0.45078125 0.13671875 0.04375 0.0390625
0 0.4328125 0.16796875 0.04375 0.0359375
0 0.3375 0.196875 0.0328125 0.0296875
0 0.28515625 0.1921875 0.03125 0.0265625
0 0.6703125 0.046875 0.034375 0.0296875
0 0.58671875 0.06875 0.034375 0.028125
0 0.8453125 0.1828125 0.0578125 0.0515625
0 0.49921875 0.13671875 0.3578125 0.2734375
0 0.80625 0.40390625 0.028125 0.0234375
0 0.09375 0.15625 0.03125 0.0265625
0 0.12890625 0.0171875 0.0515625 0.034375
0 0.0203125 0.0375 0.0296875 0.025
0 0.0875 0.31484375 0.0453125 0.0390625
0 0.071875 0.08828125 0.14375 0.1265625
0 0.24765625 0.1265625 0.1203125 0.103125
0 0.4515625 0.9828125 0.0359375 0.03125
0 0.38359375 0.86171875 0.034375 0.0296875
0 0.634375 0.9796875 0.05625 0.040625
0 0.63671875 0.8578125 0.034375 0.0296875
0 0.26328125 0.6984375 0.0296875 0.0234375
0 0.3953125 0.49375 0.0359375 0.03125
0 0.34765625 0.5140625 0.0296875 0.025
0 0.25 0.76171875 0.034375 0.0296875
0 0.234375 0.78515625 0.0453125 0.0390625
0 0.5140625 0.5765625 0.04375 0.0359375
0 0.76796875 0.94921875 0.028125 0.025
0 0.41796875 0.5421875 0.0890625 0.0765625
0 0.6046875 0.6203125 0.053125 0.04375
0 0.15625 0.80859375 0.084375 0.071875
0 0.94609375 0.88828125 0.0515625 0.04375
0 0.91484375 0.6921875 0.084375 0.071875
0 0.8765625 0.6703125 0.0296875 0.0265625
0 0.8921875 0.81484375 0.0796875 0.0671875
0 0.96875 0.48828125 0.0578125 0.0515625
0 0.83984375 0.63359375 0.0296875 0.0234375
0 0.02265625 0.7203125 0.0453125 0.059375
0 0.05625 0.6984375 0.03125 0.0265625