0 0.7703125 0.51328125 0.4453125 0.41875
0 0.17265625 0.98515625 0.0359375 0.0296875
0 0.896875 0.82109375 0.0359375 0.034375
0 0.7359375 0.803125 0.0359375 0.034375
0 0.6390625 0.9 0.0453125 0.04375
0 0.97265625 0.8125 0.0359375 0.034375
0 0.98515625 0.78203125 0.0296875 0.0265625
0 0.9625 0.62265625 0.0296875 0.0265625
0 0.00234375 0.00234375 0.0015625 0.0015625
0 0.98671875 0.6421875 0.0265625 0.025
0 0.92421875 0.75859375 0.034375 0.03125
0 0.68046875 0.74296875 0.0484375 0.0453125
0 0.53515625 0.8546875 0.034375 0.03125
0 0.44140625 0.8921875 0.0265625 0.0265625
0 0.7453125 0.8953125 0.040625 0.0390625
0 0.4546875 0.62890625 0.0296875 0.0265625
0 0.4046875 0.671875 0.0265625 0.0265625
0 0.58671875 0.7828125 0.028125 0.0265625
0 0.4859375 0.7703125 0.0265625 0.0234375
0 0.478125 0.7390625 0.0265625 0.0234375
0 0.1609375 0.88671875 0.0375 0.0390625
0 0.1046875 0.6828125 0.0296875 0.0265625
0 0.0484375 0.7046875 0.0359375 0.034375
0 0.16796875 0.61796875 0.0359375 0.034375
0 0.15625 0.578125 0.034375 0.03125
0 0.0921875 0.584375 0.03125 0.03125
0 0.0640625 0.60546875 0.034375 0.03125
0 0.0953125 0.525 0.0453125 0.04375
0 0.0265625 0.53515625 0.053125 0.0703125
0 0.0671875 0.4703125 0.0265625 0.025
0 0.36328125 0.171875 0.1078125 0.1015625
0 0.23671875 0.16015625 0.1296875 0.1234375
0 0.209375 0.22109375 0.040625 0.0390625
0 0.27421875 0.353125 0.1859375 0.1765625
0 0.1203125 0.30546875 0.0453125 0.04375
0 0.4328125 0.44375 0.0296875 0.0265625
0 0.58984375 0.3140625 0.034375 0.03125
0 0.02734375 0.209375 0.0390625 0.0359375
0 0.390625 0.1234375 0.0265625 0.025
0 0.35546875 0.06953125 0.10625 0.0984375
0 0.49765625 0.0453125 0.0390625 0.0359375
0 0.5359375 0.0640625 0.034375 0.03125
0 0.53515625 0.1921875 0.0265625 0.025
0 0.165625 0.015625 0.0484375 0.03125
0 0.16328125 0.046875 0.0328125 0.03125
0 0.19921875 0.08203125 0.040625 0.0390625
0 0.23984375 0.01171875 0.0265625 0.0234375
0 0.62109375 0.25859375 0.0296875 0.0265625
0 0.65859375 0.1734375 0.034375 0.03125
0 0.7359375 0.10078125 0.028125 0.0265625
0 0.71875 0.015625 0.0265625 0.025
0 0.85234375 0.09609375 0.04375 0.040625
0 0.79921875 0.16796875 0.0296875 0.0296875
0 0.62265625 0.0625 0.03125 0.0296875
0 0.69140625 0.040625 0.03125 0.03125
0 0.9796875 0.078125 0.0390625 0.0359375
0 0.9671875 0.13671875 0.053125 0.0515625
0 0.9078125 0.234375 0.0296875 0.0296875