0 0.94375 0.12890625 0.0265625 0.0265625
0 0.771875 0.16953125 0.0359375 0.0328125
0 0.68125 0.3703125 0.0390625 0.0359375
0 0.93984375 0.509375 0.0515625 0.0515625
0 0.6296875 0.11640625 0.028125 0.0265625
0 0.7828125 0.06640625 0.028125 0.0296875
0 0.609375 0.27734375 0.053125 0.0515625
0 0.5984375 0.353125 0.04375 0.040625
0 0.603125 0.31640625 0.053125 0.053125
0 0.48828125 0.4421875 0.03125 0.03125
0 0.28359375 0.52421875 0.0265625 0.0234375
0 0.0375 0.39921875 0.040625 0.0390625
0 0.08515625 0.27421875 0.0390625 0.0359375
0 0.09765625 0.33046875 0.0265625 0.0265625
0 0.1734375 0.2921875 0.0265625 0.0234375
0 0.2015625 0.2796875 0.03125 0.03125
0 0.16328125 0.071875 0.0296875 0.0265625
0 0.265625 0.15625 0.1015625 0.0984375
0 0.384375 0.1578125 0.0390625 0.0359375
0 0.0953125 0.98046875 0.03125 0.03125
0 0.0765625 0.9546875 0.025 0.025
0 0.20078125 0.6875 0.053125 0.053125
0 0.1515625 0.68359375 0.0375 0.0359375
0 0.01171875 0.87109375 0.0234375 0.0265625
0 0.3546875 0.8421875 0.0359375 0.0359375
0 0.2046875 0.73828125 0.03125 0.0296875
0 0.46171875 0.7140625 0.0359375 0.034375
0 0.57421875 0.740625 0.0296875 0.028125
0 0.79296875 0.96875 0.04375 0.040625
0 0.421875 0.5171875 0.0390625 0.0359375
0 0.97109375 0.41953125 0.0296875 0.0265625
0 0.78359375 0.6046875 0.0265625 0.0234375
0 0.275 0.7671875 0.04375 0.040625