0 0.9578125 0.0359375 0.04375 0.0359375
0 0.80078125 0.04453125 0.0390625 0.03125
0 0.47578125 0.02421875 0.0484375 0.040625
0 0.5375 0.0203125 0.040625 0.0359375
0 0.34140625 0.02421875 0.0921875 0.0484375
0 0.03125 0.584375 0.0484375 0.0390625
0 0.32421875 0.72578125 0.0484375 0.0390625
0 0.0296875 0.709375 0.0296875 0.025
0 0.41953125 0.6765625 0.04375 0.0359375
0 0.50234375 0.5984375 0.03125 0.0265625
0 0.23671875 0.5578125 0.0359375 0.028125
0 0.17578125 0.709375 0.065625 0.053125
0 0.421875 0.29296875 0.03125 0.0265625
0 0.59609375 0.19140625 0.028125 0.025
0 0.7359375 0.16015625 0.028125 0.025
0 0.8296875 0.196875 0.034375 0.0296875
0 0.8546875 0.35546875 0.05625 0.0453125
0 0.7859375 0.40859375 0.0796875 0.0671875
0 0.83984375 0.44453125 0.0609375 0.0484375
0 0.775 0.4796875 0.05625 0.0453125
0 0.84765625 0.5375 0.1640625 0.1375
0 0.71875 0.52734375 0.0390625 0.034375
0 0.65625 0.50859375 0.0484375 0.0390625
0 0.69375 0.4546875 0.03125 0.025
0 0.62265625 0.4734375 0.03125 0.0265625
0 0.571875 0.4671875 0.0359375 0.0296875
0 0.52421875 0.52265625 0.034375 0.0265625
0 0.921875 0.36171875 0.03125 0.0265625