0 0.803125 0.54296875 0.21875 0.2171875
0 0.3109375 0.31484375 0.303125 0.303125
0 0.6359375 0.6 0.0359375 0.0359375
0 0.63125 0.6234375 0.0453125 0.0453125
0 0.64453125 0.69453125 0.034375 0.034375
0 0.68046875 0.93984375 0.0484375 0.0484375
0 0.45078125 0.74296875 0.040625 0.040625
0 0.4890625 0.6625 0.03125 0.03125
0 0.02734375 0.921875 0.0546875 0.084375
0 0.19375 0.46640625 0.065625 0.065625
0 0.7875 0.97265625 0.0515625 0.0515625
0 0.6265625 0.72734375 0.04375 0.04375
0 0.62890625 0.6625 0.0265625 0.0265625
0 0.12109375 0.5828125 0.0265625 0.0234375