0 0.88203125 0.0421875 0.0453125 0.0390625
0 0.69375 0.12109375 0.04375 0.0359375
0 0.1390625 0.5953125 0.0515625 0.04375
0 0.2921875 0.63203125 0.0546875 0.0453125
0 0.28125 0.6609375 0.03125 0.0265625
0 0.45078125 0.834375 0.040625 0.034375
0 0.2390625 0.859375 0.0609375 0.0515625
0 0.1578125 0.875 0.04375 0.0359375
0 0.1578125 0.90625 0.053125 0.0453125
0 0.1890625 0.1921875 0.0484375 0.0375
0 0.75234375 0.459375 0.0828125 0.0703125
0 0.78515625 0.4859375 0.0921875 0.0765625
0 0.90625 0.615625 0.1453125 0.1203125
0 0.8546875 0.76171875 0.0703125 0.0578125
0 0.75390625 0.85703125 0.0390625 0.03125
0 0.9203125 0.365625 0.0453125 0.0390625
0 0.359375 0.453125 0.1859375 0.1546875
0 0.51796875 0.47109375 0.1375 0.115625
0 0.709375 0.6078125 0.03125 0.025
0 0.6890625 0.7640625 0.1078125 0.0890625
0 0.59609375 0.8078125 0.0390625 0.03125
0 0.28359375 0.98046875 0.04375 0.0359375
0 0.33984375 0.14921875 0.0390625 0.03125