0 0.30078125 0.75390625 0.084375 0.0828125
0 0.33515625 0.8140625 0.065625 0.0625
0 0.196875 0.68984375 0.1453125 0.1390625
0 0.24765625 0.8171875 0.0875 0.084375
0 0.2796875 0.87734375 0.1078125 0.10625
0 0.39765625 0.79296875 0.0984375 0.096875
0 0.51953125 0.9078125 0.0296875 0.0265625
0 0.4796875 0.77734375 0.071875 0.071875
0 0.5578125 0.80625 0.0859375 0.084375
0 0.61171875 0.7234375 0.0453125 0.04375
0 0.65234375 0.78125 0.03125 0.0296875
0 0.6140625 0.83984375 0.03125 0.03125
0 0.02734375 0.88359375 0.0546875 0.0671875
0 0.084375 0.6390625 0.0703125 0.0671875
0 0.15 0.49375 0.0578125 0.05625
0 0.05078125 0.51953125 0.1015625 0.1078125
0 0.359375 0.67578125 0.0296875 0.0296875
0 0.271875 0.4859375 0.04375 0.040625
0 0.421875 0.54921875 0.0578125 0.05625
0 0.42578125 0.59375 0.0359375 0.034375
0 0.60546875 0.59375 0.034375 0.034375
0 0.64765625 0.65859375 0.0265625 0.0265625
0 0.6578125 0.6625 0.1421875 0.1375
0 0.740625 0.7234375 0.0828125 0.0796875
0 0.7390625 0.790625 0.0828125 0.0796875
0 0.83203125 0.9421875 0.071875 0.0703125
0 0.94375 0.74296875 0.0359375 0.0359375
0 0.93359375 0.428125 0.034375 0.034375
0 0.9234375 0.38359375 0.03125 0.03125
0 0.88671875 0.39296875 0.0265625 0.0265625
0 0.71875 0.25625 0.034375 0.0328125
0 0.35234375 0.053125 0.03125 0.03125
0 0.36328125 0.2875 0.1234375 0.11875
0 0.2984375 0.21484375 0.1640625 0.159375
0 0.1234375 0.3125 0.06875 0.0671875
0 0.15859375 0.23828125 0.103125 0.1015625
0 0.20703125 0.115625 0.03125 0.03125