0 0.9328125 0.06875 0.0265625 0.0265625
0 0.8921875 0.6109375 0.0265625 0.0265625
0 0.93359375 0.64921875 0.03125 0.03125
0 0.76953125 0.48671875 0.0625 0.0625
0 0.71015625 0.0921875 0.028125 0.028125
0 0.553125 0.0796875 0.034375 0.034375
0 0.14765625 0.5296875 0.053125 0.053125
0 0.10546875 0.5671875 0.05625 0.0546875
0 0.2390625 0.5359375 0.0296875 0.028125
0 0.3234375 0.4953125 0.0234375 0.025
0 0.115625 0.134375 0.0296875 0.0296875
0 0.01328125 0.7171875 0.0265625 0.0359375
0 0.04453125 0.2828125 0.0890625 0.09375
0 0.71875 0.6046875 0.1328125 0.1328125