0 0.62421875 0.98984375 0.0234375 0.0203125
0 0.16015625 0.90625 0.040625 0.040625
0 0.490625 0.74296875 0.025 0.0234375
0 0.62734375 0.9 0.0265625 0.0265625
0 0.59140625 0.89296875 0.028125 0.0296875
0 0.6578125 0.82421875 0.03125 0.03125
0 0.56953125 0.9421875 0.03125 0.03125
0 0.75859375 0.94921875 0.0359375 0.0359375
0 0.18515625 0.7640625 0.025 0.025
0 0.23671875 0.5421875 0.0390625 0.0390625
0 0.1609375 0.525 0.071875 0.071875
0 0.5203125 0.54296875 0.0234375 0.025
0 0.5359375 0.5640625 0.04375 0.04375
0 0.49765625 0.58515625 0.0765625 0.0765625
0 0.525 0.49296875 0.0390625 0.0390625
0 0.5421875 0.42578125 0.0265625 0.0265625
0 0.525 0.4015625 0.0265625 0.0265625
0 0.5109375 0.3796875 0.0234375 0.0234375
0 0.02421875 0.46171875 0.03125 0.03125
0 0.88125 0.66484375 0.03125 0.03125
0 0.7234375 0.52265625 0.028125 0.028125
0 0.709375 0.446875 0.040625 0.040625
0 0.58671875 0.1453125 0.0359375 0.0328125
0 0.5578125 0.13828125 0.028125 0.0296875
0 0.5734375 0.1078125 0.0234375 0.025
0 0.51171875 0.09765625 0.0265625 0.0265625
0 0.5515625 0.0296875 0.03125 0.03125
0 0.203125 0.1203125 0.11875 0.11875
0 0.1109375 0.23203125 0.05625 0.05625
0 0.47734375 0.66015625 0.0265625 0.0265625
0 0.24296875 0.8734375 0.0265625 0.0265625
0 0.1875 0.93359375 0.0265625 0.0265625
0 0.4703125 0.61875 0.0359375 0.0359375
0 0.92578125 0.4828125 0.0390625 0.0390625
0 0.91328125 0.46171875 0.0296875 0.0296875
0 0.36328125 0.0578125 0.0265625 0.0265625