0 0.4046875 0.98046875 0.0265625 0.0265625
0 0.94921875 0.87265625 0.0625 0.0625
0 0.96171875 0.92578125 0.034375 0.034375
0 0.9109375 0.75703125 0.0453125 0.04375
0 0.95546875 0.771875 0.0359375 0.0359375
0 0.9578125 0.7515625 0.03125 0.03125
0 0.890625 0.85 0.0359375 0.0359375
0 0.9078125 0.87890625 0.0359375 0.0359375
0 0.7953125 0.87109375 0.040625 0.0390625
0 0.80625 0.81953125 0.0484375 0.0484375
0 0.66015625 0.8796875 0.0296875 0.0296875
0 0.6515625 0.83984375 0.0234375 0.025
0 0.49609375 0.88359375 0.0359375 0.0359375
0 0.5 0.86171875 0.0359375 0.034375
0 0.53125 0.8578125 0.0265625 0.0265625
0 0.60703125 0.8328125 0.028125 0.0265625
0 0.6546875 0.78359375 0.028125 0.028125
0 0.63671875 0.71640625 0.034375 0.034375
0 0.62265625 0.73671875 0.0265625 0.0265625
0 0.61171875 0.76796875 0.0265625 0.0265625
0 0.53515625 0.69609375 0.03125 0.028125
0 0.54921875 0.67578125 0.028125 0.0296875
0 0.2703125 0.93359375 0.040625 0.0390625
0 0.321875 0.9109375 0.040625 0.040625
0 0.2390625 0.9421875 0.0484375 0.0453125
0 0.21015625 0.95078125 0.0484375 0.0484375
0 0.24765625 0.821875 0.0515625 0.0484375
0 0.25234375 0.77734375 0.0484375 0.0484375
0 0.26796875 0.7453125 0.0484375 0.0453125
0 0.27890625 0.7203125 0.0265625 0.025
0 0.275 0.69609375 0.0265625 0.0265625
0 0.29453125 0.6078125 0.0671875 0.065625
0 0.375 0.82578125 0.0390625 0.0359375
0 0.3734375 0.8109375 0.0296875 0.0296875
0 0.4203125 0.88125 0.040625 0.040625
0 0.4078125 0.96015625 0.0296875 0.0296875
0 0.42578125 0.90625 0.0890625 0.0875
0 0.8421875 0.384375 0.0359375 0.0328125
0 0.84375 0.41796875 0.0484375 0.0453125
0 0.7453125 0.45546875 0.053125 0.0515625
0 0.74140625 0.35703125 0.0453125 0.0453125
0 0.77734375 0.35234375 0.0390625 0.0359375
0 0.5578125 0.33203125 0.065625 0.0625
0 0.5046875 0.365625 0.065625 0.0625
0 0.35 0.54453125 0.040625 0.0390625
0 0.3328125 0.578125 0.040625 0.0390625
0 0.2796875 0.5265625 0.0703125 0.0671875
0 0.275 0.4734375 0.04375 0.04375
0 0.4328125 0.4578125 0.0296875 0.0265625
0 0.4328125 0.60078125 0.0265625 0.0234375
0 0.4328125 0.53828125 0.0390625 0.0359375
0 0.390625 0.578125 0.0296875 0.0265625
0 0.54453125 0.46015625 0.0515625 0.0515625
0 0.5421875 0.415625 0.0625 0.0609375
0 0.6421875 0.4625 0.0359375 0.0359375
0 0.60078125 0.50625 0.09375 0.0890625
0 0.5875 0.51953125 0.0796875 0.0765625
0 0.56875 0.5671875 0.0515625 0.0515625
0 0.5765625 0.58203125 0.0453125 0.0453125
0 0.578125 0.61875 0.040625 0.0390625
0 0.5921875 0.6515625 0.0625 0.059375
0 0.64296875 0.6046875 0.03125 0.028125
0 0.63671875 0.6578125 0.0625 0.059375
0 0.6625 0.640625 0.059375 0.0578125
0 0.725 0.59609375 0.0359375 0.034375
0 0.7640625 0.55625 0.03125 0.03125
0 0.77421875 0.5796875 0.040625 0.040625
0 0.73046875 0.5828125 0.0453125 0.0453125
0 0.87265625 0.60234375 0.0359375 0.0359375
0 0.8890625 0.6296875 0.084375 0.0828125
0 0.775 0.6984375 0.0390625 0.0359375
0 0.9390625 0.68515625 0.1140625 0.1109375
0 0.9703125 0.61171875 0.053125 0.0515625
0 0.9828125 0.578125 0.0265625 0.025
0 0.71171875 0.18515625 0.0265625 0.0265625
0 0.6515625 0.171875 0.0515625 0.0515625
0 0.421875 0.25703125 0.03125 0.0296875
0 0.525 0.2203125 0.040625 0.040625
0 0.265625 0.3265625 0.0765625 0.075
0 0.271875 0.29453125 0.0359375 0.0359375
0 0.22109375 0.42421875 0.0390625 0.0359375
0 0.1875 0.44375 0.0359375 0.0359375
0 0.1921875 0.33515625 0.03125 0.0296875
0 0.29453125 0.16484375 0.0359375 0.0328125
0 0.3125 0.1875 0.0390625 0.0359375
0 0.85546875 0.74765625 0.103125 0.1015625
0 0.81640625 0.64765625 0.096875 0.09375
0 0.75 0.66953125 0.065625 0.0625
0 0.52734375 0.76953125 0.0453125 0.0453125
0 0.5734375 0.8953125 0.0265625 0.0265625
0 0.6921875 0.6265625 0.0625 0.059375
0 0.3640625 0.7875 0.053125 0.0515625
0 0.06015625 0.646875 0.0359375 0.034375
0 0.0640625 0.62734375 0.034375 0.03125
0 0.0109375 0.6453125 0.021875 0.03125
0 0.0265625 0.671875 0.0265625 0.0265625
0 0.040625 0.75859375 0.040625 0.0390625
0 0.11328125 0.765625 0.034375 0.034375
0 0.071875 0.69921875 0.0265625 0.0265625
0 0.06640625 0.17578125 0.0296875 0.0296875
0 0.12109375 0.34609375 0.025 0.0234375
0 0.053125 0.3765625 0.0359375 0.0359375
0 0.021875 0.47109375 0.0296875 0.0296875
0 0.19921875 0.56640625 0.040625 0.0390625
0 0.16796875 0.58671875 0.03125 0.028125
0 0.16953125 0.6109375 0.0359375 0.034375
0 0.13828125 0.11875 0.0296875 0.0296875
0 0.23671875 0.11796875 0.071875 0.0703125
0 0.334375 0.125 0.0484375 0.0453125
0 0.4859375 0.03984375 0.0515625 0.0484375
0 0.53515625 0.08203125 0.1375 0.1328125
0 0.4703125 0.08515625 0.0578125 0.05625
0 0.41484375 0.10546875 0.0265625 0.0265625
0 0.3640625 0.125 0.084375 0.0828125
0 0.6515625 0.015625 0.0453125 0.03125
0 0.7125 0.0609375 0.0265625 0.025
0 0.78828125 0.0375 0.0359375 0.0359375
0 0.93125 0.12109375 0.034375 0.034375
0 0.8578125 0.0296875 0.0390625 0.0359375
0 0.88359375 0.1453125 0.0265625 0.025
0 0.91328125 0.9484375 0.0265625 0.0265625
0 0.94453125 0.5203125 0.05625 0.0546875
0 0.921875 0.5640625 0.0484375 0.0484375
0 0.72578125 0.76953125 0.0390625 0.0359375
0 0.67578125 0.7171875 0.0890625 0.0875
0 0.5734375 0.6828125 0.1015625 0.0984375
0 0.525 0.546875 0.034375 0.034375
0 0.63359375 0.42578125 0.034375 0.034375
0 0.6140625 0.34765625 0.034375 0.03125
0 0.775 0.259375 0.0265625 0.025
0 0.7546875 0.296875 0.03125 0.0296875
0 0.453125 0.275 0.04375 0.04375
0 0.41328125 0.290625 0.040625 0.0390625
0 0.321875 0.30546875 0.0515625 0.0484375
0 0.3109375 0.27734375 0.03125 0.03125
0 0.19609375 0.203125 0.0359375 0.0359375
0 0.2953125 0.12109375 0.0296875 0.0265625
0 0.3734375 0.02734375 0.04375 0.040625
0 0.4359375 0.0796875 0.0453125 0.04375
0 0.59140625 0.146875 0.03125 0.0296875
0 0.4703125 0.490625 0.040625 0.040625
0 0.5140625 0.446875 0.10625 0.1015625
0 0.39296875 0.5375 0.0390625 0.0359375
0 0.26171875 0.64921875 0.034375 0.034375
0 0.240625 0.6234375 0.0359375 0.0359375
0 0.1078125 0.615625 0.0671875 0.065625
0 0.4390625 0.75859375 0.0359375 0.034375
0 0.38828125 0.7546875 0.0640625 0.0625
0 0.40390625 0.46875 0.103125 0.1015625
0 0.76328125 0.228125 0.034375 0.03125
0 0.80390625 0.1421875 0.0265625 0.0265625
0 0.171875 0.50625 0.0265625 0.0265625
0 0.23671875 0.4703125 0.0265625 0.0265625
0 0.36796875 0.4734375 0.0984375 0.096875
0 0.0203125 0.709375 0.040625 0.04375
0 0.98046875 0.8296875 0.0296875 0.0296875
0 0.4625 0.80859375 0.0703125 0.0671875
0 0.2640625 0.896875 0.0453125 0.0453125
0 0.52734375 0.87734375 0.0359375 0.034375
0 0.7984375 0.76796875 0.05625 0.053125
0 0.7609375 0.78828125 0.04375 0.04375
0 0.75625 0.8140625 0.0265625 0.0265625
0 0.0796875 0.96484375 0.040625 0.0390625
0 0.08671875 0.7125 0.0296875 0.028125