0 0.00390625 0.00390625 0.0078125 0.0078125
0 0.86171875 0.04921875 0.03125 0.0265625
0 0.86640625 0.06953125 0.0484375 0.040625
0 0.859375 0.08984375 0.03125 0.0265625
0 0.93125 0.09609375 0.0296875 0.025
0 0.93984375 0.0296875 0.034375 0.0265625
0 0.915625 0.3734375 0.03125 0.0265625
0 0.9203125 0.25234375 0.034375 0.0265625
0 0.68515625 0.38828125 0.05625 0.0453125
0 0.7015625 0.55546875 0.028125 0.0234375
0 0.75390625 0.275 0.1109375 0.0921875
0 0.421875 0.5796875 0.0390625 0.03125
0 0.16484375 0.5296875 0.0578125 0.0484375
0 0.16796875 0.55625 0.065625 0.053125
0 0.2234375 0.38359375 0.125 0.103125
0 0.1859375 0.43515625 0.065625 0.053125
0 0.225 0.3171875 0.034375 0.0265625
0 0.5796875 0.18125 0.153125 0.128125
0 0.4234375 0.02421875 0.0390625 0.03125
0 0.36875 0.0671875 0.03125 0.025
0 0.3125 0.15390625 0.0390625 0.03125
0 0.3109375 0.1921875 0.0390625 0.03125
0 0.7921875 0.6390625 0.165625 0.134375
0 0.68125 0.6890625 0.0390625 0.03125
0 0.65859375 0.75625 0.0453125 0.0359375
0 0.52890625 0.85 0.0671875 0.05625
0 0.5171875 0.89296875 0.0359375 0.0296875
0 0.5921875 0.875 0.040625 0.034375
0 0.4390625 0.89921875 0.04375 0.034375
0 0.28828125 0.78515625 0.0390625 0.03125
0 0.3546875 0.7640625 0.0515625 0.040625
0 0.21640625 0.74609375 0.0359375 0.03125
0 0.26953125 0.67421875 0.040625 0.034375
0 0.275 0.5734375 0.0328125 0.028125
0 0.11328125 0.68125 0.0921875 0.075
0 0.0984375 0.6203125 0.128125 0.103125
0 0.05625 0.59375 0.03125 0.0265625
0 0.0890625 0.884375 0.134375 0.1109375
0 0.046875 0.828125 0.0609375 0.0484375
0 0.09375 0.821875 0.0359375 0.03125
0 0.1421875 0.82109375 0.0390625 0.03125
0 0.1734375 0.8484375 0.0359375 0.0296875
0 0.75234375 0.8296875 0.059375 0.0484375
0 0.696875 0.83671875 0.0625 0.0515625
0 0.70546875 0.7984375 0.0578125 0.0484375
0 0.69921875 0.76796875 0.040625 0.034375
0 0.63359375 0.8234375 0.0390625 0.03125
0 0.36328125 0.271875 0.0296875 0.0234375
0 0.053125 0.2703125 0.03125 0.0265625
0 0.46015625 0.9828125 0.034375 0.0265625
0 0.9390625 0.30546875 0.0359375 0.0296875