0 0.1765625 0.3390625 0.0265625 0.0265625
0 0.15 0.384375 0.0453125 0.0453125
0 0.7828125 0.08984375 0.025 0.025
0 0.47734375 0.0921875 0.0359375 0.0359375
0 0.53515625 0.31015625 0.025 0.0234375
0 0.87890625 0.11796875 0.0296875 0.0296875
0 0.8234375 0.18515625 0.034375 0.034375
0 0.8609375 0.24765625 0.040625 0.0390625
0 0.90859375 0.2828125 0.0265625 0.0265625
0 0.9015625 0.40625 0.034375 0.034375
0 0.95703125 0.3890625 0.0265625 0.0265625
0 0.96875 0.446875 0.03125 0.03125
0 0.975 0.50703125 0.03125 0.03125
0 0.95703125 0.5828125 0.03125 0.03125
0 0.96015625 0.65625 0.03125 0.03125
0 0.0890625 0.64453125 0.034375 0.034375