0 0.42421875 0.3125 0.6375 0.625
0 0.91328125 0.9265625 0.084375 0.084375
0 0.9703125 0.79921875 0.03125 0.03125
0 0.92890625 0.78828125 0.05625 0.0546875
0 0.87734375 0.615625 0.034375 0.03125
0 0.7953125 0.63828125 0.053125 0.053125
0 0.67421875 0.6703125 0.0796875 0.0765625
0 0.953125 0.6 0.0296875 0.028125
0 0.88359375 0.56875 0.040625 0.040625
0 0.94609375 0.509375 0.053125 0.053125
0 0.8453125 0.46171875 0.2078125 0.2046875
0 0.92890625 0.6234375 0.04375 0.04375
0 0.54453125 0.76796875 0.165625 0.1640625
0 0.41796875 0.71875 0.03125 0.03125
0 0.42578125 0.7671875 0.103125 0.103125
0 0.4171875 0.93046875 0.053125 0.0515625
0 0.21640625 0.83046875 0.025 0.025
0 0.17421875 0.9421875 0.0265625 0.0265625
0 0.3109375 0.79453125 0.03125 0.03125
0 0.02890625 0.96640625 0.0296875 0.0296875
0 0.09765625 0.72734375 0.0609375 0.0578125
0 0.04921875 0.68515625 0.0390625 0.0390625
0 0.16796875 0.6265625 0.03125 0.03125
0 0.2953125 0.66796875 0.053125 0.053125
0 0.26171875 0.6734375 0.04375 0.04375
0 0.24375 0.5828125 0.04375 0.04375
0 0.33671875 0.74296875 0.0296875 0.028125
0 0.209375 0.553125 0.0296875 0.028125
0 0.01171875 0.58671875 0.0234375 0.0421875
0 0.06015625 0.56640625 0.0328125 0.034375
0 0.0828125 0.303125 0.04375 0.04375
0 0.07578125 0.11875 0.0828125 0.0796875
0 0.0453125 0.0453125 0.0453125 0.0453125
0 0.2859375 0.134375 0.0234375 0.025
0 0.1625 0.25859375 0.0515625 0.0515625
0 0.1359375 0.2140625 0.0671875 0.065625
0 0.053125 0.43046875 0.0265625 0.0265625
0 0.01328125 0.459375 0.0265625 0.0296875
0 0.12734375 0.50390625 0.0578125 0.05625
0 0.53125 0.22578125 0.0265625 0.025
0 0.484375 0.24375 0.0609375 0.0609375
0 0.321875 0.30625 0.1296875 0.1265625
0 0.46640625 0.4484375 0.05625 0.053125
0 0.4328125 0.5671875 0.034375 0.03125
0 0.5921875 0.39765625 0.04375 0.040625
0 0.63671875 0.4703125 0.04375 0.04375
0 0.57421875 0.42421875 0.0296875 0.0296875
0 0.74140625 0.44140625 0.0234375 0.025
0 0.740625 0.33203125 0.034375 0.034375
0 0.8109375 0.25234375 0.04375 0.040625
0 0.91796875 0.296875 0.0765625 0.075
0 0.521875 0.04921875 0.0390625 0.0359375
0 0.49296875 0.06015625 0.0265625 0.0265625
0 0.59765625 0.08046875 0.2171875 0.1609375
0 0.7171875 0.0921875 0.028125 0.028125
0 0.63125 0.025 0.034375 0.034375
0 0.4078125 0.06015625 0.0328125 0.03125
0 0.3921875 0.021875 0.03125 0.03125
0 0.1734375 0.06015625 0.075 0.071875
0 0.14765625 0.11328125 0.0515625 0.0484375
0 0.53125 0.2390625 0.346875 0.3390625
0 0.75234375 0.23828125 0.0515625 0.0515625
0 0.94921875 0.19453125 0.03125 0.0296875
0 0.8796875 0.03515625 0.0578125 0.05625
0 0.9515625 0.01953125 0.034375 0.034375
0 0.9390625 0.0453125 0.0390625 0.0359375
0 0.9171875 0.0734375 0.0265625 0.0265625
0 0.9515625 0.35234375 0.0453125 0.0453125
0 0.61328125 0.96875 0.03125 0.03125
0 0.6046875 0.2640625 0.040625 0.0390625