0 0.4015625 0.0140625 0.03125 0.028125
0 0.32578125 0.00625 0.0265625 0.0125
0 0.17578125 0.0203125 0.0296875 0.0265625
0 0.0375 0.5765625 0.03125 0.028125
0 0.29453125 0.74140625 0.0296875 0.0265625
0 0.26953125 0.45546875 0.034375 0.0296875
0 0.22265625 0.13671875 0.05625 0.0515625
0 0.13203125 0.1546875 0.034375 0.03125
0 0.2359375 0.3796875 0.0265625 0.0234375
0 0.82421875 0.7921875 0.0515625 0.0453125
0 0.665625 0.53515625 0.0359375 0.034375
0 0.58046875 0.34765625 0.028125 0.0265625
0 0.8015625 0.19609375 0.040625 0.0375
0 0.75703125 0.2515625 0.065625 0.0609375
0 0.515625 0.19609375 0.0453125 0.040625
0 0.571875 0.2125 0.040625 0.0390625
0 0.8734375 0.1734375 0.04375 0.0390625
0 0.94921875 0.3328125 0.0515625 0.0453125
0 0.9265625 0.4 0.03125 0.0296875
0 0.6109375 0.86796875 0.028125 0.0265625
0 0.63828125 0.62109375 0.0265625 0.025
0 0.6 0.61796875 0.028125 0.0265625
0 0.76796875 0.55625 0.034375 0.03125
0 0.7515625 0.5734375 0.028125 0.0265625
0 0.9578125 0.5421875 0.0359375 0.034375