0 0.15234375 0.4625 0.0296875 0.0296875
0 0.5796875 0.6390625 0.04375 0.04375
0 0.4328125 0.0140625 0.028125 0.028125
0 0.4203125 0.10703125 0.0390625 0.0390625
0 0.20703125 0.1578125 0.0484375 0.0484375
0 0.384375 0.1875 0.0265625 0.0265625
0 0.225 0.21484375 0.025 0.025
0 0.359375 0.55625 0.071875 0.071875
0 0.7015625 0.26796875 0.1703125 0.1703125
0 0.8296875 0.06875 0.16875 0.1375
0 0.9421875 0.15 0.034375 0.0328125
0 0.5140625 0.5609375 0.028125 0.028125
0 0.8765625 0.6734375 0.025 0.025
0 0.78984375 0.6390625 0.034375 0.034375
0 0.740625 0.1453125 0.09375 0.09375
0 0.76328125 0.9671875 0.0265625 0.0265625
0 0.70546875 0.91328125 0.0578125 0.0578125
0 0.6515625 0.91328125 0.034375 0.034375
0 0.6421875 0.97734375 0.03125 0.03125
0 0.50859375 0.90234375 0.0265625 0.0265625
0 0.296875 0.1890625 0.59375 0.3765625