0 0.240625 0.1984375 0.3921875 0.3734375
0 0.15390625 0.44453125 0.3078125 0.3578125
0 0.40859375 0.8890625 0.0578125 0.05625
0 0.36875 0.7921875 0.0890625 0.084375
0 0.40234375 0.728125 0.0796875 0.075
0 0.45546875 0.859375 0.071875 0.0703125
0 0.29453125 0.78125 0.053125 0.0515625
0 0.2234375 0.77734375 0.384375 0.36875
0 0.259375 0.5875 0.0265625 0.0265625
0 0.4484375 0.928125 0.0265625 0.025
0 0.915625 0.70703125 0.084375 0.0796875
0 0.6109375 0.7640625 0.0515625 0.0484375
0 0.53359375 0.75390625 0.1140625 0.1078125
0 0.60546875 0.640625 0.0359375 0.0359375
0 0.54453125 0.58984375 0.04375 0.040625
0 0.5375 0.55546875 0.028125 0.0265625
0 0.4734375 0.5265625 0.040625 0.040625
0 0.58203125 0.4578125 0.05625 0.053125
0 0.73828125 0.71640625 0.0515625 0.0484375
0 0.96484375 0.79296875 0.0453125 0.04375
0 0.9265625 0.84765625 0.0359375 0.0359375
0 0.64296875 0.86328125 0.0703125 0.065625
0 0.59765625 0.82109375 0.05625 0.05625
0 0.91953125 0.5453125 0.04375 0.040625
0 0.65234375 0.1890625 0.03125 0.0296875
0 0.69453125 0.29921875 0.028125 0.0296875
0 0.3375 0.75390625 0.040625 0.040625
0 0.08203125 0.4953125 0.0296875 0.0265625