0 0.33203125 0.21015625 0.04375 0.04375
0 0.1390625 0.26953125 0.0296875 0.0296875
0 0.08515625 0.2703125 0.0265625 0.0234375
0 0.04296875 0.265625 0.025 0.025
0 0.1140625 0.375 0.0671875 0.065625
0 0.0484375 0.46484375 0.0453125 0.0453125
0 0.5 0.47109375 0.0359375 0.034375
0 0.00859375 0.02265625 0.0171875 0.034375
0 0.040625 0.115625 0.0265625 0.0265625
0 0.046875 0.07421875 0.0296875 0.0265625
0 0.321875 0.109375 0.0265625 0.0265625
0 0.24296875 0.1203125 0.0265625 0.0265625
0 0.07421875 0.08203125 0.0265625 0.0265625
0 0.25625 0.265625 0.0328125 0.034375