0 0.98671875 0.03515625 0.0265625 0.03125
0 0.94609375 0.27734375 0.0765625 0.0671875
0 0.90234375 0.1625 0.0484375 0.04375
0 0.9625 0.134375 0.0578125 0.0515625
0 0.975 0.08515625 0.034375 0.0296875
0 0.93125 0.0734375 0.0609375 0.053125
0 0.88671875 0.0671875 0.053125 0.0484375
0 0.78828125 0.24140625 0.04375 0.0390625
0 0.790625 0.18515625 0.0515625 0.0453125
0 0.72734375 0.17578125 0.0359375 0.03125
0 0.5765625 0.17890625 0.09375 0.084375
0 0.58203125 0.1734375 0.0359375 0.03125
0 0.67578125 0.06640625 0.1140625 0.1015625
0 0.75 0.2140625 0.128125 0.115625
0 0.571875 0.365625 0.128125 0.1140625
0 0.6765625 0.39453125 0.0578125 0.0515625
0 0.56015625 0.275 0.1515625 0.1375
0 0.79453125 0.0328125 0.065625 0.0578125
0 0.73828125 0.103125 0.1203125 0.1078125
0 0.49296875 0.1265625 0.0890625 0.0796875
0 0.40234375 0.1625 0.0359375 0.03125
0 0.303125 0.13203125 0.0359375 0.034375
0 0.2859375 0.16328125 0.0390625 0.0328125
0 0.18984375 0.0578125 0.0484375 0.04375
0 0.33203125 0.078125 0.0671875 0.0609375
0 0.43515625 0.1046875 0.0828125 0.071875
0 0.0734375 0.2875 0.146875 0.1609375
0 0.1109375 0.071875 0.1109375 0.0984375
0 0.225 0.24765625 0.1078125 0.096875
0 0.1984375 0.30625 0.040625 0.0359375
0 0.2015625 0.321875 0.1015625 0.0921875
0 0.2234375 0.4125 0.0359375 0.03125
0 0.20703125 0.37265625 0.0875 0.0765625
0 0.3296875 0.3375 0.0328125 0.03125
0 0.3296875 0.25 0.0890625 0.0796875
0 0.31015625 0.3390625 0.125 0.1140625
0 0.39765625 0.41953125 0.03125 0.0265625
0 0.4078125 0.453125 0.053125 0.0484375
0 0.3640625 0.5 0.071875 0.065625
0 0.4828125 0.42578125 0.1140625 0.1015625
0 0.453125 0.49375 0.065625 0.0578125
0 0.4234375 0.31484375 0.1234375 0.1078125
0 0.275 0.44140625 0.1015625 0.0921875
0 0.39921875 0.01953125 0.071875 0.0390625
0 0.14453125 0.203125 0.0765625 0.0671875
0 0.053125 0.4078125 0.10625 0.1875
0 0.0203125 0.5203125 0.0359375 0.03125
0 0.06640625 0.57578125 0.0390625 0.034375
0 0.15 0.54921875 0.03125 0.028125
0 0.265625 0.51328125 0.065625 0.0578125
0 0.18046875 0.58671875 0.0375 0.034375
0 0.04296875 0.815625 0.0859375 0.09375
0 0.14921875 0.78125 0.115625 0.103125
0 0.11796875 0.87734375 0.10625 0.09375
0 0.209375 0.97734375 0.0609375 0.0453125
0 0.00078125 0.00234375 0.0015625 0.0015625
0 0.36171875 0.92421875 0.0390625 0.034375
0 0.421875 0.8578125 0.2046875 0.1828125
0 0.32578125 0.3765625 0.0328125 0.03125
0 0.375 0.60078125 0.159375 0.1421875
0 0.22265625 0.63828125 0.03125 0.0265625
0 0.30546875 0.7484375 0.053125 0.0484375
0 0.2140625 0.8796875 0.1109375 0.0984375
0 0.4375 0.69140625 0.0609375 0.053125
0 0.55390625 0.5640625 0.059375 0.053125
0 0.62734375 0.6453125 0.10625 0.09375
0 0.58984375 0.703125 0.0515625 0.0453125
0 0.36171875 0.7484375 0.04375 0.0390625
0 0.19375 0.49296875 0.103125 0.09375
0 0.134375 0.359375 0.053125 0.0484375
0 0.57578125 0.4984375 0.1765625 0.15625
0 0.7640625 0.4546875 0.034375 0.03125
0 0.7609375 0.5140625 0.10625 0.09375
0 0.86640625 0.5203125 0.1109375 0.0984375
0 0.9359375 0.52734375 0.1140625 0.1015625
0 0.94453125 0.45078125 0.0703125 0.0625
0 0.7609375 0.375 0.03125 0.0265625
0 0.68984375 0.34375 0.071875 0.065625
0 0.83984375 0.7671875 0.053125 0.0484375
0 0.7328125 0.76953125 0.0578125 0.053125
0 0.9234375 0.6 0.0671875 0.059375
0 0.73828125 0.9078125 0.0296875 0.0265625
0 0.640625 0.953125 0.065625 0.0578125
0 0.57578125 0.91484375 0.0515625 0.0453125
0 0.86796875 0.85234375 0.0828125 0.075
0 0.83828125 0.925 0.1796875 0.15
0 0.71640625 0.9234375 0.028125 0.0265625
0 0.634375 0.8390625 0.190625 0.16875
0 0.759375 0.62734375 0.0703125 0.0625
0 0.94921875 0.646875 0.1015625 0.090625
0 0.9125 0.3703125 0.0296875 0.0234375
0 0.4109375 0.73828125 0.0578125 0.053125
0 0.490625 0.61328125 0.0703125 0.0625