0 0.00234375 0.00078125 0.0015625 0.0015625
0 0.44921875 0.33515625 0.5453125 0.4328125
0 0.7828125 0.03125 0.03125 0.0265625
0 0.8484375 0.23671875 0.0703125 0.05625
0 0.2390625 0.678125 0.1296875 0.103125
0 0.2328125 0.47578125 0.0359375 0.0296875
0 0.39765625 0.5984375 0.0484375 0.0390625
0 0.66796875 0.665625 0.075 0.0578125
0 0.5828125 0.7546875 0.034375 0.0265625
0 0.4828125 0.78125 0.04375 0.034375
0 0.7078125 0.95546875 0.0515625 0.040625
0 0.5453125 0.5109375 0.0578125 0.0453125
0 0.33671875 0.4859375 0.053125 0.040625
0 0.68515625 0.29296875 0.04375 0.034375
0 0.5515625 0.59609375 0.1421875 0.1140625
0 0.14921875 0.9515625 0.103125 0.0828125
0 0.31015625 0.73828125 0.04375 0.034375
0 0.28515625 0.80625 0.034375 0.0265625
0 0.40625 0.54453125 0.04375 0.034375
0 0.35 0.55625 0.0765625 0.059375
0 0.5328125 0.81640625 0.084375 0.0671875
0 0.7140625 0.615625 0.034375 0.0265625