0 0.00234375 0.00234375 0.0015625 0.0015625
0 0.00078125 0.00234375 0.0015625 0.0015625
0 0.10234375 0.05078125 0.03125 0.025
0 0.06484375 0.10703125 0.0359375 0.0296875
0 0.06953125 0.084375 0.1390625 0.1375
0 0.15 0.33203125 0.0984375 0.0765625
0 0.24375 0.228125 0.2546875 0.196875
0 0.35703125 0.2953125 0.04375 0.0328125
0 0.3921875 0.271875 0.0328125 0.0265625
0 0.52734375 0.1421875 0.253125 0.196875
0 0.34375 0.10703125 0.0671875 0.053125
0 0.47109375 0.025 0.053125 0.040625
0 0.8484375 0.1828125 0.1546875 0.1203125
0 0.7703125 0.5265625 0.04375 0.034375
0 0.740625 0.64453125 0.03125 0.025
0 0.803125 0.72265625 0.0609375 0.0453125
0 0.86328125 0.7046875 0.0390625 0.028125
0 0.7484375 0.7171875 0.1375 0.10625
0 0.77734375 0.42578125 0.0359375 0.0296875
0 0.74140625 0.41796875 0.0453125 0.0359375
0 0.58046875 0.49296875 0.0484375 0.0390625
0 0.4578125 0.58984375 0.0390625 0.0296875
0 0.36875 0.3703125 0.0359375 0.0296875
0 0.1390625 0.60859375 0.278125 0.2265625
0 0.0625 0.7328125 0.1140625 0.0875
0 0.3609375 0.6828125 0.04375 0.034375
0 0.5609375 0.7875 0.0828125 0.065625
0 0.275 0.4390625 0.0328125 0.0265625
0 0.62734375 0.3703125 0.0515625 0.0390625
0 0.14453125 0.54453125 0.034375 0.0265625
0 0.7078125 0.953125 0.040625 0.03125
0 0.984375 0.0296875 0.03125 0.0296875