0 0.828125 0.09140625 0.04375 0.0359375
0 0.77734375 0.14765625 0.0515625 0.04375
0 0.8015625 0.2125 0.03125 0.0265625
0 0.76953125 0.23828125 0.0296875 0.025
0 0.740625 0.25 0.028125 0.025
0 0.46171875 0.178125 0.0390625 0.0328125
0 0.025 0.95078125 0.034375 0.0296875
0 0.11328125 0.80625 0.040625 0.0359375
0 0.08671875 0.57109375 0.0359375 0.028125
0 0.1703125 0.3265625 0.1015625 0.0859375
0 0.1765625 0.39453125 0.0515625 0.04375
0 0.24375 0.44921875 0.0390625 0.03125
0 0.31953125 0.57421875 0.0484375 0.040625
0 0.3890625 0.5921875 0.0296875 0.025
0 0.453125 0.61171875 0.0359375 0.03125
0 0.48046875 0.71484375 0.034375 0.0296875
0 0.45703125 0.759375 0.0390625 0.03125
0 0.39921875 0.83203125 0.0359375 0.0296875
0 0.1609375 0.9046875 0.040625 0.034375
0 0.7046875 0.92421875 0.034375 0.0296875
0 0.4828125 0.928125 0.0671875 0.05625
0 0.55625 0.73828125 0.034375 0.0296875
0 0.31640625 0.553125 0.1140625 0.096875
0 0.60078125 0.5109375 0.034375 0.0296875
0 0.6703125 0.34375 0.0625 0.053125
0 0.44609375 0.3375 0.034375 0.0265625
0 0.7328125 0.50859375 0.134375 0.1140625
0 0.71015625 0.4359375 0.028125 0.0265625
0 0.81015625 0.37890625 0.053125 0.04375
0 0.84140625 0.64921875 0.034375 0.028125
0 0.90859375 0.6984375 0.040625 0.0359375
0 0.91484375 0.7390625 0.0390625 0.034375
0 0.94140625 0.30859375 0.075 0.0625
0 0.89296875 0.9015625 0.196875 0.165625
0 0.56015625 0.625 0.146875 0.125
0 0.771875 0.83203125 0.0703125 0.0609375