0 0.04453125 0.7671875 0.040625 0.040625
0 0.14296875 0.7125 0.0625 0.0625
0 0.16796875 0.66796875 0.040625 0.040625
0 0.19609375 0.7609375 0.1390625 0.1390625
0 0.13203125 0.30859375 0.025 0.025
0 0.1515625 0.41328125 0.0296875 0.0296875
0 0.134375 0.44375 0.040625 0.040625
0 0.29921875 0.56484375 0.0546875 0.05625
0 0.2671875 0.67578125 0.0765625 0.0765625
0 0.36640625 0.70546875 0.0546875 0.05625
0 0.375 0.75234375 0.0671875 0.0671875
0 0.21640625 0.3375 0.04375 0.04375
0 0.2078125 0.390625 0.0296875 0.0296875
0 0.16796875 0.1546875 0.0296875 0.0296875
0 0.63203125 0.053125 0.028125 0.0296875
0 0.6234375 0.1 0.075 0.075
0 0.60078125 0.21484375 0.034375 0.034375
0 0.7171875 0.20546875 0.059375 0.0609375
0 0.57421875 0.39765625 0.0265625 0.0265625
0 0.60546875 0.43125 0.025 0.025
0 0.5796875 0.44375 0.05625 0.05625
0 0.5203125 0.4125 0.0359375 0.0359375
0 0.5 0.63671875 0.103125 0.103125
0 0.428125 0.64765625 0.0453125 0.0453125
0 0.7609375 0.2203125 0.0359375 0.0359375
0 0.76953125 0.25859375 0.0515625 0.0515625
0 0.82109375 0.171875 0.034375 0.034375
0 0.80078125 0.23203125 0.0296875 0.0296875
0 0.828125 0.275 0.075 0.075
0 0.8859375 0.3421875 0.1078125 0.1078125
0 0.8640625 0.4125 0.0703125 0.0703125
0 0.85078125 0.46484375 0.0484375 0.0484375
0 0.65390625 0.428125 0.0265625 0.0265625
0 0.65234375 0.5515625 0.0453125 0.0453125
0 0.60703125 0.6703125 0.0796875 0.0796875
0 0.66328125 0.74609375 0.04375 0.04375
0 0.75390625 0.59609375 0.065625 0.065625
0 0.7640625 0.65625 0.0890625 0.0890625
0 0.68515625 0.65390625 0.0625 0.0625
0 0.0265625 0.71640625 0.053125 0.053125
0 0.953125 0.1828125 0.040625 0.040625
0 0.9046875 0.1140625 0.0296875 0.0296875
0 0.94453125 0.12109375 0.0296875 0.0296875
0 0.93984375 0.6078125 0.025 0.025
0 0.71640625 0.3953125 0.0984375 0.0984375
0 0.87734375 0.8296875 0.0765625 0.0765625
0 0.8015625 0.8265625 0.0265625 0.0265625
0 0.00234375 0.00234375 0.0015625 0.0015625
0 0.5265625 0.86328125 0.028125 0.0296875
0 0.4421875 0.96171875 0.071875 0.071875
0 0.24375 0.90625 0.0390625 0.0390625
0 0.1453125 0.8296875 0.0296875 0.0296875
0 0.1421875 0.95078125 0.05625 0.05625
0 0.0578125 0.86640625 0.115625 0.1828125
0 0.49296875 0.43359375 0.18125 0.18125
0 0.44140625 0.603125 0.0390625 0.0390625
0 0.4078125 0.9015625 0.0234375 0.025