0 0.00234375 0.0015625 0.0046875 0.003125
0 0.9578125 0.53125 0.040625 0.0359375
0 0.7234375 0.63125 0.028125 0.025
0 0.64765625 0.4484375 0.034375 0.0296875
0 0.57421875 0.38671875 0.0359375 0.03125
0 0.5109375 0.225 0.1421875 0.125
0 0.74375 0.06640625 0.153125 0.1328125
0 0.625 0.0265625 0.103125 0.053125
0 0.83203125 0.1359375 0.103125 0.0921875
0 0.38203125 0.2234375 0.10625 0.0921875
0 0.23203125 0.22578125 0.115625 0.1015625
0 0.3375 0.328125 0.0796875 0.0703125
0 0.178125 0.00859375 0.0296875 0.0171875
0 0.1859375 0.03984375 0.0515625 0.04375
0 0.09765625 0.103125 0.0484375 0.040625
0 0.1046875 0.44140625 0.15625 0.1375
0 0.21875 0.5625 0.0359375 0.03125
0 0.18046875 0.2984375 0.0296875 0.0234375
0 0.17578125 0.12890625 0.11875 0.103125
0 0.39765625 0.05546875 0.0296875 0.025
0 0.49140625 0.946875 0.0296875 0.0265625
0 0.29921875 0.67421875 0.0296875 0.0265625
0 0.92890625 0.8890625 0.0453125 0.040625
0 0.85703125 0.959375 0.0359375 0.03125
0 0.8234375 0.8734375 0.03125 0.0265625
0 0.6859375 0.86171875 0.0484375 0.040625
0 0.67578125 0.83203125 0.0296875 0.025
0 0.09609375 0.1453125 0.1453125 0.125
0 0.25390625 0.040625 0.1546875 0.08125
0 0.4359375 0.05546875 0.1609375 0.1109375
0 0.5515625 0.0515625 0.1453125 0.103125
0 0.02734375 0.14609375 0.0546875 0.0921875