0 0.228125 0.134375 0.0296875 0.0265625
0 0.2296875 0.009375 0.028125 0.01875
0 0.8859375 0.01328125 0.034375 0.0265625
0 0.78515625 0.09140625 0.0296875 0.0265625
0 0.828125 0.259375 0.034375 0.03125
0 0.68515625 0.4890625 0.0484375 0.0453125
0 0.54296875 0.2484375 0.0265625 0.025
0 0.43984375 0.7765625 0.034375 0.03125
0 0.3328125 0.6734375 0.0484375 0.04375
0 0.375 0.6546875 0.040625 0.0359375
0 0.475 0.8078125 0.040625 0.0390625
0 0.390625 0.45078125 0.0296875 0.0265625
0 0.33671875 0.4671875 0.034375 0.03125
0 0.2859375 0.5 0.0265625 0.0265625
0 0.34609375 0.50703125 0.0296875 0.0265625
0 0.11171875 0.4484375 0.0515625 0.0484375
0 0.1625 0.3703125 0.0296875 0.0265625
0 0.1359375 0.334375 0.0265625 0.0265625
0 0.01328125 0.88671875 0.0265625 0.03125
0 0.1515625 0.56953125 0.0265625 0.0234375
0 0.2546875 0.6140625 0.03125 0.028125