0 0.834375 0.31484375 0.034375 0.0296875
0 0.5625 0.39921875 0.04375 0.0359375
0 0.02734375 0.9546875 0.0546875 0.065625
0 0.328125 0.78359375 0.04375 0.0390625
0 0.30625 0.9265625 0.0296875 0.025
0 0.0796875 0.6578125 0.03125 0.0265625
0 0.1078125 0.76171875 0.04375 0.0359375
0 0.07109375 0.796875 0.03125 0.0265625
0 0.0140625 0.85 0.028125 0.04375
0 0.1046875 0.4375 0.040625 0.034375
0 0.228125 0.58515625 0.03125 0.0265625
0 0.45078125 0.984375 0.04375 0.03125
0 0.73671875 0.61875 0.034375 0.028125
0 0.86875 0.68984375 0.03125 0.0265625
0 0.9078125 0.6890625 0.0359375 0.03125