0 0.19140625 0.16953125 0.0359375 0.0328125
0 0.26796875 0.0875 0.0265625 0.025
0 0.759375 0.47109375 0.0453125 0.040625
0 0.6265625 0.4953125 0.0484375 0.0453125
0 0.98515625 0.70390625 0.0296875 0.0359375
0 0.94921875 0.78359375 0.0890625 0.0828125
0 0.71171875 0.9671875 0.053125 0.0515625
0 0.725 0.8578125 0.0390625 0.0359375
0 0.7140625 0.9046875 0.0453125 0.04375
0 0.8234375 0.75625 0.0265625 0.025
0 0.7703125 0.64921875 0.0515625 0.0484375
0 0.73671875 0.6296875 0.0265625 0.0234375
0 0.56640625 0.5828125 0.0453125 0.04375
0 0.88359375 0.4703125 0.0390625 0.0359375
0 0.7984375 0.28125 0.03125 0.0296875
0 0.9203125 0.2640625 0.0515625 0.0453125
0 0.93515625 0.50859375 0.0359375 0.034375
0 0.709375 0.69609375 0.028125 0.0265625
0 0.68125 0.68359375 0.034375 0.03125
0 0.7953125 0.69453125 0.04375 0.040625
0 0.921875 0.64921875 0.0296875 0.0265625
0 0.37890625 0.53359375 0.0875 0.0796875
0 0.3328125 0.6765625 0.0625 0.0578125
0 0.36328125 0.7078125 0.034375 0.03125
0 0.5359375 0.671875 0.0796875 0.071875
0 0.60234375 0.28828125 0.03125 0.03125
0 0.58984375 0.353125 0.09375 0.0890625
0 0.0921875 0.7171875 0.03125 0.028125
0 0.41328125 0.93359375 0.040625 0.0359375
0 0.303125 0.9875 0.034375 0.025
0 0.59765625 0.91484375 0.053125 0.0484375
0 0.203125 0.93359375 0.0359375 0.034375
0 0.5046875 0.8921875 0.0828125 0.0765625