0 0.3125 0.87734375 0.0453125 0.04375
0 0.31953125 0.53984375 0.034375 0.034375
0 0.171875 0.5484375 0.0265625 0.0265625
0 0.5625 0.9328125 0.025 0.025
0 0.703125 0.9046875 0.053125 0.0515625
0 0.77265625 0.7125 0.034375 0.034375
0 0.80859375 0.82578125 0.03125 0.03125
0 0.8859375 0.20546875 0.09375 0.090625
0 0.415625 0.15859375 0.0265625 0.025
0 0.20703125 0.16953125 0.0265625 0.0265625
0 0.51953125 0.47265625 0.0296875 0.0296875
0 0.171875 0.14765625 0.0265625 0.025
0 0.1921875 0.46484375 0.03125 0.0296875
0 0.75703125 0.1734375 0.103125 0.0984375
0 0.4375 0.4046875 0.21875 0.2125
0 0.36328125 0.52734375 0.0265625 0.0265625
0 0.5015625 0.89453125 0.03125 0.03125
0 0.68984375 0.603125 0.0390625 0.0390625
0 0.48203125 0.0984375 0.34375 0.196875
0 0.14921875 0.38203125 0.1296875 0.125
0 0.04921875 0.38203125 0.0984375 0.11875