0 0.53515625 0.9625 0.0890625 0.075
0 0.4578125 0.91015625 0.0984375 0.0875
0 0.3796875 0.97578125 0.04375 0.0390625
0 0.08203125 0.93046875 0.034375 0.0296875
0 0.546875 0.884375 0.0390625 0.034375
0 0.5765625 0.8296875 0.028125 0.025
0 0.63203125 0.90859375 0.090625 0.0796875
0 0.86875 0.9390625 0.0484375 0.040625
0 0.265625 0.1109375 0.1328125 0.115625
0 0.35546875 0.21875 0.1234375 0.10625
0 0.44375 0.27421875 0.071875 0.0625
0 0.3140625 0.353125 0.275 0.2390625
0 0.1625 0.290625 0.325 0.3796875
0 0.1890625 0.03359375 0.115625 0.0671875
0 0.0421875 0.0828125 0.0484375 0.040625
0 0.04296875 0.40703125 0.0859375 0.0921875
0 0.27734375 0.571875 0.0296875 0.0265625
0 0.2859375 0.771875 0.0515625 0.04375
0 0.271875 0.7328125 0.0296875 0.0265625
0 0.40625 0.6453125 0.1546875 0.134375
0 0.56015625 0.77421875 0.065625 0.0578125
0 0.478125 0.80546875 0.0796875 0.0703125
0 0.3953125 0.834375 0.0546875 0.0484375
0 0.3296875 0.87265625 0.0609375 0.053125
0 0.2296875 0.9046875 0.03125 0.0296875
0 0.6875 0.6703125 0.10625 0.090625
0 0.58046875 0.6625 0.0890625 0.0765625
0 0.546875 0.584375 0.0765625 0.0671875
0 0.625 0.54921875 0.0625 0.05625
0 0.59375 0.58046875 0.0515625 0.04375
0 0.6359375 0.51953125 0.0796875 0.0703125
0 0.5765625 0.5171875 0.0390625 0.034375
0 0.6296875 0.43515625 0.090625 0.0796875
0 0.57109375 0.43125 0.0359375 0.03125
0 0.74765625 0.54921875 0.084375 0.075
0 0.94453125 0.80625 0.065625 0.0578125
0 0.875 0.8703125 0.0796875 0.0703125
0 0.84375 0.8234375 0.075 0.065625
0 0.7953125 0.86875 0.0875 0.075
0 0.67890625 0.86328125 0.0515625 0.0453125
0 0.671875 0.27734375 0.0890625 0.0765625
0 0.61875 0.33203125 0.059375 0.053125
0 0.5890625 0.24296875 0.103125 0.0890625
0 0.5421875 0.1890625 0.0859375 0.0765625
0 0.84140625 0.55546875 0.0765625 0.0671875
0 0.91015625 0.6140625 0.075 0.065625
0 0.9046875 0.7046875 0.09375 0.0828125
0 0.79453125 0.65390625 0.084375 0.075
0 0.83203125 0.7546875 0.0453125 0.040625
0 0.66015625 0.8109375 0.05625 0.0484375
0 0.7140625 0.74296875 0.03125 0.0265625
0 0.51171875 0.25390625 0.0609375 0.053125
0 0.4109375 0.17578125 0.0859375 0.0765625
0 0.47734375 0.134375 0.0703125 0.0625
0 0.4046875 0.09765625 0.0890625 0.0765625
0 0.8796875 0.1984375 0.10625 0.0921875
0 0.9703125 0.21484375 0.0484375 0.04375
0 0.84609375 0.3078125 0.0578125 0.0515625
0 0.8859375 0.2828125 0.0515625 0.04375
0 0.73046875 0.22578125 0.040625 0.0359375
0 0.74375 0.2921875 0.03125 0.0296875
0 0.61875 0.10234375 0.0515625 0.04375
0 0.8296875 0.071875 0.0453125 0.0390625
0 0.790625 0.08515625 0.03125 0.0265625
0 0.9015625 0.4015625 0.0453125 0.0390625
0 0.4546875 0.015625 0.05625 0.03125
0 0.64765625 0.0296875 0.0515625 0.0453125
0 0.8453125 0.0203125 0.0703125 0.040625
0 0.89765625 0.046875 0.0359375 0.03125
0 0.7203125 0.03125 0.0890625 0.0625
0 0.75859375 0.1 0.0390625 0.034375
0 0.865625 0.45703125 0.0390625 0.034375
0 0.16015625 0.75703125 0.0296875 0.0234375
0 0.290625 0.85234375 0.04375 0.0390625
0 0.84375 0.41796875 0.034375 0.0296875
0 0.928125 0.94453125 0.0296875 0.0265625
0 0.93984375 0.9109375 0.0484375 0.04375
0 0.740625 0.8890625 0.084375 0.071875
0 0.60078125 0.96640625 0.0484375 0.04375
0 0.50625 0.0625 0.2265625 0.125
0 0.37265625 0.03984375 0.0546875 0.0484375