0 0.0109375 0.75 0.021875 0.0265625
0 0.0140625 0.80078125 0.028125 0.0453125
0 0.1453125 0.97265625 0.04375 0.040625
0 0.10234375 0.94921875 0.0390625 0.0359375
0 0.11640625 0.91328125 0.0546875 0.053125
0 0.13359375 0.93984375 0.0265625 0.025
0 0.0609375 0.97109375 0.03125 0.0296875
0 0.0421875 0.8953125 0.04375 0.040625
0 0.08203125 0.83515625 0.0453125 0.04375
0 0.18359375 0.8765625 0.0625 0.0578125
0 0.19375 0.83671875 0.03125 0.03125
0 0.14296875 0.8453125 0.0359375 0.034375
0 0.13359375 0.7921875 0.03125 0.028125
0 0.053125 0.7546875 0.071875 0.0671875
0 0.06875 0.7859375 0.053125 0.0515625
0 0.18515625 0.68984375 0.1140625 0.10625
0 0.1140625 0.7015625 0.03125 0.028125
0 0.2015625 0.7515625 0.040625 0.0390625
0 0.15234375 0.765625 0.0265625 0.0265625
0 0.22265625 0.82109375 0.0515625 0.0484375
0 0.44921875 0.8859375 0.1015625 0.09375
0 0.6140625 0.95546875 0.04375 0.040625
0 0.34765625 0.80078125 0.0296875 0.0296875
0 0.27421875 0.8234375 0.0359375 0.034375
0 0.25859375 0.75 0.0390625 0.0359375
0 0.30625 0.65625 0.0578125 0.05625
0 0.28984375 0.68046875 0.0296875 0.0265625
0 0.36796875 0.6453125 0.0515625 0.0453125
0 0.484375 0.66953125 0.0296875 0.0265625
0 0.484375 0.740625 0.0453125 0.04375
0 0.55859375 0.74296875 0.0359375 0.034375
0 0.52421875 0.86640625 0.0578125 0.053125
0 0.58671875 0.87734375 0.034375 0.03125
0 0.5609375 0.921875 0.0796875 0.075
0 0.603125 0.75703125 0.0390625 0.0359375
0 0.5953125 0.77734375 0.05625 0.053125
0 0.5484375 0.81953125 0.0625 0.059375
0 0.53359375 0.678125 0.0265625 0.025
0 0.5890625 0.71640625 0.0390625 0.0359375
0 0.61796875 0.61875 0.1640625 0.1515625
0 0.2515625 0.5265625 0.04375 0.040625
0 0.1703125 0.50390625 0.0828125 0.0765625
0 0.078125 0.51171875 0.03125 0.0296875
0 0.2796875 0.446875 0.0453125 0.040625
0 0.265625 0.41015625 0.04375 0.040625
0 0.36875 0.42578125 0.0625 0.0609375
0 0.5109375 0.44921875 0.0921875 0.084375
0 0.36171875 0.4703125 0.0328125 0.03125
0 0.33515625 0.459375 0.034375 0.03125
0 0.375 0.48671875 0.0453125 0.04375
0 0.4046875 0.7828125 0.040625 0.0390625
0 0.290625 0.78359375 0.0609375 0.0578125
0 0.2453125 0.584375 0.053125 0.0484375
0 0.2125 0.55546875 0.0765625 0.0703125
0 0.51953125 0.5828125 0.05625 0.0515625
0 0.6890625 0.475 0.0265625 0.025
0 0.76171875 0.475 0.0609375 0.0578125
0 0.76328125 0.5734375 0.0625 0.059375
0 0.74765625 0.65234375 0.05625 0.053125
0 0.7390625 0.6921875 0.03125 0.028125
0 0.70703125 0.78984375 0.0296875 0.0296875
0 0.81953125 0.6765625 0.0453125 0.04375
0 0.83203125 0.7609375 0.0296875 0.0265625
0 0.86171875 0.8453125 0.09375 0.0890625
0 0.69609375 0.87890625 0.028125 0.0296875
0 0.94921875 0.890625 0.034375 0.03125
0 0.9546875 0.95703125 0.0359375 0.034375
0 0.85234375 0.90390625 0.0296875 0.0265625
0 0.97578125 0.171875 0.0484375 0.0515625
0 0.8421875 0.09765625 0.0515625 0.0484375
0 0.8390625 0.13203125 0.0359375 0.034375
0 0.88828125 0.02265625 0.0828125 0.0453125
0 0.80546875 0.2953125 0.04375 0.0390625
0 0.74296875 0.26328125 0.1140625 0.10625
0 0.72734375 0.1296875 0.034375 0.03125
0 0.74765625 0.02890625 0.0765625 0.0578125
0 0.54296875 0.115625 0.0828125 0.0765625
0 0.4484375 0.38359375 0.071875 0.0671875
0 0.69921875 0.36171875 0.03125 0.0296875
0 0.43515625 0.2796875 0.1921875 0.1796875
0 0.2546875 0.265625 0.09375 0.0875
0 0.37265625 0.1359375 0.04375 0.0375
0 0.375 0.07421875 0.04375 0.040625
0 0.25390625 0.07109375 0.0296875 0.0265625
0 0.27265625 0.0265625 0.034375 0.03125
0 0.42421875 0.09140625 0.0578125 0.05625
0 0.1046875 0.27734375 0.034375 0.03125
0 0.0609375 0.27265625 0.0359375 0.034375
0 0.60234375 0.4640625 0.053125 0.0515625
0 0.6203125 0.50859375 0.0671875 0.0625
0 0.6296875 0.05390625 0.0515625 0.0484375
0 0.33515625 0.0296875 0.0890625 0.059375
0 0.6453125 0.14765625 0.028125 0.0265625
0 0.26953125 0.11640625 0.0453125 0.040625
0 0.0671875 0.02265625 0.0265625 0.0265625
0 0.36875 0.68515625 0.0484375 0.04375
0 0.0828125 0.1046875 0.0359375 0.03125