0 0.10546875 0.39375 0.2109375 0.303125
0 0.5109375 0.88828125 0.0296875 0.0296875
0 0.44453125 0.86640625 0.03125 0.0296875
0 0.44375 0.9828125 0.040625 0.034375
0 0.4 0.915625 0.03125 0.03125
0 0.790625 0.7875 0.03125 0.03125
0 0.92578125 0.8109375 0.0359375 0.0359375
0 0.93359375 0.86640625 0.034375 0.03125
0 0.89921875 0.90234375 0.0296875 0.0265625
0 0.91328125 0.92890625 0.0359375 0.034375
0 0.88671875 0.96640625 0.0390625 0.0390625
0 0.8296875 0.9546875 0.0296875 0.0265625
0 0.834375 0.93046875 0.025 0.025
0 0.86796875 0.93046875 0.04375 0.040625
0 0.8015625 0.63359375 0.05625 0.053125
0 0.62265625 0.65390625 0.03125 0.028125
0 0.7078125 0.7515625 0.034375 0.03125
0 0.65390625 0.73203125 0.0359375 0.034375
0 0.6828125 0.89765625 0.1953125 0.1875
0 0.7875 0.8328125 0.1953125 0.1875
0 0.32421875 0.8171875 0.165625 0.1609375
0 0.29453125 0.74296875 0.09375 0.090625
0 0.1921875 0.68046875 0.1 0.0984375
0 0.10703125 0.7140625 0.03125 0.028125
0 0.1109375 0.7453125 0.05625 0.053125
0 0.0484375 0.709375 0.0578125 0.05625
0 0.0515625 0.740625 0.0296875 0.0265625
0 0.04453125 0.6765625 0.04375 0.040625
0 0.0359375 0.84140625 0.034375 0.034375
0 0.3296875 0.64453125 0.0390625 0.0359375
0 0.3375 0.5109375 0.0671875 0.065625
0 0.4484375 0.484375 0.034375 0.034375
0 0.45546875 0.521875 0.190625 0.1828125
0 0.140625 0.5421875 0.040625 0.0390625
0 0.14765625 0.56953125 0.04375 0.040625
0 0.1625 0.609375 0.0296875 0.0265625
0 0.509375 0.6390625 0.096875 0.09375
0 0.52734375 0.38828125 0.0671875 0.0640625
0 0.02421875 0.08984375 0.040625 0.040625
0 0.08671875 0.21640625 0.1734375 0.2125
0 0.13828125 0.0734375 0.0875 0.0828125
0 0.10546875 0.12734375 0.1296875 0.125
0 0.04921875 0.040625 0.0984375 0.08125
0 0.1296875 0.01796875 0.0609375 0.0359375
0 0.69609375 0.2765625 0.0890625 0.0859375
0 0.93515625 0.21640625 0.0296875 0.0296875
0 0.8484375 0.03828125 0.0296875 0.0265625
0 0.9703125 0.03125 0.0265625 0.0265625