0 0.8421875 0.10546875 0.025 0.025
0 0.7125 0.240625 0.075 0.071875
0 0.4625 0.15390625 0.04375 0.040625
0 0.58515625 0.03828125 0.04375 0.040625
0 0.515625 0.05546875 0.034375 0.03125
0 0.4421875 0.04453125 0.0484375 0.0453125
0 0.43984375 0.00859375 0.034375 0.0171875
0 0.36875 0.2046875 0.0359375 0.0359375
0 0.30546875 0.22109375 0.034375 0.03125
0 0.3859375 0.27734375 0.0265625 0.0265625
0 0.334375 0.3140625 0.0234375 0.0234375
0 0.18984375 0.27265625 0.075 0.071875
0 0.1984375 0.071875 0.034375 0.03125
0 0.05078125 0.0171875 0.040625 0.034375
0 0.05625 0.56015625 0.0328125 0.03125
0 0.115625 0.5203125 0.0265625 0.0265625
0 0.14296875 0.26796875 0.0296875 0.0296875
0 0.13671875 0.28984375 0.0296875 0.0265625
0 0.225 0.65625 0.1515625 0.146875
0 0.13203125 0.82109375 0.05625 0.053125
0 0.06640625 0.77890625 0.1328125 0.1453125
0 0.0640625 0.65859375 0.0265625 0.025
0 0.421875 0.7671875 0.2859375 0.2765625
0 0.47109375 0.88359375 0.0484375 0.0453125
0 0.42890625 0.93046875 0.034375 0.034375
0 0.41328125 0.959375 0.04375 0.040625
0 0.296875 0.8859375 0.1609375 0.1546875
0 0.5640625 0.84609375 0.04375 0.04375
0 0.53984375 0.88359375 0.059375 0.0578125
0 0.3859375 0.61328125 0.065625 0.0625
0 0.4 0.38828125 0.0359375 0.0328125
0 0.7859375 0.63203125 0.0484375 0.0453125
0 0.81953125 0.3421875 0.0453125 0.04375
0 0.81640625 0.2921875 0.0296875 0.0265625
0 0.7453125 0.3140625 0.065625 0.0625
0 0.5171875 0.9734375 0.040625 0.040625
0 0.759375 0.8296875 0.1390625 0.1328125
0 0.7875 0.9265625 0.0765625 0.075
0 0.8796875 0.8765625 0.1109375 0.10625
0 0.9 0.91796875 0.1390625 0.1328125
0 0.73828125 0.95859375 0.0859375 0.0828125
0 0.6421875 0.93984375 0.0796875 0.0765625
0 0.5890625 0.91796875 0.034375 0.034375
0 0.58984375 0.82421875 0.2 0.1921875
0 0.8765625 0.72109375 0.03125 0.028125
0 0.96484375 0.4375 0.0703125 0.071875
0 0.94921875 0.39453125 0.0359375 0.034375
0 0.16953125 0.2875 0.1078125 0.103125
0 0.61328125 0.453125 0.0609375 0.0578125
0 0.61171875 0.2171875 0.0390625 0.0359375