0 0.1515625 0.4171875 0.303125 0.553125
0 0.1109375 0.86171875 0.0296875 0.0296875
0 0.5515625 0.80625 0.0515625 0.0484375
0 0.646875 0.96875 0.0578125 0.0578125
0 0.75859375 0.7875 0.0984375 0.0984375
0 0.76953125 0.86328125 0.03125 0.03125
0 0.696875 0.87890625 0.084375 0.084375
0 0.953125 0.77421875 0.034375 0.034375
0 0.9890625 0.60546875 0.021875 0.0265625
0 0.94453125 0.615625 0.04375 0.04375
0 0.88828125 0.23828125 0.034375 0.034375
0 0.93046875 0.0671875 0.025 0.025
0 0.921875 0.15234375 0.084375 0.084375
0 0.97734375 0.07109375 0.0453125 0.0484375
0 0.84609375 0.01796875 0.065625 0.0359375
0 0.5765625 0.05546875 0.1375 0.1109375
0 0.7359375 0.0609375 0.0890625 0.0890625
0 0.671875 0.084375 0.0265625 0.0265625
0 0.0984375 0.046875 0.034375 0.034375
0 0.303125 0.01953125 0.0328125 0.034375
0 0.26171875 0.01953125 0.040625 0.0390625
0 0.26953125 0.109375 0.0921875 0.0890625
0 0.21875 0.0640625 0.2359375 0.128125
0 0.68359375 0.2234375 0.2578125 0.2578125