0 0.2609375 0.9171875 0.0359375 0.0359375
0 0.2953125 0.96171875 0.0765625 0.0765625
0 0.38125 0.91796875 0.0453125 0.0453125
0 0.353125 0.90859375 0.0390625 0.0390625
0 0.1609375 0.66328125 0.0515625 0.0515625
0 0.12734375 0.82578125 0.2546875 0.2828125
0 0.15859375 0.571875 0.0515625 0.0515625
0 0.55078125 0.9359375 0.040625 0.040625
0 0.615625 0.9875 0.03125 0.025
0 0.6921875 0.89921875 0.0265625 0.025
0 0.6875 0.8328125 0.0390625 0.0390625
0 0.709375 0.79453125 0.0453125 0.0453125
0 0.6578125 0.78828125 0.0265625 0.0234375
0 0.63203125 0.8171875 0.065625 0.0625
0 0.5796875 0.77421875 0.05625 0.053125
0 0.92890625 0.93359375 0.0484375 0.0453125
0 0.6421875 0.921875 0.040625 0.0390625
0 0.5765625 0.6578125 0.0484375 0.0484375
0 0.75 0.5359375 0.18125 0.178125
0 0.62109375 0.490625 0.1453125 0.1421875
0 0.678125 0.5421875 0.053125 0.053125
0 0.6671875 0.59609375 0.065625 0.065625
0 0.89453125 0.61640625 0.134375 0.134375
0 0.47578125 0.44140625 0.0265625 0.0265625
0 0.52421875 0.4203125 0.1515625 0.15
0 0.51328125 0.33203125 0.0296875 0.0296875
0 0.4671875 0.33046875 0.0578125 0.0578125
0 0.2515625 0.37734375 0.0328125 0.0328125
0 0.33203125 0.453125 0.2171875 0.2140625
0 0.25703125 0.28984375 0.0484375 0.0484375
0 0.396875 0.30859375 0.040625 0.040625
0 0.31875 0.66328125 0.053125 0.0515625
0 0.67578125 0.3234375 0.0578125 0.0578125
0 0.67578125 0.38671875 0.125 0.1234375
0 0.8109375 0.34140625 0.1953125 0.1890625
0 0.63359375 0.28828125 0.1375 0.134375
0 0.6515625 0.21015625 0.0546875 0.05625
0 0.921875 0.30078125 0.034375 0.034375
0 0.275 0.2359375 0.0265625 0.025
0 0.51171875 0.27890625 0.084375 0.084375
0 0.9703125 0.34140625 0.0265625 0.0265625
0 0.94453125 0.46640625 0.034375 0.034375
0 0.87734375 0.2328125 0.040625 0.040625
0 0.9125 0.10078125 0.0265625 0.0265625
0 0.96171875 0.1453125 0.0515625 0.0515625
0 0.821875 0.2046875 0.0703125 0.0671875
0 0.81015625 0.05546875 0.090625 0.0921875
0 0.82421875 0.1046875 0.09375 0.0921875
0 0.7390625 0.1609375 0.0453125 0.04375
0 0.6984375 0.209375 0.04375 0.04375
0 0.646875 0.134375 0.0515625 0.0484375
0 0.1546875 0.13671875 0.0515625 0.0484375
0 0.015625 0.18046875 0.03125 0.0328125
0 0.03359375 0.209375 0.034375 0.03125
0 0.10703125 0.3171875 0.025 0.0234375
0 0.18984375 0.27734375 0.040625 0.040625
0 0.04453125 0.48046875 0.0890625 0.0984375
0 0.015625 0.33984375 0.0265625 0.0265625
0 0.03515625 0.34140625 0.0703125 0.115625
0 0.36171875 0.03984375 0.0296875 0.0296875
0 0.38828125 0.1890625 0.1765625 0.1703125
0 0.28125 0.1703125 0.0390625 0.0390625