0 0.9546875 0.30078125 0.0390625 0.03125
0 0.56484375 0.9171875 0.0484375 0.0390625
0 0.3453125 0.609375 0.0390625 0.03125
0 0.2875 0.44921875 0.0328125 0.0265625
0 0.3640625 0.3328125 0.1421875 0.115625
0 0.1578125 0.97734375 0.053125 0.04375
0 0.24375 0.21875 0.03125 0.0265625
0 0.35234375 0.196875 0.03125 0.025
0 0.446875 0.19921875 0.084375 0.0671875
0 0.45546875 0.25625 0.03125 0.0265625
0 0.49609375 0.2859375 0.0578125 0.0453125
0 0.39296875 0.06953125 0.034375 0.0265625
0 0.7828125 0.009375 0.0375 0.01875
0 0.7953125 0.0359375 0.0390625 0.03125
0 0.53359375 0.25 0.0359375 0.0296875
0 0.49609375 0.225 0.0453125 0.0359375
0 0.87265625 0.109375 0.040625 0.034375
0 0.88828125 0.29453125 0.05625 0.0453125
0 0.84140625 0.0953125 0.0390625 0.03125
0 0.65 0.06484375 0.03125 0.025
0 0.928125 0.31953125 0.05625 0.04375