0 0.3453125 0.0328125 0.0296875 0.0265625
0 0.52890625 0.01171875 0.0265625 0.0234375
0 0.61171875 0.1140625 0.0453125 0.04375
0 0.6515625 0.1296875 0.028125 0.0296875
0 0.9703125 0.40859375 0.0265625 0.025
0 0.81640625 0.3140625 0.0296875 0.0296875
0 0.828125 0.234375 0.0265625 0.025
0 0.9625 0.26953125 0.0265625 0.025
0 0.8796875 0.01328125 0.0265625 0.0265625
0 0.92421875 0.87265625 0.0296875 0.0265625
0 0.76171875 0.6078125 0.0265625 0.025
0 0.64921875 0.56484375 0.028125 0.028125
0 0.56484375 0.4171875 0.0265625 0.025
0 0.5 0.61171875 0.0265625 0.025
0 0.52421875 0.6734375 0.034375 0.03125
0 0.44453125 0.89765625 0.0359375 0.034375
0 0.24765625 0.38671875 0.03125 0.0296875
0 0.17890625 0.42578125 0.03125 0.0296875
0 0.15859375 0.45546875 0.0359375 0.034375
0 0.146875 0.43125 0.0265625 0.0265625
0 0.3578125 0.50625 0.0453125 0.04375
0 0.2453125 0.6921875 0.034375 0.03125
0 0.1234375 0.09140625 0.034375 0.034375
0 0.9671875 0.9890625 0.0265625 0.021875
0 0.5 0.82578125 0.034375 0.03125