0 0.0015625 0.00234375 0.003125 0.003125
0 0.16484375 0.02265625 0.0625 0.0453125
0 0.10078125 0.0640625 0.0671875 0.05625
0 0.2609375 0.08515625 0.053125 0.04375
0 0.2015625 0.13125 0.0296875 0.025
0 0.11875 0.16015625 0.040625 0.034375
0 0.140625 0.19609375 0.071875 0.0609375
0 0.0109375 0.49609375 0.021875 0.025
0 0.115625 0.4953125 0.071875 0.0609375
0 0.03125 0.3796875 0.05625 0.0453125
0 0.0296875 0.42734375 0.059375 0.0515625
0 0.36328125 0.19375 0.0390625 0.03125
0 0.375 0.2609375 0.0765625 0.065625
0 0.41953125 0.29921875 0.0453125 0.0390625
0 0.37109375 0.41015625 0.0390625 0.03125
0 0.26171875 0.5984375 0.0453125 0.0390625
0 0.1671875 0.77265625 0.0453125 0.0390625
0 0.19375 0.84609375 0.0453125 0.0390625
0 0.2984375 0.8421875 0.040625 0.034375
0 0.58046875 0.60546875 0.075 0.0625
0 0.45703125 0.646875 0.0578125 0.0484375
0 0.3125 0.61328125 0.075 0.0609375
0 0.25859375 0.6578125 0.05625 0.0453125
0 0.0625 0.6859375 0.0453125 0.0359375
0 0.52421875 0.6390625 0.084375 0.0703125
0 0.4828125 0.728125 0.053125 0.04375
0 0.41953125 0.72109375 0.0640625 0.053125
0 0.4390625 0.76328125 0.040625 0.034375
0 0.39453125 0.77421875 0.0609375 0.0484375
0 0.478125 0.796875 0.053125 0.04375
0 0.42578125 0.83515625 0.0390625 0.03125
0 0.54921875 0.734375 0.053125 0.04375
0 0.52734375 0.69453125 0.053125 0.04375
0 0.6265625 0.6625 0.0359375 0.03125
0 0.43359375 0.35078125 0.040625 0.034375
0 0.24140625 0.2078125 0.0625 0.053125
0 0.1859375 0.22265625 0.0703125 0.0578125
0 0.21015625 0.1703125 0.0359375 0.0296875
0 0.66953125 0.4328125 0.084375 0.0703125
0 0.7765625 0.57109375 0.0671875 0.0546875
0 0.19140625 0.39765625 0.0609375 0.0515625
0 0.72734375 0.2984375 0.04375 0.0359375
0 0.65390625 0.36171875 0.0578125 0.0484375
0 0.78984375 0.09375 0.0359375 0.0296875
0 0.4234375 0.16953125 0.0453125 0.0390625
0 0.57578125 0.08984375 0.0453125 0.0390625
0 0.478125 0.98046875 0.05625 0.0390625
0 0.5765625 0.94140625 0.065625 0.05625
0 0.6140625 0.890625 0.075 0.0625
0 0.45546875 0.94375 0.05625 0.0453125
0 0.1109375 0.9171875 0.0359375 0.03125
0 0.8765625 0.928125 0.05625 0.0453125