0 0.24375 0.509375 0.43125 0.4234375
0 0.39765625 0.0890625 0.0359375 0.034375
0 0.9578125 0.0203125 0.034375 0.034375
0 0.828125 0.02265625 0.0390625 0.0390625
0 0.00234375 0.00234375 0.0015625 0.0015625
0 0.7875 0.8578125 0.0484375 0.0453125
0 0.85234375 0.8796875 0.128125 0.125
0 0.83203125 0.80859375 0.034375 0.034375
0 0.4421875 0.8421875 0.0359375 0.0359375
0 0.44140625 0.68359375 0.11875 0.115625
0 0.73046875 0.55546875 0.0390625 0.0359375
0 0.69609375 0.56484375 0.028125 0.028125
0 0.6875 0.5875 0.025 0.025
0 0.72578125 0.5203125 0.0234375 0.0234375
0 0.49375 0.45546875 0.03125 0.03125
0 0.265625 0.48203125 0.034375 0.034375
0 0.0515625 0.421875 0.0359375 0.0359375
0 0.65625 0.74609375 0.0890625 0.0890625
0 0.92890625 0.51796875 0.0890625 0.0875