0 0.7921875 0.884375 0.10625 0.0984375
0 0.75 0.9171875 0.0515625 0.0453125
0 0.9046875 0.884375 0.0296875 0.0265625
0 0.61171875 0.85234375 0.0390625 0.0359375
0 0.59375 0.93125 0.034375 0.03125
0 0.7125 0.4125 0.028125 0.0265625
0 0.70546875 0.51796875 0.0265625 0.025
0 0.43515625 0.30078125 0.03125 0.0296875
0 0.2921875 0.50234375 0.040625 0.0390625
0 0.2296875 0.48671875 0.034375 0.03125
0 0.11875 0.76796875 0.0328125 0.03125
0 0.853125 0.228125 0.03125 0.0296875
0 0.78984375 0.23828125 0.04375 0.0390625
0 0.4828125 0.37265625 0.0515625 0.0453125