0 0.0796875 0.96484375 0.040625 0.0390625
0 0.06640625 0.8453125 0.0296875 0.0265625
0 0.09375 0.87109375 0.0296875 0.0296875
0 0.01953125 0.8921875 0.0390625 0.0484375
0 0.00078125 0.00234375 0.0015625 0.0015625
0 0.50703125 0.91953125 0.0609375 0.0609375
0 0.3171875 0.7796875 0.0390625 0.0390625
0 0.15859375 0.70078125 0.1421875 0.1375
0 0.07109375 0.73046875 0.03125 0.03125
0 0.01953125 0.5984375 0.0390625 0.0484375
0 0.23671875 0.8109375 0.0265625 0.025
0 0.11328125 0.78515625 0.0296875 0.0296875
0 0.27890625 0.9515625 0.0390625 0.0390625
0 0.93671875 0.98984375 0.0296875 0.0203125
0 0.94921875 0.72109375 0.0296875 0.028125
0 0.9671875 0.77734375 0.0296875 0.0296875
0 0.94921875 0.8140625 0.05625 0.053125
0 0.87734375 0.61796875 0.10625 0.103125
0 0.41328125 0.3171875 0.040625 0.0390625
0 0.33671875 0.45078125 0.03125 0.03125
0 0.2953125 0.475 0.053125 0.0515625
0 0.2296875 0.5671875 0.0453125 0.0453125
0 0.7140625 0.80625 0.03125 0.028125
0 0.48046875 0.84375 0.034375 0.034375
0 0.5359375 0.8484375 0.028125 0.0296875
0 0.61796875 0.88203125 0.0265625 0.0265625
0 0.6546875 0.9015625 0.0265625 0.025
0 0.79921875 0.890625 0.0265625 0.0265625
0 0.56640625 0.7671875 0.2625 0.2546875
0 0.51171875 0.53125 0.034375 0.03125
0 0.80390625 0.509375 0.03125 0.03125
0 0.6046875 0.775 0.03125 0.028125
0 0.8078125 0.31953125 0.03125 0.03125
0 0.321875 0.6296875 0.2515625 0.2453125
0 0.96484375 0.06640625 0.0671875 0.0671875
0 0.9578125 0.14453125 0.0796875 0.0765625
0 0.715625 0.05859375 0.134375 0.1171875
0 0.5046875 0.015625 0.0390625 0.03125
0 0.415625 0.16484375 0.0328125 0.0328125
0 0.4046875 0.18984375 0.0265625 0.0265625
0 0.41953125 0.2203125 0.04375 0.040625
0 0.27734375 0.2234375 0.0296875 0.0296875
0 0.49375 0.1671875 0.084375 0.0828125
0 0.1765625 0.5640625 0.03125 0.028125
0 0.12734375 0.52890625 0.0390625 0.0390625
0 0.0671875 0.56640625 0.0359375 0.0359375
0 0.1421875 0.6109375 0.1140625 0.1109375
0 0.18984375 0.17578125 0.03125 0.0296875
0 0.1671875 0.134375 0.0453125 0.0453125
0 0.13359375 0.19375 0.0484375 0.0484375
0 0.0921875 0.15859375 0.040625 0.040625
0 0.12890625 0.13203125 0.03125 0.03125
0 0.1359375 0.025 0.034375 0.03125
0 0.30078125 0.05859375 0.025 0.025
0 0.328125 0.040625 0.03125 0.03125
0 0.359375 0.03828125 0.0296875 0.0296875