0 0.2015625 0.4890625 0.2625 0.25
0 0.953125 0.19609375 0.034375 0.03125
0 0.821875 0.3421875 0.128125 0.1234375
0 0.859375 0.4234375 0.034375 0.03125
0 0.7921875 0.46875 0.028125 0.0296875
0 0.921875 0.4671875 0.03125 0.03125
0 0.56875 0.6 0.0265625 0.025
0 0.49140625 0.803125 0.0265625 0.025
0 0.9203125 0.4421875 0.03125 0.03125
0 0.37734375 0.5796875 0.03125 0.028125
0 0.3734375 0.55390625 0.0265625 0.0265625
0 0.48203125 0.609375 0.0296875 0.0296875
0 0.5890625 0.91953125 0.0390625 0.0359375
0 0.734375 0.8265625 0.0453125 0.04375
0 0.6578125 0.803125 0.0390625 0.0359375
0 0.4484375 0.609375 0.0359375 0.034375
0 0.07109375 0.25 0.0265625 0.0265625
0 0.01328125 0.12109375 0.0265625 0.0359375
0 0.54296875 0.06953125 0.1546875 0.1390625
0 0.9 0.084375 0.03125 0.028125
0 0.89765625 0.10546875 0.0359375 0.034375
0 0.6421875 0.9796875 0.034375 0.03125
0 0.515625 0.7828125 0.1515625 0.1453125
0 0.390625 0.8296875 0.0359375 0.0359375
0 0.475 0.8609375 0.0296875 0.0265625
0 0.9703125 0.275 0.034375 0.03125
0 0.92578125 0.9125 0.0390625 0.0390625
0 0.9640625 0.4953125 0.0265625 0.0265625
0 0.49765625 0.35703125 0.0265625 0.0234375
0 0.984375 0.63203125 0.03125 0.028125
0 0.7953125 0.79296875 0.0359375 0.034375
0 0.3734375 0.3453125 0.053125 0.0515625
0 0.2296875 0.63359375 0.034375 0.03125
0 0.08984375 0.86171875 0.0625 0.0609375
0 0.29296875 0.21640625 0.0828125 0.0796875
0 0.37734375 0.19140625 0.0328125 0.03125
0 0.2171875 0.1875 0.04375 0.040625
0 0.1625 0.23203125 0.0515625 0.0484375
0 0.38671875 0.05390625 0.134375 0.1078125
0 0.18125 0.03828125 0.04375 0.040625
0 0.0875 0.08515625 0.175 0.1703125
0 0.01171875 0.16015625 0.0234375 0.0390625
0 0.84375 0.0421875 0.0609375 0.0578125
0 0.98203125 0.13671875 0.0359375 0.040625
0 0.8421875 0.13125 0.0671875 0.0625
0 0.7953125 0.16796875 0.0578125 0.05625