0 0.14453125 0.6890625 0.2890625 0.3375
0 0.34375 0.93359375 0.0390625 0.0390625
0 0.40390625 0.93984375 0.0328125 0.034375
0 0.390625 0.9625 0.040625 0.040625
0 0.30390625 0.91015625 0.0703125 0.0703125
0 0.3953125 0.78125 0.0453125 0.0453125
0 0.8296875 0.8953125 0.0578125 0.0578125
0 0.85234375 0.9359375 0.034375 0.034375
0 0.04296875 0.8984375 0.0859375 0.128125
0 0.0890625 0.7453125 0.0359375 0.0359375
0 0.0625 0.49609375 0.0703125 0.0703125
0 0.10078125 0.4625 0.025 0.025
0 0.18046875 0.46484375 0.0265625 0.0265625
0 0.13203125 0.53125 0.0453125 0.0453125
0 0.28359375 0.7390625 0.04375 0.04375
0 0.4890625 0.6515625 0.0359375 0.0359375
0 0.36875 0.59375 0.0578125 0.0578125
0 0.34375 0.56640625 0.0265625 0.0265625
0 0.353125 0.51328125 0.0765625 0.0765625
0 0.26171875 0.4734375 0.03125 0.03125
0 0.2390625 0.5140625 0.065625 0.0625
0 0.25234375 0.41015625 0.0296875 0.0296875
0 0.2453125 0.43515625 0.0453125 0.0453125
0 0.2953125 0.4234375 0.04375 0.04375
0 0.421875 0.4171875 0.0453125 0.0453125
0 0.47734375 0.396875 0.025 0.025
0 0.49296875 0.45078125 0.0484375 0.0484375
0 0.3546875 0.66015625 0.065625 0.065625
0 0.453125 0.75703125 0.0484375 0.0484375
0 0.38359375 0.41484375 0.0859375 0.0859375
0 0.26171875 0.32109375 0.040625 0.040625
0 0.209375 0.34375 0.04375 0.04375
0 0.3078125 0.375 0.0859375 0.0875
0 0.43125 0.47265625 0.040625 0.040625
0 0.39921875 0.4828125 0.0234375 0.025
0 0.57421875 0.4890625 0.03125 0.03125
0 0.58203125 0.49609375 0.125 0.125
0 0.47734375 0.509375 0.0796875 0.0796875
0 0.615625 0.3859375 0.0515625 0.0515625
0 0.5375 0.3109375 0.0453125 0.0453125
0 0.63671875 0.26328125 0.03125 0.03125
0 0.86328125 0.396875 0.0796875 0.0796875
0 0.859375 0.52890625 0.025 0.025
0 0.946875 0.5765625 0.084375 0.084375
0 0.40859375 0.6265625 0.034375 0.034375
0 0.43515625 0.6546875 0.0578125 0.0578125
0 0.46484375 0.6921875 0.053125 0.053125
0 0.5484375 0.634375 0.028125 0.028125
0 0.54296875 0.678125 0.0703125 0.0703125
0 0.5515625 0.7140625 0.059375 0.059375
0 0.6234375 0.7953125 0.0453125 0.0453125
0 0.45546875 0.8609375 0.0703125 0.0703125
0 0.51171875 0.77421875 0.11875 0.11875
0 0.63671875 0.7015625 0.11875 0.11875
0 0.62109375 0.61875 0.103125 0.103125
0 0.00234375 0.00234375 0.0015625 0.0015625
0 0.31953125 0.8859375 0.2328125 0.228125
0 0.740625 0.4203125 0.034375 0.034375
0 0.9109375 0.18515625 0.03125 0.03125
0 0.64453125 0.0203125 0.0671875 0.040625
0 0.47578125 0.009375 0.0265625 0.01875
0 0.4578125 0.03515625 0.0390625 0.0390625
0 0.37265625 0.03359375 0.0453125 0.0453125
0 0.37265625 0.15 0.03125 0.03125
0 0.553125 0.0984375 0.0359375 0.0359375
0 0.54921875 0.1453125 0.034375 0.0328125
0 0.53359375 0.1703125 0.025 0.025
0 0.48828125 0.21015625 0.034375 0.034375
0 0.4125 0.28359375 0.0609375 0.0609375
0 0.21171875 0.2203125 0.0578125 0.0578125
0 0.2234375 0.18046875 0.075 0.075
0 0.103125 0.084375 0.1078125 0.1078125
0 0.09140625 0.01953125 0.0484375 0.0390625
0 0.146875 0.01796875 0.04375 0.0359375
0 0.0203125 0.1625 0.040625 0.053125
0 0.0328125 0.20546875 0.0234375 0.025
0 0.03984375 0.23203125 0.0359375 0.0359375
0 0.103125 0.23671875 0.03125 0.03125
0 0.13671875 0.296875 0.0359375 0.0359375
0 0.1546875 0.259375 0.0296875 0.0265625
0 0.2609375 0.08046875 0.0234375 0.025
0 0.2234375 0.09765625 0.025 0.025
0 0.2265625 0.0140625 0.028125 0.028125
0 0.21875 0.06875 0.0703125 0.0703125
0 0.6140625 0.18984375 0.1296875 0.1296875
0 0.65859375 0.18359375 0.0265625 0.0265625
0 0.3109375 0.0421875 0.0953125 0.084375
0 0.88203125 0.25234375 0.0984375 0.0984375
0 0.76796875 0.60078125 0.346875 0.346875