0 0.18125 0.14921875 0.3625 0.2984375
0 0.7765625 0.04453125 0.0359375 0.034375
0 0.76328125 0.02421875 0.0265625 0.025
0 0.42421875 0.078125 0.0265625 0.025
0 0.85234375 0.38203125 0.03125 0.03125
0 0.646875 0.3125 0.028125 0.0265625
0 0.5953125 0.3296875 0.0359375 0.0328125
0 0.5984375 0.2390625 0.028125 0.0265625
0 0.8328125 0.4484375 0.0265625 0.025
0 0.39453125 0.5921875 0.040625 0.0390625
0 0.30859375 0.61796875 0.040625 0.0390625
0 0.08203125 0.5875 0.0265625 0.0265625
0 0.209375 0.50703125 0.0328125 0.03125
0 0.23828125 0.34375 0.1453125 0.1375
0 0.03828125 0.1875 0.0484375 0.0453125
0 0.025 0.1453125 0.05 0.071875
0 0.3890625 0.415625 0.0265625 0.025
0 0.1890625 0.6984375 0.034375 0.034375
0 0.1234375 0.765625 0.0453125 0.04375
0 0.5890625 0.97265625 0.0359375 0.034375
0 0.4125 0.7984375 0.0265625 0.025
0 0.5515625 0.271875 0.1640625 0.15625