0 0.0484375 0.49765625 0.096875 0.1328125
0 0.140625 0.40390625 0.0265625 0.0234375
0 0.146875 0.4234375 0.0328125 0.03125
0 0.13828125 0.5265625 0.0796875 0.075
0 0.05078125 0.75625 0.0359375 0.034375
0 0.31484375 0.7515625 0.09375 0.0875
0 0.2609375 0.7078125 0.0578125 0.053125
0 0.1703125 0.73203125 0.0484375 0.0453125
0 0.19921875 0.821875 0.03125 0.03125
0 0.36640625 0.93515625 0.03125 0.0296875
0 0.3734375 0.70078125 0.0296875 0.0265625
0 0.34609375 0.70078125 0.03125 0.03125
0 0.39765625 0.7359375 0.0265625 0.0265625
0 0.41015625 0.76328125 0.0265625 0.0265625
0 0.4625 0.72109375 0.0390625 0.0359375
0 0.5875 0.74765625 0.05625 0.053125
0 0.55390625 0.73203125 0.0546875 0.053125
0 0.61796875 0.6890625 0.0265625 0.0265625
0 0.66015625 0.821875 0.0515625 0.0453125
0 0.62265625 0.88125 0.0359375 0.034375
0 0.4984375 0.9484375 0.028125 0.0296875
0 0.2546875 0.9234375 0.05625 0.053125
0 0.1609375 0.803125 0.0296875 0.0265625
0 0.15625 0.834375 0.0515625 0.0484375
0 0.09375 0.8171875 0.03125 0.0296875
0 0.33515625 0.9359375 0.034375 0.03125
0 0.9 0.95078125 0.0453125 0.04375
0 0.9109375 0.6234375 0.1140625 0.10625
0 0.7078125 0.67421875 0.0265625 0.0265625
0 0.92421875 0.896875 0.0484375 0.0453125
0 0.8015625 0.52265625 0.0828125 0.0765625
0 0.60546875 0.4515625 0.0625 0.0578125
0 0.615625 0.4828125 0.0890625 0.084375
0 0.5515625 0.47734375 0.028125 0.0265625
0 0.459375 0.48828125 0.0515625 0.0484375
0 0.85546875 0.3234375 0.1375 0.128125
0 0.9 0.21484375 0.0671875 0.0625
0 0.640625 0.225 0.0296875 0.0265625
0 0.60078125 0.3171875 0.065625 0.0609375
0 0.5484375 0.32578125 0.0453125 0.04375
0 0.9046875 0.86640625 0.190625 0.1796875
0 0.7390625 0.05390625 0.0390625 0.0359375
0 0.6765625 0.08671875 0.028125 0.0265625
0 0.68515625 0.11640625 0.03125 0.0296875
0 0.615625 0.2078125 0.2234375 0.2078125
0 0.59609375 0.07578125 0.0484375 0.0453125
0 0.6890625 0.0265625 0.0890625 0.053125
0 0.33984375 0.275 0.065625 0.0609375
0 0.27421875 0.146875 0.053125 0.0484375
0 0.1140625 0.31015625 0.0578125 0.053125
0 0.0765625 0.24609375 0.0578125 0.05625
0 0.12109375 0.16484375 0.1421875 0.13125
0 0.3109375 0.3390625 0.1015625 0.09375
0 0.2046875 0.3171875 0.034375 0.03125
0 0.39453125 0.27734375 0.0296875 0.0296875
0 0.31484375 0.04453125 0.04375 0.040625
0 0.0609375 0.01796875 0.040625 0.0359375