0 0.8796875 0.25625 0.0625 0.0609375
0 0.69921875 0.1140625 0.096875 0.09375
0 0.4390625 0.009375 0.03125 0.01875
0 0.37734375 0.0140625 0.0359375 0.028125
0 0.4625 0.115625 0.2171875 0.2125
0 0.4484375 0.2359375 0.165625 0.1609375
0 0.6921875 0.2546875 0.275 0.2703125
0 0.0140625 0.771875 0.028125 0.03125
0 0.2046875 0.59140625 0.409375 0.5828125
0 0.1140625 0.2875 0.2234375 0.21875
0 0.2359375 0.225 0.0984375 0.096875
0 0.39765625 0.4015625 0.128125 0.125
0 0.3734375 0.46015625 0.0296875 0.0296875
0 0.27734375 0.4375 0.0265625 0.0265625
0 0.5484375 0.6578125 0.0453125 0.0453125
0 0.5921875 0.67421875 0.034375 0.034375
0 0.58515625 0.71640625 0.03125 0.028125
0 0.615625 0.77734375 0.034375 0.034375
0 0.74765625 0.7859375 0.028125 0.0296875
0 0.5953125 0.8390625 0.034375 0.034375
0 0.49296875 0.4375 0.0875 0.084375
0 0.57578125 0.3546875 0.0828125 0.0796875
0 0.58515625 0.4578125 0.1640625 0.1609375
0 0.9109375 0.71875 0.096875 0.09375
0 0.00234375 0.00078125 0.0015625 0.0015625