0 0.1296875 0.8609375 0.0359375 0.034375
0 0.33046875 0.9484375 0.0359375 0.034375
0 0.609375 0.8953125 0.0390625 0.0359375
0 0.87734375 0.4640625 0.0875 0.0796875
0 0.98203125 0.0421875 0.0359375 0.0328125
0 0.53359375 0.7015625 0.03125 0.028125
0 0.4390625 0.3796875 0.053125 0.0484375
0 0.4046875 0.36328125 0.03125 0.0296875
0 0.1875 0.69453125 0.034375 0.03125
0 0.334375 0.72265625 0.0390625 0.034375
0 0.5515625 0.6390625 0.03125 0.028125
0 0.546875 0.3953125 0.05625 0.0515625
0 0.296875 0.0796875 0.03125 0.028125
0 0.3109375 0.24140625 0.0328125 0.03125
0 0.2546875 0.37265625 0.03125 0.0296875
0 0.30859375 0.38125 0.040625 0.0390625
0 0.165625 0.64296875 0.0265625 0.025
0 0.97265625 0.584375 0.0265625 0.025
0 0.1 0.21484375 0.0625 0.0578125
0 0.16015625 0.203125 0.040625 0.0359375
0 0.2078125 0.37890625 0.04375 0.0390625
0 0.92421875 0.5109375 0.0265625 0.0265625
0 0.98515625 0.559375 0.0296875 0.028125
0 0.41015625 0.39921875 0.0453125 0.04375
0 0.3765625 0.446875 0.03125 0.0296875
0 0.2875 0.5328125 0.0265625 0.025
0 0.07109375 0.5734375 0.034375 0.03125
0 0.2015625 0.015625 0.0265625 0.025