0 0.0671875 0.68515625 0.025 0.025
0 0.30078125 0.57578125 0.0296875 0.028125
0 0.3453125 0.7453125 0.0265625 0.0265625
0 0.36875 0.8265625 0.0265625 0.0265625
0 0.31640625 0.884375 0.025 0.025
0 0.30078125 0.89765625 0.0296875 0.0296875
0 0.70546875 0.70078125 0.0484375 0.0484375
0 0.75859375 0.6859375 0.0265625 0.0265625
0 0.85234375 0.14453125 0.034375 0.034375
0 0.796875 0.14765625 0.0390625 0.0375
0 0.76328125 0.10234375 0.025 0.025
0 0.709375 0.12890625 0.028125 0.0296875
0 0.71875 0.275 0.03125 0.03125
0 0.665625 0.3953125 0.028125 0.0296875
0 0.7984375 0.4671875 0.0390625 0.0390625
0 0.76171875 0.53984375 0.0265625 0.0234375
0 0.7859375 0.6765625 0.0265625 0.0265625
0 0.8453125 0.64765625 0.0390625 0.0390625
0 0.83515625 0.54453125 0.0390625 0.0390625
0 0.95703125 0.6671875 0.0453125 0.0453125
0 0.92890625 0.73046875 0.03125 0.03125
0 0.865625 0.7546875 0.025 0.0234375
0 0.0875 0.90625 0.03125 0.03125
0 0.22265625 0.0484375 0.09375 0.09375
0 0.8578125 0.790625 0.103125 0.1015625
0 0.790625 0.828125 0.04375 0.04375
0 0.35 0.91953125 0.04375 0.04375
0 0.97734375 0.515625 0.0453125 0.053125
0 0.98984375 0.62421875 0.0203125 0.0234375