0 0.92890625 0.69921875 0.0921875 0.0921875
0 0.00078125 0.00234375 0.0015625 0.0015625
0 0.42578125 0.9875 0.0328125 0.025
0 0.484375 0.853125 0.03125 0.03125
0 0.4375 0.80859375 0.0265625 0.0265625
0 0.71015625 0.9078125 0.028125 0.0296875
0 0.35703125 0.9546875 0.0265625 0.0265625
0 0.328125 0.98203125 0.040625 0.0359375
0 0.19375 0.9828125 0.0328125 0.034375
0 0.2484375 0.98671875 0.025 0.025
0 0.18515625 0.92578125 0.0390625 0.0390625
0 0.21640625 0.9 0.0390625 0.0390625
0 0.196875 0.86796875 0.0515625 0.0515625
0 0.15234375 0.9015625 0.034375 0.034375
0 0.1140625 0.91953125 0.0515625 0.0515625
0 0.978125 0.1875 0.04375 0.053125
0 0.921875 0.4984375 0.0359375 0.0359375
0 0.84140625 0.5484375 0.0484375 0.0484375
0 0.82109375 0.47734375 0.0390625 0.0390625
0 0.94921875 0.61328125 0.034375 0.034375
0 0.7359375 0.5171875 0.0359375 0.0359375
0 0.7234375 0.5625 0.0359375 0.0359375
0 0.6296875 0.40234375 0.03125 0.03125
0 0.77890625 0.31640625 0.090625 0.0921875
0 0.79921875 0.359375 0.0265625 0.0265625
0 0.85078125 0.35234375 0.040625 0.040625
0 0.91328125 0.3125 0.0265625 0.0265625
0 0.921875 0.3796875 0.096875 0.096875
0 0.8234375 0.38125 0.0390625 0.0390625
0 0.61796875 0.296875 0.0515625 0.0515625
0 0.58984375 0.32578125 0.05625 0.0546875
0 0.9265625 0.01796875 0.034375 0.0328125
0 0.8796875 0.06953125 0.0390625 0.0390625
0 0.65 0.0421875 0.0265625 0.0265625
0 0.75625 0.16015625 0.2015625 0.2015625
0 0.87109375 0.13828125 0.1015625 0.1015625
0 0.93515625 0.0625 0.0453125 0.0453125
0 0.475 0.1296875 0.03125 0.03125
0 0.3015625 0.15390625 0.0625 0.0625
0 0.19375 0.1265625 0.040625 0.040625
0 0.2046875 0.10078125 0.03125 0.03125
0 0.5328125 0.4890625 0.178125 0.178125
0 0.525 0.6078125 0.04375 0.04375
0 0.52421875 0.66796875 0.053125 0.053125
0 0.4859375 0.7296875 0.0484375 0.0484375
0 0.4390625 0.7390625 0.04375 0.04375
0 0.50390625 0.7984375 0.0390625 0.0390625
0 0.3546875 0.8921875 0.03125 0.03125
0 0.2515625 0.8609375 0.0390625 0.0390625
0 0.22734375 0.821875 0.0265625 0.0265625
0 0.20078125 0.7875 0.034375 0.034375
0 0.17890625 0.73671875 0.0265625 0.0265625
0 0.196875 0.6984375 0.03125 0.03125
0 0.30546875 0.6765625 0.0296875 0.028125
0 0.28984375 0.7671875 0.040625 0.040625
0 0.3171875 0.8234375 0.0578125 0.0578125
0 0.42421875 0.6140625 0.0484375 0.0484375
0 0.59375 0.58671875 0.103125 0.103125
0 0.48046875 0.39765625 0.490625 0.490625
0 0.1546875 0.3796875 0.0328125 0.034375
0 0.103125 0.35703125 0.0578125 0.0578125
0 0.203125 0.4234375 0.0296875 0.0296875
0 0.18125 0.46640625 0.0296875 0.0296875
0 0.4953125 0.18125 0.034375 0.0328125
0 0.0171875 0.55078125 0.034375 0.05625
0 0.02734375 0.82421875 0.0390625 0.0390625
0 0.0328125 0.8578125 0.040625 0.040625
0 0.04453125 0.296875 0.040625 0.040625
0 0.084375 0.29921875 0.0265625 0.0265625
0 0.21484375 0.35078125 0.0671875 0.0671875
0 0.03828125 0.75 0.040625 0.040625
0 0.209375 0.61171875 0.025 0.025
0 0.0296875 0.96015625 0.040625 0.040625
0 0.3921875 0.83671875 0.0328125 0.034375
0 0.72109375 0.37734375 0.0265625 0.0265625
0 0.25625 0.4625 0.0359375 0.0359375
0 0.01328125 0.17890625 0.0265625 0.0265625
0 0.4 0.09609375 0.040625 0.040625