0 0.17734375 0.18359375 0.3546875 0.3671875
0 0.00078125 0.0015625 0.0015625 0.0015625
0 0.17578125 0.10234375 0.0359375 0.0359375
0 0.125 0.4 0.0359375 0.0359375
0 0.203125 0.52265625 0.2328125 0.228125
0 0.38828125 0.24140625 0.040625 0.0390625
0 0.33984375 0.22734375 0.034375 0.034375
0 0.4 0.31015625 0.0296875 0.0296875
0 0.8765625 0.21640625 0.0671875 0.0671875
0 0.6140625 0.31015625 0.03125 0.0296875
0 0.59765625 0.31875 0.0359375 0.0359375
0 0.4484375 0.28125 0.0265625 0.0265625
0 0.453125 0.1234375 0.0359375 0.0359375
0 0.390625 0.1921875 0.0265625 0.0265625
0 0.44609375 0.2296875 0.0296875 0.0265625
0 0.47734375 0.1046875 0.0265625 0.0265625
0 0.88125 0.10078125 0.025 0.025
0 0.9171875 0.31015625 0.0390625 0.0359375
0 0.865625 0.4671875 0.034375 0.034375
0 0.73203125 0.490625 0.034375 0.03125
0 0.63671875 0.37734375 0.0296875 0.0296875
0 0.6453125 0.39921875 0.03125 0.0296875
0 0.490625 0.51328125 0.0265625 0.0265625
0 0.47734375 0.27890625 0.0265625 0.0265625
0 0.6828125 0.3546875 0.028125 0.0296875
0 0.734375 0.00859375 0.025 0.0171875
0 0.8765625 0.00859375 0.0296875 0.0171875
0 0.9734375 0.0203125 0.025 0.025
0 0.75 0.88125 0.0359375 0.034375
0 0.74765625 0.90625 0.0265625 0.0265625
0 0.73671875 0.92890625 0.025 0.025
0 0.70078125 0.9859375 0.025 0.025
0 0.6234375 0.93125 0.071875 0.0703125
0 0.54296875 0.80859375 0.0359375 0.0359375
0 0.50859375 0.6890625 0.0921875 0.0890625
0 0.3734375 0.821875 0.0234375 0.025
0 0.38125 0.84375 0.0234375 0.025
0 0.3703125 0.97578125 0.040625 0.040625
0 0.28359375 0.98203125 0.040625 0.0359375
0 0.2359375 0.9875 0.03125 0.025
0 0.12109375 0.9828125 0.04375 0.034375
0 0.0625 0.91328125 0.034375 0.03125
0 0.06015625 0.953125 0.025 0.025
0 0.103125 0.76796875 0.0265625 0.025
0 0.134375 0.69609375 0.0328125 0.03125
0 0.0015625 0.00234375 0.0015625 0.0015625