0 0.12265625 0.0984375 0.03125 0.0296875
0 0.6546875 0.0828125 0.034375 0.034375
0 0.7203125 0.19375 0.0390625 0.0359375
0 0.72578125 0.140625 0.03125 0.03125
0 0.74609375 0.0484375 0.053125 0.0515625
0 0.76796875 0.0921875 0.0265625 0.0265625
0 0.77890625 0.11328125 0.03125 0.0296875
0 0.79296875 0.17421875 0.0265625 0.0265625
0 0.34140625 0.28828125 0.0296875 0.0265625
0 0.359375 0.18046875 0.0265625 0.0265625
0 0.8484375 0.0890625 0.0390625 0.0359375
0 0.8140625 0.06953125 0.0265625 0.025
0 0.93125 0.81015625 0.0265625 0.025
0 0.9640625 0.84609375 0.0265625 0.025
0 0.9734375 0.26796875 0.0296875 0.0296875
0 0.771875 0.80859375 0.0765625 0.071875
0 0.72265625 0.928125 0.0265625 0.025
0 0.6828125 0.85078125 0.0265625 0.025
0 0.4796875 0.6265625 0.034375 0.034375
0 0.55625 0.75625 0.0515625 0.0484375
0 0.42578125 0.75703125 0.0296875 0.0265625
0 0.35234375 0.66796875 0.1015625 0.096875
0 0.65 0.5640625 0.034375 0.03125
0 0.06953125 0.45546875 0.034375 0.034375
0 0.171875 0.30625 0.0296875 0.0296875
0 0.12265625 0.87265625 0.0265625 0.0265625
0 0.03828125 0.859375 0.0296875 0.0296875
0 0.13125 0.53984375 0.0359375 0.034375
0 0.021875 0.3890625 0.03125 0.03125
0 0.38125 0.2828125 0.040625 0.0390625
0 0.95546875 0.6609375 0.04375 0.040625
0 0.56875 0.58515625 0.04375 0.04375
0 0.24375 0.7203125 0.034375 0.034375