0 0.90625 0.1390625 0.0296875 0.025
0 0.646875 0.17421875 0.028125 0.025
0 0.5328125 0.046875 0.0453125 0.0390625
0 0.5171875 0.2453125 0.03125 0.0265625
0 0.42890625 0.071875 0.034375 0.028125
0 0.16796875 0.1203125 0.034375 0.0296875
0 0.428125 0.27421875 0.040625 0.034375
0 0.15390625 0.21171875 0.0296875 0.025
0 0.0421875 0.53828125 0.0328125 0.028125
0 0.0609375 0.88359375 0.0296875 0.025
0 0.3234375 0.9703125 0.04375 0.0359375
0 0.00078125 0.00234375 0.0015625 0.0015625
0 0.46171875 0.921875 0.0671875 0.0578125
0 0.1828125 0.72265625 0.03125 0.0265625
0 0.19453125 0.62734375 0.19375 0.1640625
0 0.13984375 0.90703125 0.2265625 0.1859375
0 0.38671875 0.60703125 0.0453125 0.0390625
0 0.4828125 0.57578125 0.0390625 0.03125
0 0.70546875 0.6109375 0.040625 0.0359375
0 0.82421875 0.59375 0.0296875 0.025
0 0.75703125 0.7359375 0.0453125 0.0390625
0 0.53515625 0.8453125 0.0390625 0.034375
0 0.49375 0.8140625 0.0515625 0.04375
0 0.8640625 0.984375 0.04375 0.03125
0 0.9890625 0.75 0.021875 0.0265625
0 0.071875 0.56640625 0.040625 0.034375
0 0.025 0.28359375 0.05 0.0453125
0 0.54453125 0.56484375 0.053125 0.0453125
0 0.571875 0.64921875 0.0515625 0.04375
0 0.08984375 0.2984375 0.0359375 0.03125
0 0.00234375 0.00078125 0.0015625 0.0015625
0 0.7984375 0.4796875 0.0390625 0.03125
0 0.21015625 0.24609375 0.0390625 0.034375