0 0.9671875 0.66015625 0.0265625 0.0265625
0 0.76171875 0.9640625 0.03125 0.03125
0 0.91328125 0.8015625 0.025 0.025
0 0.73046875 0.76171875 0.196875 0.190625
0 0.67890625 0.66015625 0.059375 0.0578125
0 0.3765625 0.67890625 0.0359375 0.034375
0 0.359375 0.571875 0.034375 0.034375
0 0.00078125 0.00234375 0.0015625 0.0015625
0 0.196875 0.80546875 0.0359375 0.034375
0 0.19375 0.87109375 0.0265625 0.025
0 0.040625 0.79453125 0.0390625 0.0359375
0 0.91953125 0.509375 0.0265625 0.0265625
0 0.51171875 0.51953125 0.03125 0.03125
0 0.25390625 0.540625 0.0296875 0.0265625
0 0.2453125 0.55859375 0.03125 0.03125
0 0.00859375 0.5265625 0.0171875 0.0234375
0 0.396875 0.35234375 0.034375 0.03125
0 0.103125 0.3703125 0.0296875 0.0265625
0 0.05078125 0.5 0.034375 0.03125
0 0.3078125 0.32421875 0.0296875 0.0296875
0 0.28125 0.30390625 0.03125 0.03125
0 0.2484375 0.16796875 0.0453125 0.04375
0 0.2328125 0.203125 0.0359375 0.0359375
0 0.06640625 0.2390625 0.1328125 0.1390625
0 0.4078125 0.240625 0.040625 0.0390625
0 0.1421875 0.13203125 0.0265625 0.0265625
0 0.1703125 0.12734375 0.0265625 0.0265625
0 0.20078125 0.265625 0.040625 0.0390625
0 0.26328125 0.1203125 0.0359375 0.0359375
0 0.165625 0.1859375 0.0328125 0.03125
0 0.44453125 0.20703125 0.0578125 0.05625
0 0.7796875 0.1515625 0.0359375 0.0328125
0 0.80625 0.21015625 0.03125 0.03125
0 0.87109375 0.334375 0.0390625 0.0390625
0 0.67421875 0.43515625 0.028125 0.0296875
0 0.5015625 0.0609375 0.0296875 0.0296875
0 0.90390625 0.2328125 0.1609375 0.153125
0 0.74140625 0.2796875 0.0515625 0.0484375
0 0.775 0.38359375 0.040625 0.0390625
0 0.96875 0.00703125 0.0265625 0.0140625
0 0.8796875 0.9203125 0.0265625 0.025
0 0.08515625 0.77265625 0.0578125 0.0546875
0 0.44140625 0.4109375 0.071875 0.0703125