0 0.23828125 0.81328125 0.3890625 0.3734375
0 0.03984375 0.05078125 0.0796875 0.1015625
0 0.14765625 0.1 0.1 0.096875
0 0.14296875 0.19921875 0.134375 0.128125
0 0.0671875 0.21484375 0.03125 0.03125
0 0.1234375 0.26796875 0.0390625 0.0359375
0 0.0171875 0.12109375 0.0265625 0.0265625
0 0.2203125 0.1203125 0.0296875 0.0265625
0 0.11640625 0.51171875 0.03125 0.03125
0 0.328125 0.43125 0.0296875 0.0265625
0 0.89453125 0.0140625 0.0359375 0.028125
0 0.73984375 0.01171875 0.0328125 0.0234375
0 0.76796875 0.021875 0.0390625 0.0359375
0 0.9453125 0.0453125 0.096875 0.090625
0 0.796875 0.04921875 0.065625 0.0625
0 0.65390625 0.10234375 0.03125 0.0296875
0 0.73046875 0.103125 0.0359375 0.034375
0 0.00234375 0.00078125 0.0015625 0.0015625
0 0.821875 0.42890625 0.190625 0.18125
0 0.7828125 0.13671875 0.0359375 0.034375
0 0.725 0.5375 0.09375 0.0890625
0 0.66015625 0.65859375 0.0359375 0.034375
0 0.9515625 0.64765625 0.0484375 0.0453125
0 0.8015625 0.7984375 0.034375 0.03125
0 0.8640625 0.740625 0.040625 0.040625
0 0.4796875 0.33984375 0.2140625 0.2046875
0 0.4171875 0.625 0.071875 0.0671875
0 0.5 0.771875 0.040625 0.0390625
0 0.4890625 0.7984375 0.0484375 0.0453125
0 0.84140625 0.60703125 0.1828125 0.1765625
0 0.45546875 0.7203125 0.0609375 0.0578125
0 0.15234375 0.5359375 0.053125 0.0515625
0 0.1390625 0.58203125 0.04375 0.040625
0 0.16484375 0.41953125 0.0265625 0.025
0 0.0953125 0.58671875 0.0484375 0.0453125
0 0.03125 0.6515625 0.0625 0.0625
0 0.08984375 0.503125 0.1796875 0.20625
0 0.15625 0.32578125 0.0609375 0.0578125
0 0.040625 0.96484375 0.0265625 0.0265625
0 0.0921875 0.96484375 0.0796875 0.0703125
0 0.4859375 0.859375 0.03125 0.0296875
0 0.40234375 0.93515625 0.0828125 0.0765625
0 0.34765625 0.98203125 0.04375 0.0359375
0 0.64453125 0.6140625 0.0390625 0.0359375