0 0.2765625 0.3859375 0.3890625 0.3890625
0 0.4859375 0.9890625 0.0296875 0.021875
0 0.953125 0.89765625 0.0296875 0.0296875
0 0.94375 0.87109375 0.0484375 0.0484375
0 0.94375 0.7234375 0.065625 0.065625
0 0.77734375 0.45078125 0.1546875 0.1546875
0 0.6921875 0.35546875 0.1515625 0.1515625
0 0.6625 0.52265625 0.028125 0.028125
0 0.70078125 0.53828125 0.025 0.0234375
0 0.42890625 0.6109375 0.040625 0.040625
0 0.40234375 0.82578125 0.209375 0.209375
0 0.3453125 0.90234375 0.1578125 0.159375
0 0.2484375 0.8140625 0.0875 0.0875
0 0.27265625 0.87734375 0.1015625 0.1015625
0 0.66484375 0.62734375 0.1515625 0.1515625
0 0.546875 0.7078125 0.0875 0.0859375
0 0.74296875 0.8171875 0.0484375 0.0484375
0 0.64453125 0.25390625 0.0265625 0.0265625
0 0.55546875 0.21875 0.0359375 0.0359375
0 0.59375 0.24140625 0.075 0.075
0 0.59375 0.28125 0.1296875 0.1296875
0 0.765625 0.18515625 0.159375 0.159375
0 0.69375 0.25234375 0.0265625 0.0265625
0 0.00234375 0.00078125 0.0015625 0.0015625
0 0.665625 0.21640625 0.05625 0.05625
0 0.4984375 0.27421875 0.03125 0.03125
0 0.31875 0.03984375 0.0671875 0.0671875
0 0.25234375 0.07109375 0.0296875 0.0296875
0 0.57109375 0.10078125 0.03125 0.03125
0 0.6453125 0.08671875 0.028125 0.0296875
0 0.6609375 0.06953125 0.0234375 0.025
0 0.478125 0.0359375 0.0359375 0.0359375
0 0.81015625 0.0796875 0.040625 0.040625
0 0.6734375 0.8453125 0.059375 0.0609375
0 0.05859375 0.41796875 0.05625 0.05625
0 0.12109375 0.17890625 0.0765625 0.0765625
0 0.08046875 0.853125 0.071875 0.071875
0 0.06015625 0.59765625 0.0453125 0.0453125
0 0.02890625 0.49140625 0.0453125 0.0453125
0 0.15234375 0.86875 0.071875 0.071875
0 0.525 0.1046875 0.05625 0.0546875
0 0.921875 0.08203125 0.0265625 0.0265625
0 0.1203125 0.196875 0.240625 0.3265625