0 0.33671875 0.60703125 0.2125 0.2125
0 0.35703125 0.7140625 0.23125 0.23125
0 0.48203125 0.7515625 0.0296875 0.028125
0 0.46015625 0.7765625 0.0296875 0.028125
0 0.21875 0.75703125 0.09375 0.09375
0 0.19609375 0.4625 0.053125 0.053125
0 0.265625 0.48203125 0.0390625 0.0390625
0 0.196875 0.34375 0.0984375 0.0984375
0 0.05546875 0.30546875 0.0828125 0.0828125
0 0.01171875 0.3390625 0.0234375 0.034375
0 0.13125 0.646875 0.071875 0.071875
0 0.46015625 0.625 0.0359375 0.0359375
0 0.1 0.0953125 0.1375 0.1375
0 0.06953125 0.06953125 0.1390625 0.1390625
0 0.18125 0.2390625 0.2625 0.2625
0 0.43515625 0.134375 0.0359375 0.0359375
0 0.03828125 0.25703125 0.0765625 0.128125
0 0.83671875 0.4 0.0875 0.0859375
0 0.75 0.48671875 0.065625 0.065625
0 0.740625 0.23828125 0.084375 0.084375
0 0.83984375 0.3078125 0.0296875 0.0296875
0 0.875 0.3296875 0.034375 0.0328125
0 0.971875 0.20078125 0.05625 0.0578125
0 0.88125 0.15859375 0.0265625 0.0265625
0 0.76328125 0.12265625 0.05625 0.05625
0 0.75234375 0.071875 0.0265625 0.0265625
0 0.65234375 0.14453125 0.0609375 0.0609375
0 0.6203125 0.178125 0.0390625 0.0390625
0 0.5734375 0.19609375 0.065625 0.0640625
0 0.51953125 0.18359375 0.0296875 0.0296875
0 0.51953125 0.13203125 0.0453125 0.0453125
0 0.540625 0.03828125 0.04375 0.04375
0 0.4984375 0.02890625 0.075 0.0578125
0 0.44375 0.07109375 0.0265625 0.0265625
0 0.36328125 0.4515625 0.0296875 0.0296875
0 0.03828125 0.6265625 0.03125 0.03125
0 0.86328125 0.65 0.075 0.075
0 0.55859375 0.4203125 0.0265625 0.0265625
0 0.57578125 0.52734375 0.075 0.075
0 0.678125 0.56484375 0.121875 0.121875
0 0.77890625 0.32109375 0.0578125 0.0578125
0 0.9578125 0.13125 0.084375 0.090625