0 0.96015625 0.0375 0.0796875 0.075
0 0.6265625 0.1609375 0.0359375 0.0328125
0 0.62265625 0.31015625 0.028125 0.0296875
0 0.6109375 0.2953125 0.034375 0.0328125
0 0.47109375 0.334375 0.03125 0.0296875
0 0.4671875 0.18984375 0.034375 0.03125
0 0.14453125 0.14765625 0.071875 0.06875
0 0.2390625 0.2078125 0.0828125 0.0796875
0 0.3265625 0.2703125 0.0328125 0.034375
0 0.21640625 0.26796875 0.053125 0.0515625
0 0.18125 0.29921875 0.0359375 0.0359375
0 0.2140625 0.34765625 0.03125 0.03125
0 0.2203125 0.41328125 0.03125 0.03125
0 0.47734375 0.4484375 0.0296875 0.0296875
0 0.56015625 0.5765625 0.065625 0.0625
0 0.821875 0.48046875 0.0265625 0.025
0 0.0375 0.34609375 0.03125 0.03125
0 0.17578125 0.55390625 0.0390625 0.0359375
0 0.16484375 0.6734375 0.0296875 0.028125
0 0.0765625 0.76328125 0.025 0.025
0 0.42578125 0.80546875 0.04375 0.040625
0 0.41015625 0.91328125 0.0265625 0.0265625
0 0.66796875 0.93046875 0.0296875 0.0265625
0 0.56953125 0.9203125 0.04375 0.040625
0 0.56953125 0.71171875 0.040625 0.040625
0 0.93984375 0.5015625 0.0296875 0.0296875
0 0.60234375 0.71171875 0.04375 0.04375
0 0.94609375 0.79453125 0.0265625 0.0265625
0 0.53515625 0.05078125 0.03125 0.03125
0 0.1140625 0.98515625 0.03125 0.0296875
0 0.140625 0.4640625 0.0296875 0.0296875
0 0.9421875 0.5359375 0.0296875 0.028125