0 0.00234375 0.00234375 0.0046875 0.0046875
0 0.88671875 0.8109375 0.03125 0.0265625
0 0.640625 0.915625 0.034375 0.0296875
0 0.45546875 0.95703125 0.0359375 0.03125
0 0.49609375 0.7984375 0.2984375 0.25
0 0.25390625 0.82578125 0.0390625 0.034375
0 0.22109375 0.89296875 0.0453125 0.0390625
0 0.11171875 0.5890625 0.034375 0.028125
0 0.3140625 0.5296875 0.0453125 0.0390625
0 0.728125 0.65234375 0.05625 0.0453125
0 0.92890625 0.5921875 0.0296875 0.025
0 0.05859375 0.41484375 0.0359375 0.0296875
0 0.24375 0.38203125 0.353125 0.29375
0 0.33671875 0.228125 0.0359375 0.03125
0 0.13828125 0.0984375 0.0359375 0.03125
0 0.44453125 0.10078125 0.04375 0.0359375
0 0.6828125 0.16328125 0.053125 0.04375
0 0.73046875 0.1625 0.040625 0.0328125
0 0.37109375 0.1890625 0.1875 0.15625
0 0.8578125 0.0375 0.0359375 0.0296875
0 0.796875 0.01953125 0.0625 0.0390625
0 0.765625 0.08203125 0.03125 0.0265625
0 0.58671875 0.07109375 0.040625 0.034375
0 0.50859375 0.03828125 0.03125 0.0265625
0 0.90859375 0.17421875 0.0390625 0.03125
0 0.875 0.20078125 0.053125 0.04375
0 0.5203125 0.46875 0.0359375 0.03125