0 0.7796875 0.9265625 0.0890625 0.0875
0 0.6515625 0.9046875 0.0765625 0.075
0 0.5515625 0.9046875 0.034375 0.03125
0 0.540625 0.8453125 0.03125 0.03125
0 0.49765625 0.86796875 0.0265625 0.0265625
0 0.44453125 0.8328125 0.03125 0.0296875
0 0.421875 0.8171875 0.0296875 0.0296875
0 0.6265625 0.71484375 0.11875 0.1140625
0 0.93359375 0.58515625 0.1203125 0.115625
0 0.91328125 0.490625 0.0390625 0.0390625
0 0.896875 0.52265625 0.03125 0.03125
0 0.78984375 0.55078125 0.03125 0.03125
0 0.62265625 0.625 0.09375 0.0921875
0 0.9671875 0.46640625 0.0265625 0.025
0 0.728125 0.475 0.034375 0.034375
0 0.640625 0.47265625 0.071875 0.0703125
0 0.57421875 0.446875 0.0703125 0.0671875
0 0.30859375 0.5625 0.0703125 0.0671875
0 0.40859375 0.51796875 0.05625 0.05625
0 0.3125 0.646875 0.0359375 0.034375
0 0.41015625 0.68046875 0.0265625 0.0265625
0 0.33984375 0.94921875 0.0265625 0.025
0 0.09609375 0.828125 0.0484375 0.0453125
0 0.2015625 0.67578125 0.0359375 0.0359375
0 0.13828125 0.59140625 0.0328125 0.034375
0 0.0484375 0.05390625 0.096875 0.1078125
0 0.0828125 0.15234375 0.0484375 0.0453125
0 0.125 0.18046875 0.115625 0.1109375
0 0.08515625 0.25703125 0.0609375 0.0578125
0 0.08515625 0.29453125 0.0390625 0.0359375
0 0.021875 0.26953125 0.04375 0.040625
0 0.1625 0.2921875 0.125 0.1203125
0 0.1921875 0.41484375 0.075 0.0703125
0 0.1578125 0.4796875 0.04375 0.04375
0 0.21640625 0.5140625 0.0359375 0.0359375
0 0.2875 0.50390625 0.0546875 0.053125
0 0.30078125 0.4171875 0.0484375 0.0453125
0 0.3453125 0.475 0.075 0.071875
0 0.3796875 0.3953125 0.0296875 0.0296875
0 0.39296875 0.415625 0.065625 0.0625
0 0.28515625 0.3078125 0.0703125 0.0671875
0 0.29921875 0.36171875 0.1390625 0.134375
0 0.25390625 0.2515625 0.0765625 0.075
0 0.30625 0.44140625 0.0578125 0.05625
0 0.09609375 0.46171875 0.028125 0.0296875
0 0.0484375 0.31015625 0.03125 0.0296875
0 0.1234375 0.36796875 0.04375 0.040625
0 0.38671875 0.26953125 0.0296875 0.0296875
0 0.384375 0.34140625 0.0484375 0.0453125
0 0.7234375 0.31015625 0.028125 0.0265625
0 0.7703125 0.4375 0.0265625 0.025
0 0.74140625 0.41484375 0.04375 0.040625
0 0.134375 0.05390625 0.1828125 0.1078125
0 0.96640625 0.3859375 0.0265625 0.0265625
0 0.86640625 0.1359375 0.065625 0.0625
0 0.8015625 0.1296875 0.034375 0.034375
0 0.74765625 0.13671875 0.034375 0.034375
0 0.9203125 0.08984375 0.05625 0.053125
0 0.8296875 0.05390625 0.221875 0.1078125
0 0.140625 0.73046875 0.1296875 0.125
0 0.00078125 0.00234375 0.0015625 0.0015625