0 0.43046875 0.66796875 0.66875 0.48125
0 0.8859375 0.834375 0.1375 0.0984375
0 0.88359375 0.5328125 0.1546875 0.1109375
0 0.9109375 0.3453125 0.09375 0.0671875
0 0.8578125 0.3609375 0.0796875 0.0578125
0 0.87890625 0.2640625 0.065625 0.0453125
0 0.8609375 0.040625 0.0765625 0.05625
0 0.94375 0.03984375 0.040625 0.0296875
0 0.865625 0.11328125 0.1515625 0.1078125
0 0.640625 0.18984375 0.1015625 0.071875
0 0.56953125 0.04921875 0.1484375 0.0984375
0 0.3546875 0.2015625 0.071875 0.0515625
0 0.3421875 0.2609375 0.0515625 0.0359375
0 0.2921875 0.2296875 0.0765625 0.0546875
0 0.171875 0.478125 0.05625 0.0390625
0 0.37265625 0.334375 0.04375 0.03125
0 0.55546875 0.24375 0.0765625 0.05625
0 0.42109375 0.04296875 0.1421875 0.0859375
0 0.4390625 0.1078125 0.0515625 0.0359375
0 0.49296875 0.21875 0.0515625 0.0359375
0 0.1828125 0.1046875 0.0625 0.0453125
0 0.06953125 0.16328125 0.0796875 0.05625
0 0.66484375 0.13671875 0.1390625 0.0984375
0 0.93359375 0.2328125 0.04375 0.03125
0 0.240625 0.16953125 0.0359375 0.025
0 0.66484375 0.03125 0.146875 0.0625
0 0.43984375 0.1703125 0.134375 0.096875