0 0.04453125 0.0328125 0.0265625 0.0265625
0 0.09375 0.1921875 0.03125 0.03125
0 0.18515625 0.24609375 0.03125 0.03125
0 0.22265625 0.22734375 0.0453125 0.0453125
0 0.2453125 0.3609375 0.04375 0.04375
0 0.16796875 0.6265625 0.0265625 0.0265625
0 0.16328125 0.65 0.0328125 0.034375
0 0.2921875 0.75625 0.0234375 0.025
0 0.36328125 0.79296875 0.0515625 0.0515625
0 0.3953125 0.45078125 0.040625 0.040625
0 0.42421875 0.31875 0.0265625 0.0265625
0 0.3390625 0.30078125 0.04375 0.04375
0 0.57578125 0.165625 0.028125 0.0296875
0 0.71484375 0.27734375 0.053125 0.053125
0 0.22734375 0.19921875 0.1140625 0.1140625
0 0.97109375 0.71171875 0.025 0.0234375
0 0.946875 0.78515625 0.0265625 0.0265625
0 0.7796875 0.93046875 0.028125 0.0296875
0 0.62109375 0.946875 0.0390625 0.0359375
0 0.11875 0.80625 0.0265625 0.0265625
0 0.1734375 0.08984375 0.0296875 0.0296875
0 0.7671875 0.24140625 0.028125 0.0296875
0 0.8109375 0.3015625 0.034375 0.034375
0 0.00234375 0.0015625 0.003125 0.003125