0 0.0015625 0.0015625 0.003125 0.003125
0 0.0171875 0.94921875 0.034375 0.0359375
0 0.09375 0.96875 0.0484375 0.040625
0 0.415625 0.9390625 0.0578125 0.0484375
0 0.4234375 0.88203125 0.0984375 0.0828125
0 0.37109375 0.87890625 0.0453125 0.0359375
0 0.3265625 0.853125 0.0671875 0.0578125
0 0.21171875 0.8734375 0.075 0.0609375
0 0.1109375 0.88125 0.0796875 0.065625
0 0.7015625 0.87890625 0.075 0.0609375
0 0.68515625 0.82421875 0.090625 0.0765625
0 0.8859375 0.9875 0.034375 0.025
0 0.00234375 0.00078125 0.0015625 0.0015625
0 0.59375 0.4421875 0.159375 0.1296875
0 0.60703125 0.32578125 0.0625 0.0515625
0 0.61328125 0.5796875 0.075 0.059375
0 0.77890625 0.634375 0.0484375 0.040625
0 0.5734375 0.81875 0.065625 0.053125
0 0.34609375 0.76796875 0.0578125 0.0484375
0 0.25859375 0.76953125 0.0703125 0.0578125
0 0.1109375 0.84140625 0.0359375 0.03125
0 0.071875 0.84140625 0.071875 0.0609375
0 0.1921875 0.6734375 0.0359375 0.03125
0 0.2703125 0.4703125 0.115625 0.09375
0 0.103125 0.49609375 0.1640625 0.134375
0 0.5109375 0.52265625 0.16875 0.1375
0 0.4109375 0.44375 0.0703125 0.0578125
0 0.38828125 0.47578125 0.0984375 0.0828125
0 0.3765625 0.553125 0.1515625 0.125
0 0.47265625 0.41796875 0.0796875 0.065625
0 0.2453125 0.328125 0.0625 0.053125
0 0.25703125 0.28125 0.0578125 0.0453125
0 0.1828125 0.2875 0.03125 0.0265625
0 0.16796875 0.19375 0.11875 0.096875
0 0.0796875 0.33203125 0.159375 0.159375
0 0.01796875 0.2484375 0.0359375 0.0453125
0 0.0265625 0.20078125 0.053125 0.0578125
0 0.21640625 0.3703125 0.05625 0.0453125
0 0.4015625 0.73671875 0.09375 0.0765625
0 0.4125 0.69453125 0.065625 0.053125
0 0.54453125 0.83515625 0.178125 0.146875
0 0.353125 0.7796875 0.1796875 0.15
0 0.165625 0.62734375 0.04375 0.0359375
0 0.1203125 0.6453125 0.0484375 0.0390625
0 0.1421875 0.80546875 0.125 0.103125
0 0.07421875 0.7421875 0.1484375 0.159375
0 0.18125 0.0796875 0.0890625 0.071875
0 0.11796875 0.11640625 0.1140625 0.0921875
0 0.60234375 0.09765625 0.0359375 0.0296875
0 0.734375 0.1078125 0.040625 0.03125