0 0.10078125 0.0421875 0.0609375 0.0609375
0 0.171875 0.13125 0.034375 0.034375
0 0.17421875 0.15625 0.0328125 0.034375
0 0.2125 0.17890625 0.0265625 0.0265625
0 0.36640625 0.0953125 0.159375 0.159375
0 0.1703125 0.2375 0.340625 0.3625
0 0.16796875 0.3578125 0.025 0.0234375
0 0.3703125 0.2828125 0.0390625 0.0390625
0 0.3453125 0.36796875 0.03125 0.03125
0 0.30546875 0.39921875 0.0703125 0.0703125
0 0.52890625 0.29453125 0.0578125 0.0578125
0 0.66015625 0.41796875 0.0265625 0.0265625
0 0.9046875 0.0828125 0.0390625 0.0390625
0 0.875 0.08984375 0.040625 0.040625
0 0.86328125 0.678125 0.03125 0.03125
0 0.66328125 0.76953125 0.040625 0.040625
0 0.84375 0.5921875 0.05625 0.05625
0 0.834375 0.63828125 0.0359375 0.0359375
0 0.9828125 0.490625 0.03125 0.03125
0 0.97578125 0.5109375 0.0390625 0.0359375
0 0.91796875 0.43125 0.0625 0.0625
0 0.821875 0.553125 0.053125 0.053125
0 0.88203125 0.2453125 0.0296875 0.0296875
0 0.76796875 0.06484375 0.025 0.025
0 0.775 0.0875 0.034375 0.03125
0 0.7359375 0.1453125 0.0484375 0.0484375
0 0.771875 0.2640625 0.028125 0.0296875
0 0.7390625 0.2140625 0.040625 0.040625
0 0.7921875 0.4578125 0.0359375 0.0359375
0 0.80859375 0.4984375 0.040625 0.040625
0 0.734375 0.44921875 0.1078125 0.1078125
0 0.678125 0.36640625 0.03125 0.03125
0 0.69375 0.39296875 0.0671875 0.0671875
0 0.40390625 0.475 0.0359375 0.0359375
0 0.41796875 0.4953125 0.05625 0.05625
0 0.42421875 0.5671875 0.0359375 0.0359375
0 0.47265625 0.6390625 0.0265625 0.0265625
0 0.35234375 0.52421875 0.0234375 0.0234375
0 0.3265625 0.5265625 0.0265625 0.0265625
0 0.44921875 0.7921875 0.053125 0.053125
0 0.39921875 0.96015625 0.0296875 0.0296875
0 0.40078125 0.92734375 0.1546875 0.1453125
0 0.24609375 0.84375 0.040625 0.040625
0 0.25625 0.8703125 0.0296875 0.0296875
0 0.11640625 0.6703125 0.0609375 0.059375
0 0.134375 0.70078125 0.0328125 0.034375
0 0.203125 0.640625 0.025 0.025
0 0.171875 0.696875 0.040625 0.040625
0 0.0609375 0.8171875 0.0296875 0.0296875
0 0.06875 0.43046875 0.0265625 0.0265625
0 0.30625 0.50625 0.0296875 0.028125
0 0.28125 0.49375 0.0296875 0.0296875
0 0.5875 0.93984375 0.0359375 0.034375
0 0.5 0.98671875 0.0265625 0.0265625
0 0.0515625 0.96875 0.025 0.025
0 0.69375 0.9375 0.0359375 0.0359375
0 0.6234375 0.3921875 0.2328125 0.2328125
0 0.6296875 0.703125 0.3078125 0.30625