0 0.5953125 0.45546875 0.3078125 0.30625
0 0.88203125 0.6234375 0.025 0.025
0 0.959375 0.66953125 0.0296875 0.028125
0 0.90234375 0.8921875 0.0578125 0.0578125
0 0.92890625 0.8734375 0.034375 0.034375
0 0.96015625 0.9046875 0.034375 0.034375
0 0.553125 0.91015625 0.028125 0.0296875
0 0.6546875 0.6734375 0.1328125 0.1296875
0 0.4125 0.975 0.0296875 0.0296875
0 0.18125 0.890625 0.0390625 0.0390625
0 0.21640625 0.915625 0.0296875 0.0296875
0 0.00859375 0.84140625 0.0171875 0.025
0 0.27890625 0.73203125 0.0328125 0.034375
0 0.35546875 0.66328125 0.0265625 0.0265625
0 0.31015625 0.88359375 0.0953125 0.096875
0 0.06953125 0.61328125 0.0265625 0.025
0 0.103125 0.34609375 0.0359375 0.0359375
0 0.32109375 0.37734375 0.0265625 0.0265625
0 0.02734375 0.13046875 0.0546875 0.1078125
0 0.1421875 0.27734375 0.0453125 0.04375
0 0.08984375 0.2953125 0.034375 0.0328125
0 0.3140625 0.1890625 0.0328125 0.034375
0 0.33046875 0.14921875 0.053125 0.0515625
0 0.49609375 0.08984375 0.0265625 0.0265625
0 0.5421875 0.0890625 0.0703125 0.0703125
0 0.04921875 0.0328125 0.075 0.065625
0 0.6890625 0.1390625 0.028125 0.0265625
0 0.88125 0.48046875 0.040625 0.040625