0 0.78828125 0.9828125 0.04375 0.034375
0 0.82109375 0.946875 0.0359375 0.034375
0 0.709375 0.9703125 0.0390625 0.0359375
0 0.7515625 0.9203125 0.11875 0.1109375
0 0.9046875 0.65 0.03125 0.028125
0 0.97734375 0.865625 0.0359375 0.034375
0 0.97578125 0.41328125 0.040625 0.0390625
0 0.921875 0.3796875 0.03125 0.0296875
0 0.88671875 0.396875 0.0296875 0.0265625
0 0.84375 0.37109375 0.0265625 0.025
0 0.98515625 0.6265625 0.0296875 0.034375
0 0.803125 0.80546875 0.0359375 0.0359375
0 0.73671875 0.85234375 0.028125 0.0265625
0 0.76796875 0.83671875 0.0625 0.0609375
0 0.75 0.734375 0.03125 0.03125
0 0.72578125 0.75625 0.04375 0.040625
0 0.6984375 0.7921875 0.034375 0.03125
0 0.69453125 0.86640625 0.0359375 0.034375
0 0.6515625 0.8453125 0.0265625 0.025
0 0.61796875 0.9546875 0.040625 0.0390625
0 0.67890625 0.96640625 0.0265625 0.025
0 0.4828125 0.9421875 0.0296875 0.0296875
0 0.5328125 0.79453125 0.028125 0.0265625
0 0.428125 0.83046875 0.0265625 0.0265625
0 0.571875 0.84765625 0.0265625 0.0265625
0 0.74296875 0.515625 0.028125 0.0265625
0 0.73046875 0.53828125 0.0265625 0.0234375
0 0.67578125 0.55625 0.03125 0.028125
0 0.65 0.55078125 0.059375 0.05625
0 0.59609375 0.5765625 0.028125 0.0265625
0 0.5453125 0.68125 0.034375 0.03125
0 0.53515625 0.6578125 0.0296875 0.028125
0 0.5640625 0.7359375 0.040625 0.0390625
0 0.540625 0.74609375 0.0265625 0.025
0 0.50703125 0.740625 0.0359375 0.034375
0 0.4625 0.7546875 0.0453125 0.04375
0 0.41796875 0.76328125 0.0296875 0.0265625
0 0.290625 0.8140625 0.03125 0.028125
0 0.2203125 0.9015625 0.034375 0.034375
0 0.29453125 0.696875 0.0359375 0.034375
0 0.259375 0.61328125 0.0671875 0.0625
0 0.225 0.6765625 0.075 0.0703125
0 0.1671875 0.71015625 0.0484375 0.0453125
0 0.1828125 0.6421875 0.0484375 0.0453125
0 0.61640625 0.7015625 0.0359375 0.034375
0 0.48828125 0.521875 0.0265625 0.025
0 0.43515625 0.5515625 0.0296875 0.028125
0 0.39453125 0.57109375 0.0296875 0.0265625
0 0.2953125 0.39453125 0.0484375 0.0453125
0 0.12109375 0.478125 0.065625 0.0609375
0 0.171875 0.4375 0.0359375 0.034375
0 0.16953125 0.4828125 0.0296875 0.0265625
0 0.0734375 0.49609375 0.05625 0.053125
0 0.05625 0.52890625 0.0390625 0.0359375
0 0.34140625 0.52890625 0.0390625 0.0359375
0 0.29453125 0.55625 0.03125 0.028125
0 0.1421875 0.6453125 0.0265625 0.0234375
0 0.09375 0.678125 0.03125 0.028125
0 0.12890625 0.63203125 0.0453125 0.04375
0 0.490625 0.68359375 0.03125 0.0296875
0 0.65390625 0.38359375 0.3015625 0.284375
0 0.7703125 0.359375 0.2125 0.2
0 0.5328125 0.27265625 0.0359375 0.034375
0 0.45078125 0.2796875 0.1328125 0.125
0 0.46015625 0.225 0.034375 0.034375
0 0.66328125 0.0921875 0.040625 0.0375
0 0.5203125 0.1421875 0.03125 0.0296875
0 0.61796875 0.1625 0.03125 0.0296875
0 0.5453125 0.209375 0.121875 0.115625
0 0.2234375 0.33515625 0.0296875 0.0265625
0 0.11875 0.2859375 0.0390625 0.0359375
0 0.46484375 0.38203125 0.0265625 0.0265625
0 0.7640625 0.2015625 0.05625 0.0515625
0 0.8953125 0.08515625 0.034375 0.03125
0 0.88828125 0.15859375 0.0484375 0.0453125
0 0.03125 0.74609375 0.03125 0.0296875
0 0.2171875 0.5609375 0.0296875 0.0265625
0 0.15390625 0.58046875 0.0296875 0.0265625
0 0.31875 0.49609375 0.0296875 0.0296875
0 0.03828125 0.3703125 0.040625 0.0390625
0 0.0375 0.08515625 0.0390625 0.0359375
0 0.03984375 0.0109375 0.0359375 0.021875
0 0.09375 0.0421875 0.034375 0.03125
0 0.140625 0.0109375 0.034375 0.021875
0 0.47578125 0.08984375 0.03125 0.0296875
0 0.62734375 0.01796875 0.0484375 0.0359375
0 0.5421875 0.1203125 0.3046875 0.240625
0 0.709375 0.15859375 0.0390625 0.0359375
0 0.671875 0.1921875 0.0359375 0.0328125
0 0.05546875 0.43515625 0.034375 0.03125