0 0.34765625 0.0171875 0.065625 0.034375
0 0.3390625 0.04453125 0.053125 0.0453125
0 0.1234375 0.0421875 0.03125 0.0265625
0 0.72109375 0.2015625 0.040625 0.0328125
0 0.66328125 0.24296875 0.0484375 0.040625
0 0.678125 0.4265625 0.034375 0.0265625
0 0.80078125 0.53828125 0.0359375 0.03125
0 0.6578125 0.7171875 0.0390625 0.034375
0 0.3765625 0.834375 0.0359375 0.0296875
0 0.084375 0.5875 0.0671875 0.05625
0 0.05078125 0.303125 0.0484375 0.0390625
0 0.4515625 0.2671875 0.03125 0.0265625
0 0.53828125 0.55625 0.0515625 0.04375
0 0.0953125 0.66328125 0.0609375 0.0515625
0 0.30390625 0.94921875 0.065625 0.053125
0 0.5953125 0.9890625 0.03125 0.021875
0 0.68046875 0.12890625 0.03125 0.0265625
0 0.8546875 0.6671875 0.259375 0.2140625
0 0.0421875 0.5109375 0.040625 0.034375