0 0.56640625 0.50703125 0.6546875 0.584375
0 0.97109375 0.4640625 0.0296875 0.025
0 0.859375 0.53828125 0.065625 0.0578125
0 0.59140625 0.084375 0.2265625 0.16875
0 0.44140625 0.09140625 0.0359375 0.03125
0 0.446875 0.18515625 0.0453125 0.040625
0 0.1046875 0.03515625 0.0546875 0.0515625
0 0.140625 0.0609375 0.0359375 0.034375
0 0.1734375 0.2234375 0.0265625 0.025
0 0.25625 0.071875 0.209375 0.14375
0 0.19453125 0.0171875 0.05625 0.034375
0 0.3640625 0.25234375 0.159375 0.1421875
0 0.265625 0.2046875 0.15 0.1328125
0 0.41328125 0.17578125 0.21875 0.196875
0 0.2015625 0.25859375 0.0515625 0.0453125
0 0.12890625 0.31640625 0.146875 0.1296875
0 0.13203125 0.16953125 0.0296875 0.0265625
0 0.03828125 0.4015625 0.0765625 0.1140625
0 0.259375 0.4703125 0.0296875 0.0265625
0 0.2328125 0.63671875 0.0765625 0.0671875
0 0.16953125 0.86796875 0.0515625 0.04375
0 0.0796875 0.82109375 0.0390625 0.034375
0 0.11640625 0.76171875 0.0390625 0.034375
0 0.1625 0.703125 0.0390625 0.034375
0 0.2640625 0.96171875 0.053125 0.0453125
0 0.11171875 0.62265625 0.2234375 0.303125
0 0.359375 0.89765625 0.034375 0.0296875
0 0.45703125 0.875 0.0515625 0.0453125
0 0.4390625 0.93984375 0.1328125 0.11875
0 0.56015625 0.8953125 0.04375 0.0390625
0 0.58515625 0.91328125 0.04375 0.0390625
0 0.55625 0.94609375 0.0359375 0.03125
0 0.275 0.9125 0.1421875 0.128125
0 0.55859375 0.7796875 0.0703125 0.0625
0 0.9046875 0.69140625 0.04375 0.0390625
0 0.86171875 0.696875 0.03125 0.028125
0 0.890625 0.7953125 0.0484375 0.040625
0 0.88125 0.8609375 0.0359375 0.03125
0 0.88203125 0.9078125 0.0625 0.05625
0 0.875 0.9484375 0.03125 0.0265625
0 0.7984375 0.85546875 0.028125 0.0265625
0 0.828125 0.75 0.034375 0.03125
0 0.8171875 0.73828125 0.0265625 0.025
0 0.521875 0.8296875 0.034375 0.0296875
0 0.95546875 0.95546875 0.04375 0.0390625
0 0.9671875 0.78984375 0.0296875 0.025
0 0.9875 0.6109375 0.025 0.025