0 0.06015625 0.0640625 0.10625 0.0921875
0 0.08203125 0.12890625 0.05625 0.0484375
0 0.22109375 0.1203125 0.090625 0.0765625
0 0.75859375 0.06875 0.0921875 0.0765625
0 0.5578125 0.1359375 0.028125 0.0265625
0 0.48203125 0.05859375 0.0390625 0.034375
0 0.41328125 0.23203125 0.0296875 0.025
0 0.390625 0.0203125 0.0578125 0.040625
0 0.64453125 0.46171875 0.1609375 0.1375
0 0.56953125 0.50234375 0.0703125 0.0578125
0 0.63125 0.37890625 0.028125 0.0265625
0 0.578125 0.24140625 0.071875 0.0609375
0 0.83515625 0.225 0.128125 0.1078125
0 0.8015625 0.28984375 0.0703125 0.0609375
0 0.00234375 0.00234375 0.0015625 0.0015625
0 0.8078125 0.9375 0.1171875 0.0984375
0 0.2796875 0.7296875 0.2890625 0.2421875
0 0.0875 0.6546875 0.1015625 0.0875
0 0.078125 0.63671875 0.15625 0.1390625