0 0.453125 0.6609375 0.3875 0.28125
0 0.240625 0.7390625 0.2546875 0.1859375
0 0.8453125 0.06640625 0.084375 0.0625
0 0.81015625 0.0953125 0.0796875 0.0578125
0 0.78515625 0.15234375 0.04375 0.03125
0 0.7015625 0.17890625 0.121875 0.0921875
0 0.6296875 0.196875 0.1390625 0.1015625
0 0.5109375 0.18515625 0.096875 0.0703125
0 0.6625 0.3140625 0.0875 0.0625
0 0.646875 0.4078125 0.1828125 0.134375
0 0.521875 0.42890625 0.1015625 0.071875
0 0.75859375 0.4234375 0.034375 0.025
0 0.79453125 0.4828125 0.0390625 0.0296875
0 0.7515625 0.5015625 0.0453125 0.034375
0 0.8859375 0.44140625 0.0984375 0.071875
0 0.98203125 0.453125 0.0359375 0.034375
0 0.971875 0.5 0.05625 0.040625
0 0.53515625 0.28359375 0.15 0.1078125
0 0.42421875 0.24765625 0.2015625 0.15
0 0.2609375 0.33984375 0.034375 0.025
0 0.2015625 0.35078125 0.071875 0.053125
0 0.30546875 0.42578125 0.15 0.1078125
0 0.3609375 0.3328125 0.1484375 0.1078125
0 0.22578125 0.52890625 0.1078125 0.0765625
0 0.31953125 0.5140625 0.1109375 0.0796875
0 0.521875 0.54453125 0.05625 0.040625
0 0.70703125 0.66015625 0.1015625 0.071875
0 0.3953125 0.0171875 0.0515625 0.034375
0 0.196875 0.0453125 0.075 0.05625
0 0.1859375 0.078125 0.0453125 0.034375
0 0.11796875 0.078125 0.0578125 0.04375
0 0.05859375 0.046875 0.0703125 0.0515625
0 0.08515625 0.021875 0.115625 0.04375
0 0.3015625 0.0921875 0.065625 0.0484375
0 0.50390625 0.9125 0.0703125 0.0515625
0 0.66328125 0.7703125 0.0484375 0.0359375
0 0.7765625 0.85546875 0.0671875 0.0484375
0 0.884375 0.7015625 0.0671875 0.0515625
0 0.8234375 0.71484375 0.034375 0.025
0 0.4953125 0.9484375 0.0390625 0.0296875
0 0.15390625 0.415625 0.190625 0.1390625
0 0.09140625 0.9 0.125 0.0921875
0 0.72109375 0.790625 0.090625 0.065625
0 0.9390625 0.8734375 0.04375 0.03125