0 0.6078125 0.01796875 0.09375 0.0359375
0 0.92890625 0.05546875 0.05625 0.04375
0 0.9203125 0.11875 0.04375 0.0328125
0 0.8171875 0.12265625 0.03125 0.025
0 0.703125 0.22265625 0.0359375 0.0265625
0 0.74609375 0.06640625 0.04375 0.034375
0 0.6453125 0.07578125 0.0828125 0.0625
0 0.58046875 0.10234375 0.05625 0.04375
0 0.578125 0.05859375 0.040625 0.03125
0 0.578125 0.16796875 0.040625 0.03125
0 0.5625 0.134375 0.065625 0.0515625
0 0.53359375 0.18359375 0.0390625 0.0296875
0 0.49765625 0.18515625 0.075 0.0578125
0 0.4015625 0.0578125 0.05625 0.04375
0 0.84140625 0.0140625 0.0421875 0.028125
0 0.71015625 0.02421875 0.075 0.0484375
0 0.03984375 0.3171875 0.0359375 0.0296875
0 0.15390625 0.88359375 0.0390625 0.0296875
0 0.2671875 0.69453125 0.03125 0.0234375
0 0.4265625 0.7765625 0.034375 0.0265625
0 0.27734375 0.55625 0.0390625 0.028125
0 0.24140625 0.36640625 0.0390625 0.03125
0 0.37890625 0.4421875 0.0609375 0.0484375
0 0.478125 0.4984375 0.0671875 0.053125
0 0.446875 0.52890625 0.0390625 0.028125
0 0.3703125 0.59765625 0.04375 0.034375
0 0.40859375 0.359375 0.040625 0.034375
0 0.478125 0.1453125 0.10625 0.0828125
0 0.5421875 0.8640625 0.0515625 0.0390625
0 0.5109375 0.9078125 0.0703125 0.053125
0 0.53125 0.97265625 0.0390625 0.0296875
0 0.87734375 0.94140625 0.05625 0.04375
0 0.76328125 0.9046875 0.075 0.0578125
0 0.765625 0.80390625 0.0609375 0.0453125
0 0.6671875 0.7359375 0.1171875 0.090625
0 0.81875 0.790625 0.034375 0.0265625
0 0.640625 0.834375 0.0390625 0.0296875
0 0.96171875 0.55546875 0.034375 0.0265625
0 0.828125 0.6515625 0.034375 0.0265625
0 0.94375 0.4734375 0.03125 0.025
0 0.79921875 0.5015625 0.0515625 0.0390625
0 0.3140625 0.24765625 0.0671875 0.053125
0 0.34765625 0.1453125 0.03125 0.025