0 0.31015625 0.00703125 0.0265625 0.0140625
0 0.03984375 0.1671875 0.0359375 0.0359375
0 0.0140625 0.1421875 0.028125 0.034375
0 0.22734375 0.25234375 0.0640625 0.0640625
0 0.2671875 0.2078125 0.0703125 0.0671875
0 0.30625 0.11875 0.0390625 0.0390625
0 0.25859375 0.1265625 0.0453125 0.04375
0 0.3890625 0.08515625 0.025 0.025
0 0.359375 0.13828125 0.0671875 0.065625
0 0.35546875 0.1046875 0.0265625 0.0265625
0 0.29921875 0.2484375 0.03125 0.03125
0 0.2859375 0.2640625 0.0578125 0.05625
0 0.31640625 0.28359375 0.04375 0.04375
0 0.3265625 0.3171875 0.04375 0.040625
0 0.23203125 0.45078125 0.0265625 0.0265625
0 0.1203125 0.58046875 0.040625 0.040625
0 0.17578125 0.66953125 0.025 0.025
0 0.146875 0.6203125 0.03125 0.03125
0 0.2296875 0.5578125 0.03125 0.028125
0 0.17578125 0.71171875 0.0296875 0.028125
0 0.1625 0.68515625 0.03125 0.03125
0 0.16328125 0.82578125 0.0328125 0.034375
0 0.646875 0.7828125 0.0484375 0.0484375
0 0.32421875 0.4890625 0.0296875 0.0265625
0 0.32578125 0.50625 0.0328125 0.03125
0 0.3234375 0.58203125 0.0265625 0.0265625
0 0.39765625 0.2078125 0.034375 0.0328125
0 0.87109375 0.44375 0.1203125 0.11875
0 0.29296875 0.87265625 0.0265625 0.0265625
0 0.29921875 0.89921875 0.040625 0.0390625
0 0.02421875 0.91328125 0.0484375 0.0484375
0 0.08046875 0.83046875 0.03125 0.03125
0 0.084375 0.97109375 0.0375 0.0390625
0 0.1265625 0.24140625 0.2515625 0.4828125
0 0.0015625 0.0015625 0.003125 0.003125
0 0.65625 0.6859375 0.1828125 0.18125
0 0.3640625 0.47265625 0.0359375 0.0359375
0 0.43984375 0.4390625 0.0484375 0.0453125