0 0.890625 0.0203125 0.053125 0.040625
0 0.41484375 0.009375 0.0265625 0.01875
0 0.03828125 0.83515625 0.0265625 0.0265625
0 0.10078125 0.74375 0.0625 0.059375
0 0.13828125 0.84609375 0.0265625 0.0265625
0 0.03125 0.8578125 0.03125 0.0296875
0 0.2203125 0.71484375 0.0484375 0.0453125
0 0.08671875 0.6828125 0.03125 0.028125
0 0.2609375 0.7203125 0.0359375 0.034375
0 0.2078125 0.8078125 0.0265625 0.0265625
0 0.334375 0.98203125 0.03125 0.0296875
0 0.34765625 0.78984375 0.0359375 0.034375
0 0.359375 0.6234375 0.0515625 0.0484375
0 0.4734375 0.6390625 0.0515625 0.0484375
0 0.48203125 0.82109375 0.0359375 0.034375
0 0.49140625 0.725 0.03125 0.03125
0 0.49375 0.7015625 0.0359375 0.034375
0 0.42890625 0.7125 0.0390625 0.0359375
0 0.51796875 0.80078125 0.028125 0.0265625
0 0.34375 0.71015625 0.0265625 0.0234375
0 0.678125 0.796875 0.034375 0.03125
0 0.54921875 0.43359375 0.190625 0.18125
0 0.5515625 0.6 0.04375 0.040625
0 0.6453125 0.615625 0.0453125 0.04375
0 0.66484375 0.6 0.0578125 0.05625
0 0.62734375 0.6703125 0.0265625 0.0265625
0 0.6984375 0.678125 0.0265625 0.0265625
0 0.6734375 0.4578125 0.0265625 0.025
0 0.9890625 0.396875 0.021875 0.0296875
0 0.953125 0.96484375 0.0359375 0.034375
0 0.953125 0.98671875 0.0265625 0.0265625
0 0.83671875 0.9125 0.0265625 0.025
0 0.71875 0.90234375 0.034375 0.03125
0 0.61328125 0.9703125 0.0265625 0.025
0 0.5890625 0.9 0.0359375 0.0359375
0 0.571875 0.93984375 0.040625 0.0390625
0 0.47265625 0.51796875 0.053125 0.0515625
0 0.0484375 0.271875 0.03125 0.0296875
0 0.4265625 0.9078125 0.0359375 0.034375