0 0.03828125 0.86875 0.0578125 0.04375
0 0.11875 0.8953125 0.0328125 0.0265625
0 0.27890625 0.896875 0.0359375 0.0265625
0 0.31875 0.98984375 0.03125 0.0203125
0 0.55390625 0.88359375 0.034375 0.0265625
0 0.46640625 0.8171875 0.0390625 0.0296875
0 0.9828125 0.9 0.034375 0.03125
0 0.984375 0.91953125 0.03125 0.0265625
0 0.67890625 0.85546875 0.034375 0.025
0 0.71015625 0.81640625 0.034375 0.0265625
0 0.91796875 0.734375 0.1640625 0.125
0 0.91796875 0.3125 0.0484375 0.0359375
0 0.91328125 0.41015625 0.0390625 0.0296875
0 0.93359375 0.4421875 0.034375 0.025
0 0.63359375 0.77734375 0.0515625 0.0390625
0 0.6609375 0.78984375 0.03125 0.025
0 0.7171875 0.790625 0.0359375 0.028125
0 0.5828125 0.43515625 0.04375 0.03125
0 0.5625 0.50234375 0.065625 0.0515625
0 0.40859375 0.80390625 0.034375 0.0265625
0 0.35234375 0.69609375 0.034375 0.0234375
0 0.38828125 0.7484375 0.0328125 0.0265625
0 0.36640625 0.728125 0.0625 0.0484375
0 0.58671875 0.2125 0.0515625 0.0390625
0 0.5671875 0.19921875 0.053125 0.040625
0 0.64765625 0.2546875 0.034375 0.0265625
0 0.2953125 0.31484375 0.0484375 0.0359375
0 0.1890625 0.41015625 0.0390625 0.0296875
0 0.24765625 0.4078125 0.0359375 0.0296875
0 0.2359375 0.62265625 0.0359375 0.0265625
0 0.1 0.665625 0.034375 0.025
0 0.0109375 0.62109375 0.021875 0.0265625
0 0.08046875 0.4953125 0.0359375 0.0265625
0 0.0671875 0.4109375 0.134375 0.1140625
0 0.36640625 0.0734375 0.0359375 0.0265625
0 0.6421875 0.0578125 0.1953125 0.115625
0 0.234375 0.0671875 0.18125 0.134375
0 0.92578125 0.1390625 0.03125 0.025
0 0.00234375 0.00078125 0.0015625 0.0015625
0 0.55546875 0.56015625 0.1921875 0.146875
0 0.696875 0.7328125 0.115625 0.0890625
0 0.15859375 0.7171875 0.1734375 0.1328125
0 0.053125 0.709375 0.103125 0.0796875
0 0.05390625 0.16796875 0.1078125 0.0875
0 0.484375 0.2671875 0.1953125 0.146875
0 0.13125 0.12734375 0.1296875 0.0984375
0 0.10078125 0.03125 0.034375 0.025
0 0.26953125 0.1359375 0.0484375 0.0359375
0 0.18125 0.18125 0.0390625 0.0296875