0 0.5578125 0.3078125 0.8640625 0.615625
0 0.21640625 0.9828125 0.0296875 0.0296875
0 0.4421875 0.98671875 0.034375 0.0265625
0 0.32578125 0.8796875 0.0859375 0.084375
0 0.08671875 0.84609375 0.0265625 0.0265625
0 0.1859375 0.8078125 0.0296875 0.028125
0 0.08984375 0.86328125 0.0296875 0.0296875
0 0.06640625 0.52421875 0.1328125 0.1703125
0 0.04296875 0.4703125 0.0625 0.0609375
0 0.03359375 0.84609375 0.0671875 0.115625
0 0.18984375 0.8328125 0.1203125 0.11875
0 0.15390625 0.57109375 0.23125 0.228125
0 0.26328125 0.6140625 0.05625 0.053125
0 0.15390625 0.53125 0.04375 0.04375
0 0.25390625 0.50234375 0.03125 0.028125
0 0.025 0.3421875 0.0359375 0.0359375
0 0.0359375 0.31640625 0.071875 0.128125
0 0.10546875 0.39921875 0.0296875 0.0296875
0 0.1109375 0.44609375 0.0265625 0.0265625
0 0.4953125 0.8609375 0.275 0.271875
0 0.3109375 0.796875 0.0609375 0.0578125
0 0.428125 0.6234375 0.034375 0.034375
0 0.53828125 0.6578125 0.065625 0.0625
0 0.4828125 0.60078125 0.090625 0.090625
0 0.71640625 0.96484375 0.0359375 0.0359375
0 0.68125 0.97734375 0.04375 0.04375
0 0.71484375 0.84765625 0.03125 0.03125
0 0.72578125 0.9234375 0.03125 0.03125
0 0.4390625 0.64453125 0.0390625 0.0390625
0 0.31953125 0.709375 0.0484375 0.0484375
0 0.740625 0.62734375 0.028125 0.028125
0 0.88671875 0.6890625 0.040625 0.040625
0 0.93046875 0.76953125 0.0453125 0.04375
0 0.9703125 0.6828125 0.0265625 0.0265625
0 0.96875 0.60703125 0.0265625 0.0265625
0 0.91953125 0.4828125 0.034375 0.034375
0 0.81875 0.45703125 0.053125 0.053125
0 0.80390625 0.1 0.0703125 0.0671875
0 0.06640625 0.0109375 0.0390625 0.021875
0 0.1109375 0.05625 0.0296875 0.0296875
0 0.5671875 0.19609375 0.0265625 0.0265625
0 0.5921875 0.35546875 0.0453125 0.0453125
0 0.52265625 0.2953125 0.03125 0.03125
0 0.365625 0.3328125 0.0625 0.0625
0 0.38359375 0.41328125 0.071875 0.071875
0 0.26796875 0.1296875 0.03125 0.03125
0 0.32578125 0.15234375 0.0984375 0.0984375
0 0.790625 0.00859375 0.034375 0.0171875
0 0.0203125 0.1734375 0.025 0.025
0 0.05546875 0.24609375 0.03125 0.0296875
0 0.00234375 0.0015625 0.003125 0.003125