0 0.98515625 0.52890625 0.0296875 0.0328125
0 0.86875 0.32421875 0.0265625 0.025
0 0.884375 0.65 0.0515625 0.0484375
0 0.6609375 0.56953125 0.0671875 0.0671875
0 0.56875 0.51796875 0.0578125 0.05625
0 0.0671875 0.04453125 0.10625 0.0890625
0 0.2359375 0.0625 0.1234375 0.11875
0 0.11328125 0.4734375 0.034375 0.034375
0 0.2078125 0.39765625 0.0296875 0.0265625
0 0.33984375 0.47265625 0.0359375 0.0359375
0 0.25234375 0.4703125 0.0515625 0.0515625
0 0.259375 0.4953125 0.0390625 0.0390625
0 0.43359375 0.4828125 0.0296875 0.0296875
0 0.22109375 0.54921875 0.0296875 0.028125
0 0.26328125 0.634375 0.03125 0.03125
0 0.4375 0.75 0.0984375 0.096875
0 0.20703125 0.64921875 0.1109375 0.1078125
0 0.13125 0.5984375 0.11875 0.115625
0 0.07109375 0.5171875 0.1140625 0.1109375
0 0.0515625 0.6765625 0.0546875 0.053125
0 0.0578125 0.7671875 0.0890625 0.0875
0 0.009375 0.73828125 0.01875 0.0265625
0 0.1 0.88125 0.028125 0.0296875
0 0.00078125 0.00234375 0.0015625 0.0015625
0 0.5109375 0.88828125 0.03125 0.0296875
0 0.4546875 0.884375 0.03125 0.03125