0 0.15625 0.93125 0.03125 0.0296875
0 0.1734375 0.93984375 0.0265625 0.0265625
0 0.275 0.77734375 0.0265625 0.0265625
0 0.2453125 0.86640625 0.0390625 0.0359375
0 0.25859375 0.88359375 0.0265625 0.0265625
0 0.303125 0.93515625 0.0296875 0.0265625
0 0.38203125 0.91015625 0.103125 0.0984375
0 0.203125 0.865625 0.0296875 0.0296875
0 0.87265625 0.9828125 0.0296875 0.0265625
0 0.93046875 0.20703125 0.0359375 0.034375
0 0.884375 0.2484375 0.03125 0.0296875
0 0.7453125 0.06875 0.034375 0.03125
0 0.68359375 0.27734375 0.034375 0.03125
0 0.76953125 0.4859375 0.0265625 0.0265625
0 0.67421875 0.25 0.0265625 0.025
0 0.98515625 0.65625 0.0296875 0.03125
0 0.68359375 0.84765625 0.0265625 0.025
0 0.56953125 0.94375 0.0390625 0.0359375
0 0.54296875 0.92890625 0.03125 0.0296875
0 0.49375 0.94453125 0.0265625 0.0265625
0 0.46015625 0.9375 0.0296875 0.0265625
0 0.5671875 0.828125 0.0265625 0.0265625
0 0.35546875 0.78515625 0.03125 0.03125
0 0.22734375 0.69921875 0.0390625 0.0359375
0 0.69140625 0.625 0.040625 0.0390625
0 0.60703125 0.615625 0.0265625 0.025
0 0.58984375 0.22265625 0.0359375 0.034375
0 0.6046875 0.1734375 0.0265625 0.025
0 0.53359375 0.31953125 0.0265625 0.0234375
0 0.4015625 0.50859375 0.0265625 0.0265625
0 0.390625 0.56015625 0.0296875 0.028125
0 0.3796875 0.6078125 0.0265625 0.025
0 0.053125 0.853125 0.0359375 0.034375
0 0.0515625 0.89765625 0.0625 0.0609375
0 0.09140625 0.7296875 0.0265625 0.0234375
0 0.11640625 0.3296875 0.034375 0.03125
0 0.18046875 0.26171875 0.0265625 0.025
0 0.084375 0.31640625 0.028125 0.0265625
0 0.7453125 0.0984375 0.0265625 0.025
0 0.90234375 0.22265625 0.03125 0.0296875
0 0.509375 0.90234375 0.0671875 0.065625