0 0.69453125 0.5734375 0.3296875 0.3296875
0 0.07578125 0.42890625 0.0609375 0.0609375
0 0.0578125 0.39296875 0.03125 0.03125
0 0.09609375 0.290625 0.0375 0.0390625
0 0.13125 0.6453125 0.034375 0.034375
0 0.209375 0.51328125 0.0390625 0.0390625
0 0.2234375 0.7703125 0.075 0.075
0 0.1390625 0.75390625 0.0296875 0.0296875
0 0.1203125 0.775 0.034375 0.034375
0 0.4421875 0.509375 0.03125 0.03125
0 0.4953125 0.3390625 0.03125 0.03125
0 0.64921875 0.30078125 0.075 0.075
0 0.475 0.040625 0.025 0.025
0 0.49609375 0.06015625 0.053125 0.053125
0 0.4546875 0.0625 0.0265625 0.0265625
0 0.3328125 0.0671875 0.0265625 0.0265625
0 0.13671875 0.01328125 0.0296875 0.0265625
0 0.303125 0.11875 0.04375 0.04375
0 0.2859375 0.19921875 0.0453125 0.0453125
0 0.23671875 0.390625 0.0265625 0.0265625
0 0.3015625 0.35 0.0296875 0.0296875
0 0.4375 0.4078125 0.0578125 0.0578125
0 0.3140625 0.22265625 0.0390625 0.0390625
0 0.35234375 0.2234375 0.0234375 0.025
0 0.17890625 0.48046875 0.040625 0.040625
0 0.05390625 0.5921875 0.065625 0.065625
0 0.60234375 0.58046875 0.0265625 0.0265625
0 0.59140625 0.61796875 0.0265625 0.0265625
0 0.5265625 0.671875 0.0359375 0.0359375
0 0.5921875 0.7390625 0.028125 0.028125
0 0.27890625 0.7703125 0.0296875 0.028125
0 0.734375 0.61796875 0.0765625 0.0765625
0 0.6859375 0.63203125 0.0265625 0.0265625
0 0.2703125 0.57578125 0.1140625 0.1140625
0 0.3546875 0.56875 0.1234375 0.121875
0 0.49140625 0.53984375 0.1734375 0.1734375
0 0.228125 0.13359375 0.1546875 0.1546875
0 0.66484375 0.41328125 0.0625 0.0625
0 0.88359375 0.40859375 0.0515625 0.0515625
0 0.88671875 0.36328125 0.0671875 0.0671875
0 0.86328125 0.30546875 0.0484375 0.0484375
0 0.97578125 0.303125 0.0390625 0.0390625
0 0.9265625 0.71484375 0.0453125 0.0453125
0 0.8859375 0.709375 0.03125 0.03125
0 0.8328125 0.71875 0.0265625 0.0265625
0 0.74609375 0.7546875 0.025 0.0234375
0 0.72265625 0.77421875 0.0265625 0.0265625
0 0.79296875 0.74375 0.0484375 0.0484375
0 0.775 0.7609375 0.025 0.0234375
0 0.884375 0.48046875 0.025 0.025
0 0.72265625 0.4359375 0.0296875 0.0296875
0 0.61875 0.375 0.084375 0.084375
0 0.5625 0.37890625 0.0625 0.0625
0 0.728125 0.178125 0.0265625 0.0265625
0 0.64765625 0.1515625 0.0765625 0.0765625
0 0.8421875 0.16796875 0.0265625 0.0265625
0 0.94140625 0.05078125 0.03125 0.03125
0 0.959375 0.10234375 0.025 0.025
0 0.98671875 0.0953125 0.0265625 0.0265625
0 0.7765625 0.37109375 0.16875 0.16875
0 0.0015625 0.0015625 0.003125 0.003125