0 0.95546875 0.5265625 0.0296875 0.028125
0 0.2796875 0.01328125 0.0359375 0.0265625
0 0.35703125 0.1078125 0.03125 0.03125
0 0.2765625 0.10703125 0.03125 0.03125
0 0.17421875 0.353125 0.0296875 0.0296875
0 0.12265625 0.0828125 0.0328125 0.034375
0 0.08203125 0.071875 0.034375 0.034375
0 0.03359375 0.03125 0.0296875 0.0296875
0 0.12109375 0.0421875 0.0484375 0.0484375
0 0.0296875 0.82109375 0.0296875 0.0296875
0 0.025 0.6109375 0.0265625 0.0265625
0 0.25390625 0.6390625 0.034375 0.034375
0 0.3390625 0.53515625 0.03125 0.03125
0 0.40859375 0.52890625 0.034375 0.034375
0 0.5203125 0.60546875 0.0234375 0.025
0 0.55078125 0.51796875 0.0296875 0.028125
0 0.41484375 0.7125 0.03125 0.03125
0 0.328125 0.69375 0.0265625 0.0265625
0 0.25859375 0.68125 0.0296875 0.028125
0 0.2609375 0.61640625 0.0234375 0.0234375
0 0.31015625 0.796875 0.0484375 0.0484375
0 0.15390625 0.80078125 0.025 0.025
0 0.275 0.95546875 0.053125 0.053125
0 0.63828125 0.6984375 0.0265625 0.0265625
0 0.71484375 0.64296875 0.0265625 0.0265625
0 0.7546875 0.55859375 0.0796875 0.0796875
0 0.8375 0.7125 0.053125 0.0515625
0 0.81953125 0.86796875 0.0265625 0.0265625
0 0.90625 0.8265625 0.03125 0.03125
0 0.95078125 0.765625 0.0453125 0.0453125
0 0.9328125 0.88203125 0.025 0.025
0 0.9875 0.66640625 0.025 0.0234375
0 0.1734375 0.1296875 0.03125 0.03125
0 0.19140625 0.0328125 0.03125 0.03125
0 0.07421875 0.6921875 0.0296875 0.028125
0 0.3921875 0.7390625 0.1203125 0.1203125
0 0.671875 0.83671875 0.075 0.075
0 0.615625 0.9 0.0359375 0.0359375