0 0.42578125 0.2359375 0.5984375 0.471875
0 0.83203125 0.3015625 0.2078125 0.2015625
0 0.9578125 0.2171875 0.0265625 0.0265625
0 0.9421875 0.1 0.034375 0.034375
0 0.09765625 0.16015625 0.034375 0.034375
0 0.03828125 0.5828125 0.03125 0.028125
0 0.3015625 0.62265625 0.0296875 0.028125
0 0.2796875 0.6578125 0.0296875 0.028125
0 0.32109375 0.7296875 0.03125 0.03125
0 0.17421875 0.06484375 0.03125 0.028125
0 0.3234375 0.375 0.0296875 0.0296875
0 0.43984375 0.17890625 0.0359375 0.0328125
0 0.47109375 0.234375 0.10625 0.103125
0 0.5875 0.296875 0.1328125 0.1296875
0 0.69140625 0.578125 0.03125 0.03125
0 0.80078125 0.553125 0.034375 0.03125
0 0.6296875 0.475 0.04375 0.040625
0 0.83984375 0.3109375 0.0796875 0.0765625
0 0.79921875 0.1734375 0.0578125 0.05625
0 0.78125 0.43046875 0.0265625 0.0265625
0 0.7140625 0.353125 0.084375 0.0828125
0 0.35703125 0.84140625 0.0296875 0.0296875
0 0.00234375 0.00234375 0.0015625 0.0015625
0 0.9546875 0.071875 0.0265625 0.0265625
0 0.6765625 0.515625 0.0234375 0.025