0 0.690625 0.6640625 0.61875 0.45
0 0.31484375 0.14296875 0.1203125 0.0890625
0 0.33203125 0.071875 0.1109375 0.0828125
0 0.4109375 0.14296875 0.040625 0.0296875
0 0.3703125 0.19453125 0.040625 0.03125
0 0.25625 0.20078125 0.053125 0.0390625
0 0.61328125 0.02734375 0.0390625 0.0296875
0 0.01953125 0.07109375 0.0390625 0.034375
0 0.3140625 0.21640625 0.0625 0.0453125
0 0.2875 0.25390625 0.1015625 0.075
0 0.2875 0.29921875 0.1015625 0.071875
0 0.39296875 0.31015625 0.10625 0.0765625
0 0.3890625 0.3734375 0.0484375 0.0359375
0 0.51328125 0.28359375 0.053125 0.0390625
0 0.5796875 0.40234375 0.1734375 0.128125
0 0.30546875 0.57421875 0.053125 0.0390625
0 0.70078125 0.6296875 0.0515625 0.0359375
0 0.66484375 0.6625 0.0453125 0.034375
0 0.58203125 0.696875 0.0359375 0.0265625
0 0.16796875 0.62734375 0.075 0.05625
0 0.2390625 0.49296875 0.409375 0.2984375
0 0.2703125 0.33671875 0.0703125 0.053125
0 0.0890625 0.08046875 0.0703125 0.0515625
0 0.071875 0.18046875 0.14375 0.1078125
0 0.15 0.2859375 0.0359375 0.0265625
0 0.678125 0.1109375 0.0390625 0.0296875
0 0.6390625 0.134375 0.04375 0.03125
0 0.571875 0.1765625 0.034375 0.025
0 0.9546875 0.03515625 0.040625 0.03125
0 0.71640625 0.05390625 0.04375 0.03125
0 0.91484375 0.8296875 0.034375 0.025
0 0.79453125 0.728125 0.040625 0.028125
0 0.7921875 0.40625 0.0546875 0.040625
0 0.62265625 0.2984375 0.0390625 0.0296875
0 0.46640625 0.8890625 0.0625 0.0453125
0 0.4890625 0.9515625 0.040625 0.0296875
0 0.6390625 0.94140625 0.0671875 0.0484375
0 0.359375 0.83046875 0.284375 0.2078125
0 0.49765625 0.7796875 0.034375 0.025
0 0.9 0.30859375 0.0609375 0.04375
0 0.0515625 0.90859375 0.0453125 0.03125
0 0.18125 0.75234375 0.05625 0.040625
0 0.13828125 0.6765625 0.0515625 0.0359375
0 0.60546875 0.6046875 0.053125 0.0390625