0 0.01328125 0.84765625 0.0265625 0.0296875
0 0.14453125 0.36171875 0.04375 0.040625
0 0.2859375 0.390625 0.0671875 0.0625
0 0.290625 0.6734375 0.0609375 0.0578125
0 0.15625 0.81875 0.03125 0.0296875
0 0.0671875 0.33203125 0.0265625 0.025
0 0.05390625 0.27421875 0.03125 0.0296875
0 0.0953125 0.275 0.0453125 0.040625
0 0.4984375 0.6296875 0.028125 0.0265625
0 0.36875 0.69140625 0.0265625 0.025
0 0.50390625 0.97265625 0.0453125 0.04375
0 0.77265625 0.875 0.03125 0.0296875
0 0.81875 0.85546875 0.084375 0.0796875
0 0.865625 0.93515625 0.0890625 0.0828125
0 0.83203125 0.625 0.0765625 0.071875
0 0.55390625 0.7765625 0.0265625 0.0234375
0 0.978125 0.10546875 0.04375 0.040625
0 0.88359375 0.13671875 0.065625 0.0609375
0 0.00234375 0.00078125 0.0015625 0.0015625
0 0.82109375 0.3796875 0.040625 0.0390625
0 0.9890625 0.4484375 0.021875 0.0265625
0 0.96015625 0.0171875 0.034375 0.03125
0 0.796875 0.1421875 0.04375 0.040625
0 0.79921875 0.275 0.034375 0.03125
0 0.75859375 0.22109375 0.028125 0.0265625
0 0.7484375 0.27734375 0.0625 0.0578125
0 0.6859375 0.1859375 0.028125 0.0265625
0 0.6578125 0.1703125 0.0359375 0.0328125
0 0.6515625 0.11640625 0.0578125 0.0546875
0 0.828125 0.4703125 0.0265625 0.0265625
0 0.834375 0.55625 0.0265625 0.0265625
0 0.60546875 0.40625 0.1390625 0.1296875
0 0.646875 0.2609375 0.0265625 0.0265625
0 0.484375 0.23046875 0.03125 0.0296875
0 0.478125 0.209375 0.03125 0.0296875
0 0.4703125 0.290625 0.04375 0.040625
0 0.57109375 0.1140625 0.040625 0.0390625
0 0.62734375 0.0640625 0.0484375 0.0453125
0 0.6140625 0.0296875 0.040625 0.0390625
0 0.5890625 0.0609375 0.028125 0.0265625
0 0.5328125 0.02265625 0.0484375 0.0453125
0 0.57421875 0.0109375 0.0390625 0.021875
0 0.31875 0.1390625 0.04375 0.040625
0 0.28984375 0.1765625 0.0359375 0.0328125
0 0.35 0.209375 0.5171875 0.41875
0 0.646875 0.3234375 0.0671875 0.0625
0 0.03125 0.0171875 0.0453125 0.034375
0 0.1359375 0.2328125 0.0484375 0.04375
0 0.20703125 0.1 0.0390625 0.0359375
0 0.09609375 0.19375 0.0515625 0.0484375
0 0.08203125 0.23828125 0.0515625 0.0484375