0 0.32578125 0.9359375 0.0296875 0.0265625
0 0.08515625 0.66484375 0.0265625 0.0234375
0 0.3171875 0.8640625 0.0359375 0.03125
0 0.28515625 0.859375 0.034375 0.03125
0 0.2328125 0.85703125 0.03125 0.0265625
0 0.3109375 0.696875 0.0296875 0.0265625
0 0.68359375 0.68046875 0.0515625 0.04375
0 0.821875 0.80546875 0.0578125 0.0515625
0 0.55390625 0.88203125 0.0359375 0.03125
0 0.5265625 0.83046875 0.03125 0.0265625
0 0.546875 0.81015625 0.0359375 0.03125
0 0.5109375 0.7953125 0.03125 0.0296875
0 0.51953125 0.75390625 0.034375 0.0296875
0 0.4421875 0.80078125 0.0296875 0.0265625
0 0.8609375 0.5359375 0.0484375 0.040625
0 0.64765625 0.2640625 0.0359375 0.03125
0 0.88203125 0.21875 0.05625 0.0484375
0 0.5296875 0.4421875 0.028125 0.0265625
0 0.55390625 0.54921875 0.0390625 0.034375
0 0.5515625 0.6140625 0.034375 0.028125
0 0.3703125 0.11328125 0.0296875 0.025
0 0.3859375 0.1828125 0.034375 0.0296875
0 0.29921875 0.16796875 0.0296875 0.025
0 0.1390625 0.11171875 0.0453125 0.040625
0 0.1 0.21484375 0.03125 0.0265625
0 0.22109375 0.2234375 0.0515625 0.04375
0 0.19609375 0.25234375 0.0359375 0.03125
0 0.23828125 0.26953125 0.040625 0.0359375
0 0.040625 0.446875 0.0609375 0.0515625
0 0.1515625 0.1828125 0.04375 0.0390625