0 0.5953125 0.02890625 0.0984375 0.0578125
0 0.21328125 0.01171875 0.0453125 0.0234375
0 0.13125 0.58046875 0.0515625 0.0359375
0 0.15390625 0.625 0.053125 0.0359375
0 0.23671875 0.634375 0.0359375 0.0265625
0 0.2359375 0.696875 0.04375 0.03125
0 0.1703125 0.7015625 0.0359375 0.0265625
0 0.22578125 0.4328125 0.0671875 0.0484375
0 0.08984375 0.3078125 0.05625 0.0390625
0 0.125 0.1390625 0.0390625 0.0265625
0 0.19609375 0.30859375 0.0453125 0.034375
0 0.28515625 0.39296875 0.0390625 0.0265625
0 0.30546875 0.334375 0.084375 0.0609375
0 0.3953125 0.27421875 0.0609375 0.04375
0 0.0375 0.33203125 0.0390625 0.0265625
0 0.0671875 0.38125 0.0515625 0.0359375
0 0.49375 0.38359375 0.0359375 0.0265625
0 0.41953125 0.4109375 0.0390625 0.0296875
0 0.4046875 0.51328125 0.04375 0.03125
0 0.07421875 0.7296875 0.103125 0.075
0 0.03515625 0.7078125 0.0703125 0.065625
0 0.60703125 0.2328125 0.0390625 0.0265625
0 0.6140625 0.4203125 0.034375 0.025
0 0.56953125 0.60703125 0.04375 0.03125
0 0.66015625 0.71484375 0.0359375 0.025
0 0.63359375 0.7859375 0.0359375 0.0265625
0 0.58671875 0.7484375 0.0546875 0.0390625
0 0.93984375 0.71875 0.040625 0.0296875
0 0.821875 0.790625 0.040625 0.028125
0 0.828125 0.4546875 0.0453125 0.03125
0 0.8421875 0.4796875 0.05625 0.0390625
0 0.78984375 0.51171875 0.0875 0.0609375
0 0.71015625 0.5296875 0.1109375 0.0796875
0 0.64921875 0.584375 0.040625 0.028125
0 0.740625 0.44375 0.040625 0.0296875
0 0.45546875 0.2046875 0.034375 0.025
0 0.5203125 0.11796875 0.034375 0.025
0 0.93359375 0.19375 0.0890625 0.0625
0 0.77265625 0.14296875 0.2140625 0.1546875
0 0.8765625 0.2765625 0.2015625 0.1453125
0 0.30625 0.68359375 0.040625 0.0296875
0 0.40625 0.734375 0.0359375 0.025