0 0.1234375 0.96484375 0.075 0.0625
0 0.1828125 0.86640625 0.0484375 0.040625
0 0.16796875 0.49765625 0.0515625 0.040625
0 0.00859375 0.53828125 0.0171875 0.028125
0 0.25234375 0.67578125 0.0296875 0.025
0 0.47578125 0.61796875 0.03125 0.0265625
0 0.21640625 0.84609375 0.0671875 0.05625
0 0.75390625 0.89921875 0.0390625 0.03125
0 0.771875 0.85234375 0.096875 0.0796875
0 0.959375 0.94921875 0.0296875 0.025
0 0.94140625 0.67578125 0.0609375 0.0515625
0 0.84140625 0.69609375 0.0890625 0.075
0 0.7984375 0.421875 0.059375 0.0515625
0 0.94140625 0.31015625 0.0296875 0.0234375
0 0.8890625 0.03125 0.0890625 0.0625
0 0.80859375 0.08515625 0.0359375 0.0296875
0 0.87265625 0.1078125 0.075 0.0625
0 0.93046875 0.05859375 0.0515625 0.040625
0 0.65625 0.37265625 0.0515625 0.040625
0 0.61640625 0.36171875 0.0484375 0.040625
0 0.571875 0.36640625 0.034375 0.0296875
0 0.59609375 0.69921875 0.0359375 0.0296875
0 0.5578125 0.75703125 0.2171875 0.1796875
0 0.71171875 0.15234375 0.0359375 0.0296875
0 0.6578125 0.08515625 0.059375 0.0515625
0 0.59609375 0.0109375 0.0484375 0.021875
0 0.54453125 0.01328125 0.034375 0.0265625
0 0.53125 0.0359375 0.0359375 0.03125
0 0.50703125 0.0734375 0.0625 0.0515625
0 0.521875 0.103125 0.05625 0.0453125
0 0.51953125 0.1578125 0.0609375 0.0515625
0 0.5171875 0.25 0.0515625 0.04375
0 0.63671875 0.30390625 0.071875 0.0609375
0 0.671875 0.2390625 0.1234375 0.103125
0 0.5046875 0.3234375 0.0296875 0.0234375
0 0.446875 0.30390625 0.05625 0.0453125
0 0.396875 0.32109375 0.0359375 0.0296875
0 0.47109375 0.3421875 0.03125 0.0234375
0 0.4546875 0.25625 0.03125 0.0265625
0 0.384375 0.15 0.1015625 0.084375
0 0.35078125 0.225 0.0484375 0.0390625
0 0.25703125 0.24609375 0.03125 0.0265625
0 0.25859375 0.28359375 0.0515625 0.040625
0 0.22734375 0.32421875 0.0578125 0.0484375
0 0.2203125 0.290625 0.0359375 0.0296875
0 0.24765625 0.19375 0.0390625 0.03125
0 0.2984375 0.4265625 0.0703125 0.0578125
0 0.1609375 0.3953125 0.1109375 0.0921875
0 0.41953125 0.05859375 0.03125 0.025
0 0.38671875 0.06015625 0.040625 0.0328125
0 0.4328125 0.1046875 0.0390625 0.03125
0 0.3265625 0.0640625 0.03125 0.025
0 0.2984375 0.11171875 0.0296875 0.025
0 0.0796875 0.14921875 0.028125 0.025
0 0.26796875 0.0671875 0.0796875 0.065625
0 0.0015625 0.0015625 0.003125 0.003125
0 0.91796875 0.1515625 0.09375 0.0765625
0 0.88125 0.17421875 0.03125 0.0265625
0 0.4578125 0.15625 0.0578125 0.0484375
0 0.58203125 0.26796875 0.053125 0.0453125
0 0.46875 0.1 0.05625 0.0453125
0 0.66953125 0.5296875 0.034375 0.028125
0 0.38671875 0.5015625 0.0390625 0.034375
0 0.86640625 0.29296875 0.2109375 0.178125