0 0.015625 0.8921875 0.03125 0.04375
0 0.1828125 0.6828125 0.3484375 0.309375
0 0.4671875 0.60703125 0.0828125 0.071875
0 0.2015625 0.49921875 0.403125 0.3578125
0 0.171875 0.915625 0.0296875 0.0265625
0 0.36875 0.8234375 0.0296875 0.0265625
0 0.725 0.9421875 0.04375 0.0390625
0 0.6765625 0.86875 0.0515625 0.0453125
0 0.625 0.89296875 0.034375 0.03125
0 0.88203125 0.91328125 0.0359375 0.034375
0 0.89921875 0.7703125 0.0890625 0.0796875
0 0.6546875 0.75234375 0.0390625 0.034375
0 0.74140625 0.66328125 0.0515625 0.0453125
0 0.65234375 0.59375 0.0296875 0.0265625
0 0.665625 0.5578125 0.0578125 0.0515625
0 0.61875 0.56484375 0.028125 0.0265625
0 0.73671875 0.6109375 0.059375 0.053125
0 0.703125 0.60234375 0.071875 0.065625
0 0.5875 0.6046875 0.0359375 0.034375
0 0.4546875 0.68515625 0.034375 0.028125
0 0.415625 0.63359375 0.0515625 0.04375
0 0.41796875 0.67421875 0.0390625 0.034375
0 0.3890625 0.69921875 0.0359375 0.03125
0 0.41015625 0.4515625 0.05625 0.0484375
0 0.521875 0.49375 0.028125 0.025
0 0.5578125 0.66484375 0.028125 0.0265625
0 0.80078125 0.7140625 0.075 0.0671875
0 0.8734375 0.50859375 0.2453125 0.2171875
0 0.8140625 0.4125 0.0453125 0.0390625
0 0.83671875 0.43046875 0.034375 0.0296875
0 0.7765625 0.4703125 0.03125 0.0296875
0 0.921875 0.09140625 0.0296875 0.0265625
0 0.97265625 0.38359375 0.0515625 0.0453125
0 0.8953125 0.36171875 0.04375 0.0390625
0 0.8734375 0.4015625 0.0625 0.05625
0 0.83203125 0.37890625 0.0453125 0.0390625
0 0.82578125 0.35 0.034375 0.0296875
0 0.90234375 0.3140625 0.0515625 0.04375
0 0.86796875 0.3234375 0.0609375 0.053125
0 0.59765625 0.31484375 0.0296875 0.0265625
0 0.14453125 0.2765625 0.1546875 0.134375
0 0.08046875 0.18359375 0.1203125 0.10625
0 0.01953125 0.3453125 0.0359375 0.0328125
0 0.02421875 0.2515625 0.0484375 0.040625
0 0.02265625 0.203125 0.0359375 0.03125
0 0.64765625 0.1109375 0.0453125 0.0390625
0 0.61171875 0.10703125 0.2125 0.1875
0 0.57265625 0.0140625 0.0390625 0.028125
0 0.35 0.09765625 0.0359375 0.03125
0 0.19921875 0.20703125 0.0484375 0.04375
0 0.2953125 0.26953125 0.0359375 0.03125
0 0.23046875 0.103125 0.0359375 0.03125
0 0.36875 0.15234375 0.04375 0.0390625
0 0.44375 0.05546875 0.1734375 0.1109375
0 0.01328125 0.6046875 0.0265625 0.028125
0 0.8140625 0.48671875 0.028125 0.0265625