0 0.9546875 0.4625 0.0625 0.053125
0 0.9265625 0.3921875 0.053125 0.0453125
0 0.7828125 0.609375 0.028125 0.025
0 0.709375 0.421875 0.040625 0.0359375
0 0.6296875 0.39453125 0.115625 0.1015625
0 0.7640625 0.36328125 0.028125 0.025
0 0.69921875 0.03828125 0.1078125 0.0765625
0 0.86875 0.0421875 0.04375 0.0390625
0 0.8890625 0.0796875 0.0515625 0.0453125
0 0.69921875 0.13125 0.040625 0.0359375
0 0.62109375 0.22109375 0.0390625 0.034375
0 0.615625 0.19140625 0.0359375 0.03125
0 0.609375 0.23046875 0.103125 0.0890625
0 0.77890625 0.17890625 0.028125 0.025
0 0.79296875 0.1296875 0.03125 0.0296875
0 0.5171875 0.2828125 0.1859375 0.1609375
0 0.55546875 0.49375 0.2140625 0.1859375
0 0.88828125 0.43359375 0.0515625 0.04375
0 0.89453125 0.48203125 0.0359375 0.03125
0 0.85234375 0.5109375 0.05625 0.0484375
0 0.43359375 0.1921875 0.03125 0.0296875
0 0.39765625 0.07109375 0.0359375 0.034375
0 0.3796875 0.04453125 0.040625 0.0359375
0 0.25234375 0.165625 0.0890625 0.0765625
0 0.228125 0.25390625 0.0609375 0.053125
0 0.1515625 0.3078125 0.1390625 0.1203125
0 0.09609375 0.13359375 0.0359375 0.03125
0 0.07109375 0.12265625 0.0359375 0.03125
0 0.11640625 0.078125 0.034375 0.0296875
0 0.2203125 0.0828125 0.1453125 0.128125
0 0.1609375 0.4484375 0.05625 0.0484375
0 0.0953125 0.4546875 0.0484375 0.040625
0 0.2296875 0.43984375 0.0296875 0.0265625
0 0.26171875 0.4546875 0.0515625 0.04375
0 0.2203125 0.478125 0.0671875 0.0609375
0 0.3484375 0.7515625 0.0453125 0.0390625
0 0.28515625 0.72109375 0.1328125 0.1140625
0 0.19921875 0.7671875 0.103125 0.090625
0 0.14296875 0.7125 0.128125 0.1109375
0 0.06484375 0.734375 0.0703125 0.0609375
0 0.228125 0.64453125 0.0296875 0.0265625
0 0.06484375 0.6109375 0.0359375 0.03125
0 0.02734375 0.6265625 0.0546875 0.053125
0 0.33515625 0.2984375 0.0453125 0.040625
0 0.3015625 0.28828125 0.034375 0.03125
0 0.2546875 0.9171875 0.0578125 0.0515625
0 0.11875 0.89453125 0.0609375 0.053125
0 0.66484375 0.9 0.028125 0.025
0 0.7140625 0.8375 0.040625 0.0359375
0 0.9 0.68359375 0.034375 0.0296875
0 0.834375 0.75859375 0.0703125 0.059375
0 0.7140625 0.75390625 0.04375 0.0390625
0 0.9546875 0.77421875 0.040625 0.0359375
0 0.9796875 0.3546875 0.040625 0.0359375
0 0.9203125 0.24140625 0.040625 0.0359375
0 0.30546875 0.06953125 0.0828125 0.071875
0 0.1578125 0.16796875 0.0796875 0.0703125
0 0.021875 0.44921875 0.04375 0.0453125
0 0.2875 0.8140625 0.040625 0.0359375
0 0.75390625 0.7296875 0.0484375 0.040625