0 0.94453125 0.17421875 0.09375 0.0890625
0 0.9484375 0.2015625 0.03125 0.0296875
0 0.03125 0.19140625 0.0265625 0.025
0 0.0265625 0.06875 0.0265625 0.0265625
0 0.1 0.5328125 0.065625 0.059375
0 0.41015625 0.6734375 0.0578125 0.053125
0 0.36640625 0.7765625 0.0546875 0.0515625
0 0.59140625 0.70078125 0.04375 0.0390625
0 0.6 0.75234375 0.0265625 0.025
0 0.584375 0.77265625 0.0265625 0.0234375
0 0.0875 0.975 0.0359375 0.034375
0 0.72578125 0.8484375 0.0265625 0.025
0 0.6703125 0.59765625 0.0265625 0.025
0 0.66015625 0.6234375 0.034375 0.03125
0 0.63359375 0.62890625 0.03125 0.0296875
0 0.7703125 0.646875 0.03125 0.028125
0 0.671875 0.4640625 0.03125 0.03125
0 0.55078125 0.24375 0.0453125 0.04375
0 0.5640625 0.32109375 0.04375 0.040625
0 0.91015625 0.0328125 0.03125 0.0296875
0 0.709375 0.4703125 0.1734375 0.1609375