0 0.18515625 0.39296875 0.2234375 0.190625
0 0.06484375 0.44140625 0.034375 0.0296875
0 0.171875 0.5015625 0.0609375 0.0515625
0 0.178125 0.55546875 0.1859375 0.15625
0 0.22734375 0.4984375 0.03125 0.0265625
0 0.01171875 0.0859375 0.0234375 0.0375
0 0.1609375 0.03515625 0.09375 0.0703125
0 0.2234375 0.0734375 0.05625 0.0453125
0 0.865625 0.10703125 0.0625 0.053125
0 0.8859375 0.18984375 0.053125 0.04375
0 0.47578125 0.146875 0.0484375 0.040625
0 0.92890625 0.515625 0.0359375 0.03125
0 0.8421875 0.5375 0.0609375 0.0515625
0 0.8109375 0.49375 0.05625 0.0453125
0 0.91953125 0.4359375 0.065625 0.053125
0 0.5828125 0.928125 0.084375 0.071875
0 0.65859375 0.91328125 0.05625 0.0453125
0 0.5359375 0.759375 0.1234375 0.103125
0 0.1109375 0.70546875 0.040625 0.034375
0 0.046875 0.6734375 0.0484375 0.040625
0 0.23671875 0.8765625 0.071875 0.0609375
0 0.6890625 0.790625 0.2859375 0.24375
0 0.7328125 0.91484375 0.075 0.0625
0 0.56640625 0.58984375 0.05625 0.0484375
0 0.3953125 0.3578125 0.0828125 0.0703125
0 0.4484375 0.421875 0.0390625 0.034375
0 0.64453125 0.5296875 0.071875 0.059375
0 0.01171875 0.97890625 0.0234375 0.0265625