0 0.875 0.6515625 0.053125 0.0515625
0 0.73671875 0.7859375 0.0265625 0.0234375
0 0.80078125 0.78984375 0.0625 0.0609375
0 0.86171875 0.78984375 0.053125 0.0515625
0 0.96015625 0.8265625 0.0296875 0.0265625
0 0.9203125 0.771875 0.1015625 0.0984375
0 0.96171875 0.07421875 0.0265625 0.0265625
0 0.98046875 0.10234375 0.0296875 0.0296875
0 0.803125 0.084375 0.071875 0.0703125
0 0.7296875 0.290625 0.0390625 0.0390625
0 0.67890625 0.4109375 0.04375 0.04375
0 0.5796875 0.35078125 0.0359375 0.0359375
0 0.53125 0.31484375 0.0453125 0.0453125
0 0.390625 0.25390625 0.03125 0.03125
0 0.38828125 0.3015625 0.0328125 0.034375
0 0.3015625 0.3140625 0.103125 0.1015625
0 0.09765625 0.4375 0.034375 0.03125
0 0.259375 0.49296875 0.0390625 0.0359375
0 0.39296875 0.52890625 0.04375 0.04375
0 0.39765625 0.56640625 0.0609375 0.0578125
0 0.33984375 0.5765625 0.0703125 0.0703125
0 0.3234375 0.5046875 0.040625 0.0390625
0 0.225 0.60078125 0.0296875 0.028125
0 0.4671875 0.53125 0.0890625 0.0875
0 0.50625 0.67421875 0.03125 0.03125
0 0.46484375 0.71484375 0.0515625 0.0484375
0 0.67421875 0.80078125 0.0265625 0.0265625
0 0.58515625 0.72734375 0.0453125 0.04375
0 0.4859375 0.74375 0.0453125 0.04375
0 0.7203125 0.4890625 0.0390625 0.0359375
0 0.74140625 0.203125 0.0390625 0.0390625
0 0.8015625 0.24375 0.04375 0.04375
0 0.75625 0.24140625 0.034375 0.034375
0 0.7609375 0.265625 0.040625 0.040625
0 0.91015625 0.11328125 0.0484375 0.0484375
0 0.009375 0.0703125 0.01875 0.03125
0 0.02421875 0.08671875 0.0265625 0.025
0 0.0140625 0.20703125 0.028125 0.0515625
0 0.0140625 0.33203125 0.025 0.025
0 0.015625 0.3734375 0.03125 0.0515625
0 0.01796875 0.41484375 0.0359375 0.040625
0 0.0984375 0.3078125 0.03125 0.03125
0 0.171875 0.33046875 0.040625 0.0390625
0 0.0265625 0.4515625 0.04375 0.04375
0 0.1515625 0.4953125 0.075 0.075
0 0.14921875 0.646875 0.0328125 0.034375
0 0.171875 0.7296875 0.0265625 0.0234375
0 0.0171875 0.69921875 0.034375 0.0484375
0 0.0828125 0.665625 0.0453125 0.04375
0 0.0828125 0.70078125 0.0515625 0.0515625
0 0.08515625 0.74296875 0.05625 0.053125
0 0.17578125 0.84375 0.0578125 0.05625
0 0.18515625 0.91015625 0.0296875 0.0265625
0 0.2359375 0.6609375 0.0265625 0.0265625
0 0.60546875 0.484375 0.0390625 0.0359375
0 0.05625 0.2546875 0.025 0.025
0 0.03125 0.63359375 0.0515625 0.0515625
0 0.51328125 0.92890625 0.0296875 0.0296875
0 0.5203125 0.8890625 0.028125 0.0296875
0 0.54453125 0.928125 0.034375 0.03125
0 0.6671875 0.87109375 0.0265625 0.0265625
0 0.615625 0.2984375 0.028125 0.0296875
0 0.97421875 0.46328125 0.0515625 0.0515625
0 0.55859375 0.975 0.0296875 0.0265625