0 0.93359375 0.0484375 0.0390625 0.0390625
0 0.90234375 0.02890625 0.034375 0.034375
0 0.7828125 0.10546875 0.1109375 0.1109375
0 0.7921875 0.0296875 0.075 0.059375
0 0.16015625 0.125 0.0265625 0.0265625
0 0.13203125 0.1828125 0.040625 0.0390625
0 0.09921875 0.01171875 0.0421875 0.0234375
0 0.35546875 0.81015625 0.0984375 0.096875
0 0.5453125 0.828125 0.04375 0.040625
0 0.5046875 0.8125 0.0359375 0.0359375
0 0.41484375 0.696875 0.0265625 0.0265625
0 0.37890625 0.6546875 0.03125 0.03125
0 0.328125 0.5421875 0.03125 0.03125
0 0.2828125 0.4890625 0.03125 0.03125
0 0.025 0.6625 0.0265625 0.0265625
0 0.85546875 0.375 0.0609375 0.0609375
0 0.47109375 0.31875 0.0265625 0.0265625
0 0.6109375 0.35234375 0.23125 0.228125
0 0.7453125 0.290625 0.0765625 0.075
0 0.9890625 0.61640625 0.021875 0.03125
0 0.75625 0.58515625 0.0625 0.0625
0 0.85234375 0.92421875 0.0359375 0.0359375
0 0.76328125 0.8953125 0.0359375 0.0359375
0 0.7515625 0.865625 0.0265625 0.0265625
0 0.696875 0.8890625 0.028125 0.0296875
0 0.759375 0.93984375 0.0265625 0.0265625
0 0.83671875 0.5875 0.0359375 0.034375
0 0.8890625 0.88125 0.0265625 0.0265625
0 0.6578125 0.69375 0.096875 0.09375
0 0.5265625 0.4234375 0.4109375 0.4046875
0 0.98515625 0.1796875 0.0296875 0.03125
0 0.1203125 0.140625 0.04375 0.040625
0 0.1578125 0.5578125 0.0390625 0.0390625
0 0.08046875 0.18515625 0.075 0.071875
0 0.41328125 0.32109375 0.03125 0.0296875
0 0.1265625 0.62265625 0.0265625 0.0265625
0 0.178125 0.678125 0.03125 0.028125
0 0.91015625 0.87109375 0.1203125 0.11875
0 0.00234375 0.00078125 0.0015625 0.0015625
0 0.30078125 0.47578125 0.0265625 0.0265625
0 0.96875 0.82578125 0.0296875 0.0265625