0 0.96875 0.34140625 0.03125 0.03125
0 0.9703125 0.240625 0.053125 0.0515625
0 0.88671875 0.3140625 0.0453125 0.04375
0 0.953125 0.3125 0.084375 0.0828125
0 0.64765625 0.18125 0.0390625 0.0390625
0 0.75703125 0.015625 0.0359375 0.03125
0 0.66328125 0.0140625 0.0578125 0.028125
0 0.5140625 0.1625 0.04375 0.040625
0 0.515625 0.19609375 0.0515625 0.0515625
0 0.475 0.2234375 0.040625 0.0390625
0 0.39765625 0.22734375 0.040625 0.0390625
0 0.4 0.03359375 0.10625 0.0671875
0 0.3078125 0.0359375 0.0296875 0.0296875
0 0.15625 0.115625 0.025 0.025
0 0.1703125 0.0296875 0.0484375 0.0453125
0 0.11171875 0.0328125 0.0484375 0.0453125
0 0.06484375 0.53984375 0.059375 0.0578125
0 0.0171875 0.6109375 0.034375 0.034375
0 0.06640625 0.5875 0.034375 0.03125
0 0.08203125 0.80078125 0.0265625 0.0265625
0 0.13671875 0.87265625 0.0265625 0.0265625
0 0.2546875 0.915625 0.075 0.071875
0 0.21640625 0.79296875 0.075 0.071875
0 0.17578125 0.803125 0.04375 0.040625
0 0.03515625 0.55078125 0.0703125 0.1109375
0 0.0171875 0.40234375 0.034375 0.0359375
0 0.67421875 0.859375 0.0484375 0.0453125
0 0.74375 0.78984375 0.103125 0.1015625
0 0.63359375 0.703125 0.0765625 0.075
0 0.6234375 0.74609375 0.028125 0.0296875
0 0.4734375 0.78125 0.071875 0.0703125
0 0.4078125 0.7953125 0.0328125 0.034375
0 0.37109375 0.7984375 0.05625 0.05625
0 0.3296875 0.61640625 0.0328125 0.034375
0 0.290625 0.5671875 0.0265625 0.0234375
0 0.259375 0.68046875 0.0328125 0.034375
0 0.31484375 0.5109375 0.03125 0.03125
0 0.42890625 0.59140625 0.0921875 0.0890625
0 0.57578125 0.54296875 0.028125 0.0296875
0 0.58046875 0.76171875 0.0265625 0.025
0 0.7640625 0.5578125 0.05625 0.0546875
0 0.78984375 0.6421875 0.0265625 0.0265625
0 0.8609375 0.7796875 0.0296875 0.028125
0 0.8796875 0.75703125 0.0265625 0.0234375
0 0.84609375 0.76328125 0.0265625 0.0265625
0 0.8765625 0.93984375 0.03125 0.03125
0 0.9203125 0.5140625 0.0390625 0.0359375
0 0.8328125 0.46875 0.03125 0.0296875
0 0.76953125 0.5015625 0.034375 0.034375
0 0.6828125 0.50625 0.04375 0.040625
0 0.9734375 0.45703125 0.0390625 0.0359375
0 0.18359375 0.2765625 0.3671875 0.553125
0 0.47578125 0.046875 0.0453125 0.04375
0 0.78984375 0.31484375 0.0265625 0.0265625
0 0.421875 0.0828125 0.053125 0.053125
0 0.32109375 0.3125 0.034375 0.034375
0 0.34765625 0.25703125 0.03125 0.03125
0 0.334375 0.18125 0.0265625 0.0265625
0 0.0421875 0.30625 0.0265625 0.0265625
0 0.06875 0.2984375 0.028125 0.0296875
0 0.04921875 0.42421875 0.0796875 0.0765625
0 0.06640625 0.9640625 0.040625 0.040625
0 0.0171875 0.88359375 0.03125 0.0296875
0 0.7875 0.9890625 0.0296875 0.021875
0 0.1765625 0.97265625 0.03125 0.03125
0 0.1203125 0.96875 0.03125 0.03125
0 0.0265625 0.91484375 0.053125 0.0703125
0 0.10078125 0.64765625 0.1015625 0.096875
0 0.2046875 0.6234375 0.0265625 0.0265625
0 0.1703125 0.525 0.0296875 0.0265625
0 0.16484375 0.73828125 0.1 0.0984375
0 0.27890625 0.98046875 0.0359375 0.034375
0 0.67578125 0.92890625 0.0890625 0.084375
0 0.43125 0.4890625 0.0265625 0.025
0 0.42421875 0.52734375 0.03125 0.03125
0 0.88125 0.8078125 0.0265625 0.0234375
0 0.7859375 0.89453125 0.0265625 0.025