0 0.7453125 0.1703125 0.2671875 0.24375
0 0.0921875 0.15625 0.03125 0.0296875
0 0.0359375 0.27890625 0.03125 0.0296875
0 0.11796875 0.08984375 0.0296875 0.0265625
0 0.1140625 0.40625 0.1234375 0.1109375
0 0.08984375 0.453125 0.1703125 0.1546875
0 0.1765625 0.6140625 0.1828125 0.165625
0 0.24140625 0.63203125 0.03125 0.028125
0 0.24765625 0.5671875 0.034375 0.028125
0 0.01796875 0.709375 0.0296875 0.0265625
0 0.35078125 0.64453125 0.03125 0.0296875
0 0.328125 0.64765625 0.0296875 0.0265625
0 0.38828125 0.6078125 0.0296875 0.025
0 0.25625 0.1265625 0.0953125 0.0875
0 0.321875 0.07578125 0.146875 0.134375
0 0.171875 0.196875 0.128125 0.115625
0 0.19140625 0.1203125 0.0671875 0.0609375
0 0.41484375 0.05078125 0.0546875 0.0515625
0 0.428125 0.13125 0.0359375 0.03125
0 0.4640625 0.171875 0.0390625 0.0359375
0 0.4703125 0.12734375 0.0265625 0.025
0 0.5765625 0.0515625 0.1875 0.103125
0 0.36640625 0.271875 0.0265625 0.0234375
0 0.4265625 0.34140625 0.034375 0.03125
0 0.6359375 0.3171875 0.0359375 0.03125
0 0.6109375 0.34375 0.0265625 0.025
0 0.79296875 0.4 0.03125 0.0296875
0 0.80625 0.42890625 0.03125 0.0296875
0 0.4 0.19375 0.04375 0.040625
0 0.30390625 0.2140625 0.0359375 0.03125
0 0.50234375 0.41953125 0.028125 0.0265625
0 0.98203125 0.56953125 0.0296875 0.0265625
0 0.98046875 0.54453125 0.0265625 0.025
0 0.8734375 0.63359375 0.0484375 0.04375
0 0.7453125 0.6828125 0.0546875 0.0515625
0 0.5484375 0.8328125 0.0578125 0.053125
0 0.51796875 0.79921875 0.0265625 0.025
0 0.5421875 0.9484375 0.034375 0.0296875
0 0.56015625 0.915625 0.0484375 0.04375
0 0.3234375 0.7859375 0.04375 0.040625
0 0.0359375 0.9390625 0.0546875 0.0515625
0 0.484375 0.67578125 0.034375 0.03125
0 0.47109375 0.646875 0.0359375 0.03125
0 0.4015625 0.7140625 0.04375 0.040625
0 0.4046875 0.7484375 0.0390625 0.034375
0 0.4109375 0.7921875 0.03125 0.028125
0 0.61171875 0.96015625 0.034375 0.03125
0 0.65234375 0.87265625 0.0359375 0.034375
0 0.7765625 0.771875 0.03125 0.0265625
0 0.6984375 0.921875 0.03125 0.0296875
0 0.5265625 0.7703125 0.0515625 0.0453125
0 0.4625 0.83046875 0.05625 0.0515625
0 0.87734375 0.94453125 0.0625 0.05625