0 0.06640625 0.91484375 0.1328125 0.1390625
0 0.0109375 0.78984375 0.021875 0.03125
0 0.0359375 0.8421875 0.0390625 0.034375
0 0.04921875 0.821875 0.0890625 0.0765625
0 0.0359375 0.7640625 0.040625 0.0359375
0 0.0953125 0.68046875 0.075 0.065625
0 0.640625 0.97265625 0.053125 0.0484375
0 0.553125 0.94453125 0.04375 0.0390625
0 0.74296875 0.7609375 0.0796875 0.0703125
0 0.78125 0.8265625 0.04375 0.0390625
0 0.665625 0.74140625 0.071875 0.065625
0 0.56875 0.58984375 0.11875 0.103125
0 0.66953125 0.52421875 0.084375 0.075
0 0.734375 0.5515625 0.034375 0.028125
0 0.56640625 0.5046875 0.0390625 0.034375
0 0.49140625 0.44140625 0.04375 0.0390625
0 0.41015625 0.53125 0.0296875 0.025
0 0.428125 0.55078125 0.103125 0.0921875
0 0.375 0.703125 0.084375 0.075
0 0.4734375 0.77890625 0.0453125 0.040625
0 0.41796875 0.803125 0.034375 0.0296875
0 0.7015625 0.6671875 0.05625 0.0515625
0 0.225 0.59609375 0.0453125 0.040625
0 0.19375 0.51953125 0.0296875 0.025
0 0.02421875 0.63125 0.0484375 0.053125
0 0.03984375 0.603125 0.0359375 0.034375
0 0.1546875 0.7078125 0.0484375 0.04375
0 0.2234375 0.709375 0.0875 0.0765625
0 0.33984375 0.35703125 0.034375 0.0296875
0 0.61875 0.66328125 0.0359375 0.03125
0 0.08671875 0.62265625 0.04375 0.0390625
0 0.00234375 0.00078125 0.0015625 0.0015625
0 0.9125 0.4328125 0.0296875 0.0265625
0 0.86640625 0.35234375 0.034375 0.0296875
0 0.67421875 0.165625 0.04375 0.0390625
0 0.6703125 0.19453125 0.3390625 0.2984375
0 0.6734375 0.0265625 0.0578125 0.0515625
0 0.7046875 0.02421875 0.065625 0.0484375
0 0.76953125 0.0265625 0.1203125 0.053125
0 0.92421875 0.36328125 0.0296875 0.025
0 0.94453125 0.40625 0.0390625 0.034375
0 0.87734375 0.59765625 0.03125 0.0296875
0 0.453125 0.24375 0.0578125 0.053125
0 0.36796875 0.225 0.0359375 0.03125
0 0.36796875 0.13203125 0.0484375 0.040625
0 0.0421875 0.29453125 0.0390625 0.0328125
0 0.10078125 0.5734375 0.0484375 0.040625
0 0.21171875 0.61875 0.0953125 0.0875
0 0.59765625 0.490625 0.0796875 0.0703125
0 0.88203125 0.2875 0.03125 0.0265625
0 0.34609375 0.55078125 0.0328125 0.03125
0 0.25859375 0.3265625 0.5171875 0.653125
0 0.00234375 0.00234375 0.0015625 0.0015625
0 0.303125 0.51953125 0.2 0.1765625