0 0.00234375 0.00234375 0.0046875 0.0046875
0 0.05390625 0.015625 0.0265625 0.0265625
0 0.1359375 0.02265625 0.0828125 0.0453125
0 0.17421875 0.08515625 0.0625 0.0609375
0 0.2046875 0.15859375 0.0265625 0.0265625
0 0.06015625 0.24140625 0.0328125 0.03125
0 0.140625 0.5109375 0.034375 0.03125
0 0.1984375 0.52265625 0.0265625 0.0234375
0 0.328125 0.4546875 0.0390625 0.0359375
0 0.25859375 0.428125 0.03125 0.0296875
0 0.27265625 0.45546875 0.0484375 0.0484375
0 0.1265625 0.24140625 0.0328125 0.034375
0 0.5515625 0.05078125 0.0265625 0.0265625
0 0.79453125 0.0953125 0.0453125 0.04375
0 0.64296875 0.08046875 0.0390625 0.0359375
0 0.62265625 0.22734375 0.0359375 0.0359375
0 0.5109375 0.24140625 0.03125 0.0296875
0 0.5671875 0.334375 0.0578125 0.0546875
0 0.57109375 0.61328125 0.03125 0.0296875
0 0.571875 0.39765625 0.03125 0.0296875
0 0.7359375 0.43359375 0.05625 0.053125
0 0.76953125 0.48671875 0.03125 0.03125
0 0.50390625 0.6859375 0.040625 0.0390625
0 0.64453125 0.7046875 0.0359375 0.0359375
0 0.30390625 0.7171875 0.04375 0.04375
0 0.3125 0.7484375 0.0390625 0.0390625
0 0.3234375 0.78125 0.0515625 0.0484375
0 0.115625 0.9671875 0.0265625 0.0265625
0 0.06640625 0.96171875 0.025 0.025
0 0.290625 0.61171875 0.0328125 0.034375
0 0.38203125 0.94453125 0.071875 0.0703125
0 0.4625 0.79453125 0.0265625 0.025
0 0.1875 0.04453125 0.040625 0.040625
0 0.5265625 0.07578125 0.0453125 0.04375