0 0.953125 0.15625 0.040625 0.034375
0 0.9265625 0.1109375 0.034375 0.0296875
0 0.90625 0.16328125 0.0359375 0.03125
0 0.8765625 0.5984375 0.0390625 0.03125
0 0.89453125 0.634375 0.0703125 0.059375
0 0.88671875 0.24375 0.03125 0.0265625
0 0.9125 0.3609375 0.03125 0.0265625
0 0.8171875 0.1109375 0.0296875 0.025
0 0.7765625 0.18046875 0.03125 0.0265625
0 0.578125 0.1140625 0.04375 0.0390625
0 0.359375 0.1625 0.0296875 0.025
0 0.259375 0.25703125 0.040625 0.034375
0 0.521875 0.38671875 0.0390625 0.034375
0 0.3078125 0.44921875 0.034375 0.0296875
0 0.14296875 0.02265625 0.03125 0.0296875
0 0.0828125 0.00859375 0.0296875 0.0171875
0 0.04296875 0.04921875 0.03125 0.0265625
0 0.015625 0.3765625 0.03125 0.0296875
0 0.22109375 0.896875 0.0484375 0.040625
0 0.19453125 0.759375 0.034375 0.028125
0 0.09765625 0.8265625 0.0359375 0.03125
0 0.0640625 0.48671875 0.028125 0.025
0 0.9078125 0.96171875 0.0578125 0.0484375
0 0.509375 0.603125 0.03125 0.0265625
0 0.515625 0.69140625 0.0296875 0.025
0 0.78125 0.6890625 0.03125 0.028125
0 0.9515625 0.7640625 0.0390625 0.03125
0 0.77734375 0.3578125 0.053125 0.0453125
0 0.00234375 0.00234375 0.0046875 0.0046875