0 0.7546875 0.09140625 0.028125 0.0265625
0 0.11796875 0.36328125 0.03125 0.0296875
0 0.07421875 0.19921875 0.03125 0.0296875
0 0.3171875 0.08203125 0.0265625 0.025
0 0.31953125 0.1578125 0.03125 0.0296875
0 0.25859375 0.2140625 0.0265625 0.025
0 0.31015625 0.35 0.0625 0.0578125
0 0.165625 0.73671875 0.053125 0.0484375
0 0.734375 0.74765625 0.0453125 0.04375
0 0.72109375 0.81015625 0.028125 0.0265625
0 0.66796875 0.5046875 0.04375 0.040625
0 0.57578125 0.36796875 0.03125 0.0296875
0 0.5515625 0.41015625 0.034375 0.03125
0 0.51328125 0.4171875 0.0390625 0.0359375
0 0.484375 0.4515625 0.0453125 0.040625
0 0.76328125 0.3390625 0.03125 0.0296875
0 0.78515625 0.18125 0.0359375 0.0328125
0 0.91796875 0.5828125 0.03125 0.028125