0 0.4109375 0.97109375 0.0484375 0.04375
0 0.2859375 0.94453125 0.0296875 0.0265625
0 0.7609375 0.7796875 0.0546875 0.0515625
0 0.63125 0.88125 0.034375 0.03125
0 0.62265625 0.81953125 0.040625 0.0390625
0 0.67890625 0.89765625 0.0796875 0.071875
0 0.553125 0.8421875 0.0703125 0.065625
0 0.525 0.8125 0.0921875 0.084375
0 0.44921875 0.82578125 0.0625 0.05625
0 0.41328125 0.8109375 0.0453125 0.040625
0 0.375 0.803125 0.04375 0.0390625
0 0.9515625 0.24296875 0.0296875 0.0265625
0 0.5046875 0.13203125 0.034375 0.03125
0 0.43125 0.20703125 0.034375 0.0296875
0 0.19375 0.73203125 0.0296875 0.025
0 0.25234375 0.81875 0.0609375 0.05625
0 0.203125 0.8328125 0.128125 0.115625
0 0.2671875 0.8609375 0.0484375 0.0453125
0 0.39453125 0.88125 0.034375 0.03125
0 0.23046875 0.9421875 0.034375 0.03125
0 0.0140625 0.5375 0.028125 0.040625
0 0.0796875 0.33671875 0.0359375 0.03125
0 0.5328125 0.07421875 0.03125 0.0296875
0 0.1515625 0.1234375 0.03125 0.0296875
0 0.2296875 0.0765625 0.053125 0.0484375
0 0.303125 0.83203125 0.0953125 0.0875
0 0.9828125 0.47734375 0.0265625 0.025