0 0.06953125 0.21015625 0.0578125 0.0484375
0 0.1921875 0.33671875 0.0375 0.03125
0 0.1578125 0.359375 0.0328125 0.0265625
0 0.20546875 0.40625 0.040625 0.034375
0 0.01796875 0.4078125 0.03125 0.0234375
0 0.41953125 0.21171875 0.0515625 0.040625
0 0.7359375 0.29296875 0.0484375 0.040625
0 0.6515625 0.21484375 0.146875 0.11875
0 0.6921875 0.33671875 0.03125 0.0234375
0 0.7078125 0.3796875 0.04375 0.0359375
0 0.7515625 0.3734375 0.03125 0.0265625
0 0.75390625 0.396875 0.03125 0.0265625
0 0.50703125 0.071875 0.0453125 0.0359375
0 0.6 0.09609375 0.221875 0.178125
0 0.915625 0.634375 0.0984375 0.0796875
0 0.7765625 0.60703125 0.1921875 0.15625
0 0.9421875 0.540625 0.0453125 0.0359375
0 0.59375 0.5734375 0.2890625 0.2328125
0 0.5609375 0.69609375 0.034375 0.0265625
0 0.38359375 0.58046875 0.1234375 0.0984375
0 0.940625 0.4015625 0.11875 0.1
0 0.4546875 0.0921875 0.0390625 0.03125
0 0.8140625 0.73671875 0.03125 0.025
0 0.78828125 0.82421875 0.034375 0.0265625
0 0.5734375 0.93359375 0.0578125 0.0453125
0 0.5796875 0.821875 0.196875 0.159375
0 0.62109375 0.7125 0.0921875 0.075
0 0.12890625 0.7921875 0.0390625 0.03125
0 0.3765625 0.8578125 0.1203125 0.096875
0 0.34375 0.74140625 0.3296875 0.2640625
0 0.43515625 0.66015625 0.0890625 0.071875
0 0.05546875 0.88828125 0.1109375 0.1078125
0 0.19140625 0.9125 0.0875 0.0703125
0 0.459375 0.7859375 0.0515625 0.040625