0 0.34609375 0.978125 0.0296875 0.0296875
0 0.3375 0.9546875 0.03125 0.03125
0 0.01171875 0.065625 0.0234375 0.028125
0 0.22265625 0.3546875 0.0765625 0.0765625
0 0.21484375 0.4671875 0.0265625 0.0265625
0 0.14765625 0.42890625 0.2953125 0.4421875
0 0.12265625 0.71640625 0.040625 0.040625
0 0.27265625 0.6703125 0.0453125 0.0453125
0 0.2875 0.71015625 0.03125 0.03125
0 0.290625 0.76796875 0.0359375 0.0359375
0 0.31953125 0.73828125 0.0296875 0.0296875
0 0.41328125 0.7453125 0.034375 0.034375
0 0.3328125 0.68515625 0.03125 0.03125
0 0.43046875 0.584375 0.04375 0.04375
0 0.41796875 0.678125 0.0265625 0.0265625
0 0.390625 0.6875 0.03125 0.03125
0 0.5015625 0.83515625 0.0359375 0.0359375
0 0.578125 0.9578125 0.0265625 0.0265625
0 0.52890625 0.96171875 0.040625 0.040625
0 0.1 0.765625 0.0453125 0.0453125
0 0.453125 0.53359375 0.084375 0.084375
0 0.49296875 0.5984375 0.0296875 0.028125
0 0.63828125 0.5578125 0.028125 0.028125
0 0.56484375 0.57421875 0.0265625 0.0265625
0 0.7828125 0.56640625 0.04375 0.04375
0 0.9109375 0.4890625 0.1078125 0.1078125
0 0.7765625 0.67421875 0.0625 0.0625
0 0.703125 0.86796875 0.0390625 0.0390625
0 0.759375 0.94375 0.034375 0.034375
0 0.74609375 0.9734375 0.04375 0.04375
0 0.81015625 0.97265625 0.0265625 0.0265625
0 0.73203125 0.5640625 0.04375 0.04375
0 0.58046875 0.61328125 0.09375 0.09375
0 0.49296875 0.44140625 0.0703125 0.0703125
0 0.64296875 0.7078125 0.3828125 0.3828125
0 0.7984375 0.61875 0.053125 0.053125
0 0.6984375 0.6390625 0.1203125 0.11875
0 0.63671875 0.7796875 0.0265625 0.0265625
0 0.734375 0.70546875 0.03125 0.03125
0 0.83203125 0.490625 0.0390625 0.0390625
0 0.8375 0.415625 0.0609375 0.0609375
0 0.75859375 0.50625 0.0546875 0.05625
0 0.7015625 0.421875 0.0265625 0.0265625
0 0.77421875 0.4515625 0.0703125 0.0703125
0 0.51171875 0.54296875 0.03125 0.03125
0 0.984375 0.2953125 0.03125 0.040625
0 0.8703125 0.05546875 0.115625 0.1109375
0 0.8578125 0.15625 0.053125 0.053125
0 0.75 0.35 0.0296875 0.0296875
0 0.62734375 0.078125 0.2515625 0.15625
0 0.6984375 0.18125 0.059375 0.0609375
0 0.2359375 0.02734375 0.06875 0.0546875
0 0.7171875 0.228125 0.0453125 0.0453125
0 0.421875 0.09375 0.2046875 0.1875
0 0.16484375 0.109375 0.1625 0.1640625
0 0.196875 0.23046875 0.071875 0.071875
0 0.82421875 0.50625 0.065625 0.065625