0 0.0015625 0.00078125 0.0015625 0.0015625
0 0.68984375 0.6671875 0.2484375 0.190625
0 0.265625 0.046875 0.0359375 0.0296875
0 0.19609375 0.025 0.0328125 0.0265625
0 0.16953125 0.78984375 0.0359375 0.0296875
0 0.26796875 0.7875 0.0328125 0.0265625
0 0.13125 0.59765625 0.0359375 0.0296875
0 0.084375 0.43359375 0.0671875 0.053125
0 0.084375 0.3375 0.034375 0.0265625
0 0.10078125 0.2296875 0.0359375 0.0265625
0 0.115625 0.15625 0.03125 0.025
0 0.24375 0.1671875 0.0359375 0.0296875
0 0.48203125 0.29921875 0.2 0.15625
0 0.678125 0.17421875 0.040625 0.03125
0 0.4234375 0.44375 0.071875 0.05625
0 0.1859375 0.38671875 0.03125 0.025
0 0.26171875 0.42890625 0.0453125 0.0359375
0 0.21484375 0.61875 0.0484375 0.0390625
0 0.490625 0.68046875 0.04375 0.034375
0 0.4984375 0.7328125 0.04375 0.034375
0 0.5484375 0.7046875 0.075 0.0578125
0 0.83046875 0.9015625 0.034375 0.0265625
0 0.94609375 0.14765625 0.0671875 0.053125
0 0.66953125 0.98515625 0.0484375 0.0296875
0 0.52265625 0.95703125 0.0609375 0.0453125
0 0.4109375 0.9546875 0.071875 0.05625
0 0.26953125 0.97265625 0.0453125 0.0359375
0 0.0140625 0.0765625 0.028125 0.03125