0 0.8609375 0.28125 0.04375 0.04375
0 0.91328125 0.34765625 0.034375 0.034375
0 0.92890625 0.38125 0.040625 0.040625
0 0.98515625 0.3359375 0.0296875 0.028125
0 0.50390625 0.0109375 0.034375 0.021875
0 0.38828125 0.0203125 0.040625 0.040625
0 0.28828125 0.015625 0.034375 0.03125
0 0.35546875 0.16328125 0.065625 0.0640625
0 0.41015625 0.17890625 0.0296875 0.0296875
0 0.4265625 0.22109375 0.034375 0.034375
0 0.4265625 0.203125 0.034375 0.034375
0 0.4265625 0.36875 0.03125 0.03125
0 0.6921875 0.303125 0.03125 0.03125
0 0.69609375 0.2234375 0.0515625 0.0484375
0 0.13359375 0.36875 0.0265625 0.0265625
0 0.35 0.23203125 0.0546875 0.05625
0 0.9703125 0.2671875 0.0296875 0.0296875
0 0.05546875 0.08515625 0.1109375 0.1703125
0 0.1 0.1671875 0.040625 0.040625
0 0.0734375 0.2296875 0.065625 0.065625
0 0.0453125 0.95546875 0.040625 0.040625
0 0.0828125 0.9125 0.0390625 0.0390625
0 0.14453125 0.9390625 0.0265625 0.0265625
0 0.515625 0.88671875 0.0390625 0.0390625
0 0.48203125 0.93984375 0.065625 0.065625
0 0.05390625 0.57109375 0.0390625 0.0390625
0 0.01328125 0.50625 0.0265625 0.040625
0 0.11796875 0.40859375 0.071875 0.071875
0 0.1921875 0.6546875 0.025 0.025
0 0.31484375 0.56015625 0.0296875 0.028125
0 0.3328125 0.51171875 0.0453125 0.0453125
0 0.334375 0.6109375 0.0578125 0.0578125
0 0.3265625 0.68125 0.0546875 0.05625
0 0.44453125 0.6734375 0.0515625 0.0515625
0 0.3640625 0.9375 0.084375 0.084375
0 0.34140625 0.86328125 0.0796875 0.0765625
0 0.47265625 0.8125 0.0359375 0.0359375
0 0.5359375 0.634375 0.0484375 0.0484375
0 0.56875 0.5953125 0.034375 0.034375
0 0.66484375 0.7765625 0.0265625 0.0265625
0 0.5875 0.8578125 0.0265625 0.0265625
0 0.5640625 0.87109375 0.0265625 0.0265625
0 0.63671875 0.9671875 0.0296875 0.0296875
0 0.75625 0.91015625 0.03125 0.03125
0 0.69921875 0.9015625 0.025 0.025
0 0.69609375 0.865625 0.028125 0.0296875
0 0.7921875 0.98046875 0.04375 0.0390625
0 0.97734375 0.94921875 0.03125 0.03125
0 0.91015625 0.97734375 0.0296875 0.0296875
0 0.9796875 0.884375 0.025 0.025
0 0.87734375 0.81484375 0.0265625 0.0265625
0 0.84140625 0.81875 0.040625 0.040625
0 0.828125 0.7921875 0.034375 0.034375
0 0.77265625 0.6859375 0.03125 0.03125
0 0.5140625 0.60703125 0.0453125 0.0453125
0 0.5015625 0.5828125 0.025 0.0234375
0 0.53125 0.53828125 0.04375 0.04375
0 0.6203125 0.42578125 0.040625 0.040625
0 0.70546875 0.48203125 0.040625 0.040625
0 0.81640625 0.44609375 0.0390625 0.0390625
0 0.77734375 0.4640625 0.040625 0.040625
0 0.83984375 0.4015625 0.0578125 0.0578125
0 0.73828125 0.4546875 0.04375 0.04375
0 0.68125 0.34375 0.028125 0.0296875
0 0.88671875 0.225 0.0515625 0.0515625
0 0.771875 0.7171875 0.034375 0.034375
0 0.80546875 0.71484375 0.0359375 0.0359375
0 0.80546875 0.6890625 0.025 0.025
0 0.82578125 0.6359375 0.0515625 0.0515625
0 0.875 0.57578125 0.0390625 0.0390625
0 0.921875 0.6078125 0.03125 0.03125
0 0.91015625 0.4203125 0.03125 0.03125
0 0.77890625 0.59375 0.0359375 0.0359375
0 0.97265625 0.72109375 0.0453125 0.0453125
0 0.85234375 0.68359375 0.0390625 0.0390625
0 0.50390625 0.05078125 0.025 0.025
0 0.3734375 0.07109375 0.0296875 0.0296875
0 0.41484375 0.009375 0.0265625 0.01875
0 0.12109375 0.959375 0.034375 0.034375
0 0.14453125 0.96875 0.0296875 0.0296875
0 0.5640625 0.70703125 0.03125 0.03125
0 0.72578125 0.7140625 0.0515625 0.0515625
0 0.8125 0.56640625 0.0453125 0.0453125
0 0.93984375 0.6734375 0.053125 0.053125
0 0.984375 0.68359375 0.0296875 0.0296875
0 0.66796875 0.9265625 0.034375 0.034375
0 0.60703125 0.9234375 0.025 0.025
0 0.53828125 0.78984375 0.034375 0.034375
0 0.59609375 0.9796875 0.028125 0.0296875
0 0.6609375 0.85234375 0.028125 0.0296875
0 0.62109375 0.73203125 0.0484375 0.0484375
0 0.6859375 0.70703125 0.04375 0.04375
0 0.83984375 0.515625 0.05625 0.05625
0 0.7484375 0.93046875 0.0890625 0.0890625
0 0.24140625 0.5515625 0.4828125 0.5515625