0 0.1546875 0.709375 0.309375 0.365625
0 0.00234375 0.00234375 0.0015625 0.0015625
0 0.11328125 0.88203125 0.053125 0.040625
0 0.359375 0.8734375 0.0359375 0.0265625
0 0.4 0.890625 0.1453125 0.1140625
0 0.290625 0.89921875 0.0953125 0.075
0 0.59609375 0.77265625 0.09375 0.075
0 0.7140625 0.82578125 0.075 0.0578125
0 0.96171875 0.94609375 0.0453125 0.0359375
0 0.821875 0.21640625 0.134375 0.103125
0 0.8109375 0.15234375 0.0578125 0.0453125
0 0.75703125 0.13125 0.0515625 0.0390625
0 0.90625 0.2859375 0.128125 0.0984375
0 0.92421875 0.2671875 0.0453125 0.0359375
0 0.7828125 0.67578125 0.3609375 0.28125
0 0.546875 0.696875 0.0890625 0.0703125
0 0.4953125 0.64921875 0.1140625 0.0859375
0 0.46875 0.57109375 0.0484375 0.0359375
0 0.48828125 0.4359375 0.0484375 0.0390625
0 0.63359375 0.6703125 0.0515625 0.0390625
0 0.5015625 0.4796875 0.2 0.15625
0 0.42578125 0.3640625 0.1875 0.146875
0 0.55390625 0.19375 0.1609375 0.125
0 0.90390625 0.3859375 0.040625 0.03125
0 0.36875 0.03515625 0.0578125 0.04375
0 0.1984375 0.1625 0.0609375 0.0453125
0 0.25 0.24296875 0.075 0.0578125
0 0.109375 0.29921875 0.0453125 0.0359375
0 0.29296875 0.6234375 0.034375 0.0265625
0 0.16796875 0.06875 0.0359375 0.0265625
0 0.125 0.07109375 0.040625 0.03125
0 0.725 0.39296875 0.0390625 0.03125
0 0.39921875 0.01328125 0.0578125 0.0265625
0 0.52421875 0.0921875 0.053125 0.040625
0 0.6875 0.12890625 0.0359375 0.0265625