0 0.68984375 0.84375 0.0453125 0.034375
0 0.6765625 0.775 0.0484375 0.0359375
0 0.63828125 0.69921875 0.0515625 0.0359375
0 0.45078125 0.76796875 0.071875 0.053125
0 0.696875 0.63671875 0.040625 0.03125
0 0.584375 0.71171875 0.0453125 0.034375
0 0.35234375 0.803125 0.0390625 0.0265625
0 0.28984375 0.86640625 0.0453125 0.034375
0 0.23203125 0.9328125 0.034375 0.025
0 0.2828125 0.709375 0.0578125 0.04375
0 0.0375 0.053125 0.075 0.053125
0 0.17421875 0.03125 0.0390625 0.0265625
0 0.56640625 0.0515625 0.0359375 0.0265625
0 0.19921875 0.28515625 0.09375 0.0671875
0 0.09609375 0.4046875 0.0796875 0.0578125
0 0.47734375 0.30078125 0.0390625 0.0265625
0 0.68125 0.53515625 0.0390625 0.0265625
0 0.803125 0.4578125 0.0515625 0.0390625
0 0.87109375 0.15 0.1421875 0.103125
0 0.87265625 0.09609375 0.1078125 0.0765625
0 0.9109375 0.02421875 0.0875 0.0484375
0 0.9125 0.4859375 0.0390625 0.0296875
0 0.4171875 0.8484375 0.0359375 0.0265625
0 0.36875 0.884375 0.0453125 0.034375