0 0.00234375 0.0015625 0.0015625 0.0015625
0 0.66484375 0.0140625 0.0609375 0.028125
0 0.56640625 0.09765625 0.04375 0.040625
0 0.55546875 0.1234375 0.0265625 0.025
0 0.96484375 0.01796875 0.0296875 0.0265625
0 0.51328125 0.10546875 0.0453125 0.040625
0 0.6453125 0.11796875 0.0359375 0.034375
0 0.5359375 0.21640625 0.053125 0.0515625
0 0.4265625 0.134375 0.040625 0.0390625
0 0.3078125 0.13671875 0.0265625 0.025
0 0.6453125 0.2875 0.028125 0.0265625
0 0.30546875 0.28828125 0.125 0.115625
0 0.46875 0.3125 0.1109375 0.103125
0 0.74140625 0.1875 0.1875 0.1765625
0 0.77421875 0.13359375 0.028125 0.0296875
0 0.740625 0.15 0.03125 0.0296875
0 0.42890625 0.24296875 0.115625 0.10625
0 0.4125 0.29921875 0.0265625 0.0234375
0 0.603125 0.16015625 0.0265625 0.0265625
0 0.1578125 0.0171875 0.0390625 0.034375
0 0.05390625 0.61640625 0.1078125 0.1921875
0 0.03984375 0.28515625 0.065625 0.0609375
0 0.125 0.24609375 0.0609375 0.05625
0 0.19375 0.40234375 0.0359375 0.034375
0 0.1734375 0.321875 0.0484375 0.0453125
0 0.35546875 0.4640625 0.03125 0.0296875
0 0.37890625 0.41953125 0.0296875 0.0265625
0 0.509375 0.50390625 0.0578125 0.053125
0 0.12109375 0.1625 0.0296875 0.0265625
0 0.07578125 0.15625 0.0359375 0.034375
0 0.115625 0.8453125 0.0484375 0.04375
0 0.0625 0.81953125 0.125 0.1390625
0 0.025 0.740625 0.0296875 0.0265625
0 0.14296875 0.7203125 0.096875 0.0890625
0 0.06640625 0.71484375 0.0515625 0.0453125
0 0.24609375 0.81875 0.03125 0.0296875
0 0.2359375 0.3703125 0.1015625 0.09375
0 0.4984375 0.7015625 0.0390625 0.0359375
0 0.665625 0.6109375 0.103125 0.096875
0 0.6140625 0.490625 0.134375 0.125
0 0.6671875 0.75 0.0359375 0.034375
0 0.5921875 0.76796875 0.028125 0.0265625
0 0.65234375 0.8078125 0.0265625 0.0234375
0 0.74296875 0.7046875 0.059375 0.05625
0 0.6890625 0.7015625 0.0265625 0.025
0 0.828125 0.50234375 0.0265625 0.025
0 0.6671875 0.384375 0.028125 0.0265625
0 0.47734375 0.46171875 0.09375 0.0875
0 0.8125 0.896875 0.0984375 0.0890625
0 0.86875 0.92890625 0.03125 0.0296875
0 0.5671875 0.88359375 0.2234375 0.2046875
0 0.546875 0.91953125 0.0296875 0.0265625
0 0.49140625 0.9109375 0.0453125 0.04375
0 0.9796875 0.875 0.040625 0.0390625
0 0.71640625 0.83046875 0.071875 0.0671875
0 0.49375 0.984375 0.034375 0.03125
0 0.8546875 0.26171875 0.053125 0.0484375
0 0.271875 0.70078125 0.0703125 0.065625