0 0.0015625 0.0015625 0.003125 0.003125
0 0.9421875 0.2203125 0.0484375 0.0453125
0 0.8265625 0.384375 0.0921875 0.084375
0 0.77734375 0.37734375 0.0671875 0.0625
0 0.709375 0.390625 0.0265625 0.0265625
0 0.584375 0.30078125 0.0578125 0.05625
0 0.5421875 0.2015625 0.0265625 0.0265625
0 0.728125 0.303125 0.03125 0.0296875
0 0.75703125 0.28515625 0.0359375 0.034375
0 0.8578125 0.28984375 0.03125 0.0296875
0 0.8296875 0.2671875 0.03125 0.0296875
0 0.96640625 0.07109375 0.0265625 0.0265625
0 0.88125 0.15 0.10625 0.1015625
0 0.85 0.0515625 0.0703125 0.065625
0 0.87265625 0.0796875 0.0765625 0.071875
0 0.665625 0.0640625 0.0578125 0.05625
0 0.025 0.1046875 0.034375 0.03125
0 0.1140625 0.234375 0.0984375 0.0921875
0 0.0796875 0.11171875 0.03125 0.0296875
0 0.4734375 0.28359375 0.1109375 0.103125
0 0.25859375 0.41484375 0.0296875 0.0265625
0 0.0453125 0.859375 0.03125 0.0296875
0 0.17421875 0.52890625 0.03125 0.028125
0 0.15234375 0.5359375 0.0359375 0.034375
0 0.26171875 0.7609375 0.040625 0.0390625
0 0.20703125 0.728125 0.0515625 0.0453125
0 0.12890625 0.8640625 0.0703125 0.065625
0 0.21015625 0.859375 0.0390625 0.0359375
0 0.21015625 0.8234375 0.0390625 0.0359375
0 0.375 0.86328125 0.0359375 0.034375
0 0.32109375 0.83671875 0.0359375 0.034375
0 0.25234375 0.803125 0.0296875 0.0265625
0 0.00078125 0.00234375 0.0015625 0.0015625
0 0.05078125 0.9125 0.0578125 0.053125
0 0.51328125 0.9875 0.0265625 0.025
0 0.6109375 0.93984375 0.028125 0.0265625
0 0.69609375 0.86796875 0.028125 0.0265625
0 0.7921875 0.8375 0.071875 0.0671875
0 0.79453125 0.93046875 0.0765625 0.071875
0 0.7453125 0.92890625 0.028125 0.0265625
0 0.69609375 0.80078125 0.04375 0.040625
0 0.709375 0.821875 0.028125 0.0296875
0 0.6765625 0.75703125 0.0578125 0.0546875
0 0.6515625 0.796875 0.0859375 0.0796875
0 0.4546875 0.52265625 0.1328125 0.1234375
0 0.5671875 0.59765625 0.2 0.1875
0 0.571875 0.69453125 0.034375 0.03125
0 0.72265625 0.6578125 0.065625 0.059375
0 0.8234375 0.69609375 0.0703125 0.065625
0 0.7484375 0.72265625 0.071875 0.0671875
0 0.95078125 0.8890625 0.05625 0.053125
0 0.96640625 0.7140625 0.0578125 0.053125
0 0.95390625 0.60703125 0.0921875 0.0921875
0 0.93359375 0.66328125 0.0265625 0.0234375
0 0.8796875 0.81640625 0.240625 0.228125
0 0.86640625 0.59765625 0.0265625 0.025
0 0.14453125 0.3109375 0.0265625 0.0234375