0 0.928125 0.11796875 0.103125 0.09375
0 0.88359375 0.015625 0.0390625 0.03125
0 0.8796875 0.24765625 0.0359375 0.03125
0 0.646875 0.015625 0.05625 0.03125
0 0.65390625 0.0625 0.0890625 0.0796875
0 0.5171875 0.01796875 0.053125 0.0359375
0 0.5109375 0.07109375 0.071875 0.065625
0 0.5578125 0.06640625 0.03125 0.0265625
0 0.65625 0.17890625 0.0359375 0.0328125
0 0.62890625 0.13359375 0.0265625 0.025
0 0.55625 0.22265625 0.0703125 0.0625
0 0.39921875 0.28828125 0.084375 0.075
0 0.375 0.22578125 0.0296875 0.0265625
0 0.6703125 0.32578125 0.034375 0.0296875
0 0.646875 0.35 0.0390625 0.0359375
0 0.73671875 0.41796875 0.0484375 0.04375
0 0.90859375 0.44375 0.065625 0.0578125
0 0.946875 0.32578125 0.0265625 0.0234375
0 0.9796875 0.46171875 0.0296875 0.025
0 0.94453125 0.54921875 0.0828125 0.071875
0 0.88828125 0.5578125 0.034375 0.03125
0 0.77265625 0.48046875 0.034375 0.03125
0 0.67578125 0.46171875 0.0296875 0.0265625
0 0.74765625 0.52265625 0.0484375 0.04375
0 0.4015625 0.42890625 0.0484375 0.04375
0 0.31640625 0.46171875 0.0609375 0.053125
0 0.27734375 0.44140625 0.040625 0.0359375
0 0.2546875 0.41953125 0.0453125 0.040625
0 0.41484375 0.4984375 0.128125 0.1140625
0 0.25625 0.5171875 0.0453125 0.040625
0 0.2921875 0.51328125 0.0390625 0.034375
0 0.30390625 0.57421875 0.040625 0.0359375
0 0.4953125 0.525 0.0296875 0.0265625
0 0.6265625 0.59375 0.0515625 0.04375
0 0.3890625 0.03828125 0.034375 0.0296875
0 0.3296875 0.0265625 0.040625 0.0359375
0 0.13671875 0.115625 0.1015625 0.090625
0 0.08671875 0.05625 0.0359375 0.03125
0 0.24609375 0.19140625 0.0703125 0.0625
0 0.02890625 0.2140625 0.053125 0.0453125
0 0.10546875 0.2859375 0.0703125 0.0625
0 0.1203125 0.22109375 0.1515625 0.134375
0 0.0765625 0.16484375 0.0484375 0.04375
0 0.21015625 0.08984375 0.0265625 0.025
0 0.16015625 0.384375 0.03125 0.0265625
0 0.0734375 0.775 0.146875 0.1375
0 0.02890625 0.5671875 0.04375 0.0390625
0 0.04453125 0.3015625 0.053125 0.0484375
0 0.17578125 0.30390625 0.0578125 0.053125
0 0.1203125 0.33515625 0.0546875 0.0515625
0 0.040625 0.46484375 0.034375 0.0296875
0 0.1453125 0.525 0.0515625 0.0453125
0 0.14921875 0.578125 0.0359375 0.03125
0 0.19375 0.6140625 0.0578125 0.053125
0 0.19453125 0.6625 0.040625 0.0359375
0 0.1625 0.734375 0.0875 0.0765625
0 0.21015625 0.7140625 0.0578125 0.0515625
0 0.23671875 0.66484375 0.065625 0.0578125
0 0.33203125 0.69609375 0.0703125 0.0625
0 0.2234375 0.93125 0.034375 0.0296875
0 0.22265625 0.9171875 0.1375 0.1203125
0 0.38828125 0.8140625 0.0890625 0.0796875
0 0.42578125 0.74375 0.071875 0.065625
0 0.41796875 0.65390625 0.1296875 0.115625
0 0.51328125 0.61875 0.0296875 0.0265625
0 0.52734375 0.6609375 0.0703125 0.0625
0 0.56640625 0.6203125 0.0671875 0.059375
0 0.6421875 0.66953125 0.0453125 0.040625
0 0.5921875 0.69453125 0.065625 0.0578125
0 0.53515625 0.74296875 0.0671875 0.059375
0 0.6578125 0.82109375 0.065625 0.0578125
0 0.7234375 0.6546875 0.096875 0.0875
0 0.79453125 0.59140625 0.0484375 0.040625
0 0.83671875 0.63125 0.0921875 0.0796875
0 0.80390625 0.7390625 0.034375 0.03125
0 0.71640625 0.80078125 0.0625 0.05625
0 0.71640625 0.89296875 0.09375 0.0828125
0 0.65 0.884375 0.05625 0.0515625
0 0.55390625 0.978125 0.0265625 0.025
0 0.26953125 0.78984375 0.071875 0.065625
0 0.31953125 0.71640625 0.15625 0.1390625
0 0.31953125 0.6234375 0.0828125 0.071875
0 0.4375 0.41953125 0.05625 0.0515625
0 0.38671875 0.36796875 0.0359375 0.03125
0 0.96875 0.81875 0.0484375 0.04375
0 0.89453125 0.91953125 0.0578125 0.0515625
0 0.8015625 0.80859375 0.0296875 0.0265625
0 0.75859375 0.83671875 0.0390625 0.034375
0 0.9875 0.3359375 0.025 0.028125
0 0.9515625 0.396875 0.075 0.0671875
0 0.053125 0.08515625 0.10625 0.1015625