0 0.9640625 0.3796875 0.071875 0.0796875
0 0.91484375 0.56875 0.0359375 0.0359375
0 0.8703125 0.609375 0.0515625 0.0515625
0 0.94453125 0.6234375 0.0265625 0.0265625
0 0.7203125 0.6203125 0.028125 0.028125
0 0.90234375 0.1921875 0.03125 0.03125
0 0.63671875 0.50234375 0.025 0.025
0 0.578125 0.41953125 0.0296875 0.0296875
0 0.3265625 0.11875 0.04375 0.04375
0 0.31484375 0.09140625 0.0234375 0.025
0 0.26796875 0.15625 0.0234375 0.025
0 0.2296875 0.19609375 0.0296875 0.0296875
0 0.1734375 0.1265625 0.053125 0.053125
0 0.09375 0.2046875 0.0578125 0.0578125
0 0.01171875 0.19921875 0.0234375 0.0453125
0 0.63828125 0.2609375 0.0390625 0.0390625
0 0.1578125 0.865625 0.2 0.2
0 0.0171875 0.57421875 0.0265625 0.0265625
0 0.4375 0.7015625 0.0265625 0.0265625
0 0.56640625 0.5890625 0.2359375 0.2359375
0 0.61328125 0.5609375 0.040625 0.040625
0 0.79921875 0.6859375 0.0484375 0.0484375
0 0.86640625 0.90390625 0.0296875 0.0296875
0 0.84140625 0.9234375 0.0265625 0.0265625
0 0.42890625 0.80078125 0.1953125 0.1953125
0 0.734375 0.64765625 0.025 0.0234375
0 0.946875 0.6671875 0.025 0.0234375
0 0.75234375 0.78359375 0.028125 0.028125
0 0.7203125 0.69921875 0.090625 0.0921875
0 0.365625 0.34609375 0.1375 0.1375