0 0.81484375 0.4515625 0.3015625 0.246875
0 0.228125 0.27265625 0.45625 0.5453125
0 0.1984375 0.1265625 0.396875 0.2515625
0 0.9734375 0.640625 0.0390625 0.03125
0 0.7953125 0.609375 0.034375 0.0265625
0 0.66953125 0.64296875 0.03125 0.0265625
0 0.69375 0.6265625 0.03125 0.025
0 0.98515625 0.01953125 0.0296875 0.0265625
0 0.6203125 0.209375 0.0390625 0.03125
0 0.46875 0.3296875 0.034375 0.0265625
0 0.5015625 0.390625 0.0515625 0.04375
0 0.421875 0.44375 0.1453125 0.11875
0 0.10234375 0.53515625 0.03125 0.0265625
0 0.040625 0.58671875 0.03125 0.0265625
0 0.1609375 0.6859375 0.096875 0.0765625
0 0.0734375 0.7171875 0.034375 0.028125
0 0.03359375 0.7609375 0.0390625 0.03125
0 0.025 0.78828125 0.03125 0.0265625
0 0.04296875 0.8421875 0.040625 0.034375
0 0.2171875 0.0609375 0.03125 0.025
0 0.22265625 0.9515625 0.0296875 0.025
0 0.96171875 0.79453125 0.034375 0.028125
0 0.453125 0.7859375 0.0359375 0.0296875
0 0.5140625 0.875 0.0390625 0.03125