0 0.27265625 0.85546875 0.034375 0.034375
0 0.26796875 0.78515625 0.0296875 0.0296875
0 0.51171875 0.87265625 0.0484375 0.0484375
0 0.615625 0.82421875 0.028125 0.0265625
0 0.61640625 0.85 0.071875 0.0703125
0 0.53359375 0.90625 0.059375 0.0609375
0 0.53984375 0.94140625 0.0359375 0.034375
0 0.83671875 0.52421875 0.03125 0.03125
0 0.8578125 0.57578125 0.0390625 0.0390625
0 0.76171875 0.5765625 0.0265625 0.025
0 0.74296875 0.5921875 0.0359375 0.034375
0 0.72109375 0.64921875 0.0265625 0.0265625
0 0.68359375 0.671875 0.0359375 0.0359375
0 0.646875 0.67578125 0.025 0.025
0 0.58046875 0.33671875 0.0265625 0.0234375
0 0.9375 0.26953125 0.03125 0.03125
0 0.7859375 0.209375 0.0265625 0.025
0 0.803125 0.32578125 0.03125 0.03125
0 0.56640625 0.97265625 0.025 0.025
0 0.44453125 0.928125 0.0265625 0.0265625
0 0.79921875 0.73828125 0.0390625 0.0390625
0 0.97109375 0.91484375 0.03125 0.0296875