0 0.725 0.0171875 0.053125 0.034375
0 0.67578125 0.00859375 0.0296875 0.0171875
0 0.1828125 0.0296875 0.05625 0.0515625
0 0.13671875 0.0328125 0.0296875 0.0265625
0 0.228125 0.1390625 0.0359375 0.034375
0 0.1921875 0.134375 0.04375 0.040625
0 0.10546875 0.1515625 0.0921875 0.084375
0 0.303125 0.04453125 0.0359375 0.034375
0 0.32421875 0.06875 0.0703125 0.0625
0 0.4671875 0.19140625 0.034375 0.03125
0 0.4640625 0.08671875 0.0453125 0.040625
0 0.5625 0.01953125 0.0484375 0.0390625
0 0.6 0.084375 0.0484375 0.0453125
0 0.703125 0.11640625 0.16875 0.1546875
0 0.61640625 0.19453125 0.0359375 0.034375
0 0.69921875 0.2359375 0.053125 0.0484375
0 0.81640625 0.1671875 0.0515625 0.0453125
0 0.91015625 0.07578125 0.1015625 0.0921875
0 0.9046875 0.0203125 0.071875 0.040625
0 0.33671875 0.20078125 0.0390625 0.0359375
0 0.828125 0.271875 0.0453125 0.04375
0 0.94296875 0.42109375 0.1140625 0.1046875
0 0.85703125 0.3546875 0.040625 0.0359375
0 0.86171875 0.3015625 0.0359375 0.034375
0 0.740625 0.36796875 0.04375 0.040625
0 0.78828125 0.37890625 0.040625 0.0390625
0 0.8140625 0.38671875 0.0453125 0.04375
0 0.8578125 0.3890625 0.0671875 0.0625
0 0.75234375 0.43515625 0.028125 0.0265625
0 0.765625 0.4984375 0.0453125 0.040625
0 0.8546875 0.44609375 0.034375 0.03125
0 0.8578125 0.5109375 0.034375 0.03125
0 0.88203125 0.578125 0.0578125 0.053125
0 0.57421875 0.4828125 0.040625 0.0390625
0 0.5765625 0.44921875 0.0390625 0.034375
0 0.52421875 0.459375 0.0546875 0.0515625
0 0.2875 0.3015625 0.084375 0.0765625
0 0.2609375 0.62109375 0.034375 0.0296875
0 0.334375 0.56953125 0.03125 0.028125
0 0.31015625 0.60078125 0.03125 0.0265625
0 0.0734375 0.63671875 0.040625 0.0390625
0 0.47578125 0.60546875 0.0484375 0.04375
0 0.51171875 0.6359375 0.0359375 0.034375
0 0.5625 0.546875 0.0609375 0.05625
0 0.56640625 0.29296875 0.1296875 0.1203125
0 0.4640625 0.50234375 0.103125 0.096875
0 0.421875 0.57578125 0.0796875 0.071875
0 0.58984375 0.59765625 0.03125 0.0296875
0 0.21171875 0.5796875 0.06875 0.0625
0 0.265625 0.5765625 0.0359375 0.03125
0 0.19375 0.7046875 0.0671875 0.059375
0 0.02890625 0.74140625 0.0578125 0.0625
0 0.0328125 0.81953125 0.065625 0.065625
0 0.12890625 0.7515625 0.075 0.0671875
0 0.18359375 0.75859375 0.0453125 0.04375
0 0.15390625 0.8140625 0.0671875 0.059375
0 0.08984375 0.8375 0.0265625 0.025
0 0.37734375 0.74765625 0.0484375 0.0453125
0 0.078125 0.55078125 0.0671875 0.0609375
0 0.65234375 0.7125 0.03125 0.028125
0 0.3140625 0.77890625 0.0453125 0.040625
0 0.56953125 0.875 0.0671875 0.0625
0 0.5453125 0.96015625 0.0359375 0.034375
0 0.28828125 0.93984375 0.1140625 0.103125
0 0.1078125 0.9359375 0.09375 0.084375
0 0.17890625 0.928125 0.09375 0.084375
0 0.71875 0.9375 0.075 0.0703125
0 0.67890625 0.90234375 0.0484375 0.04375
0 0.646875 0.88359375 0.034375 0.03125
0 0.69453125 0.8609375 0.034375 0.03125
0 0.6625 0.85078125 0.034375 0.03125
0 0.76171875 0.8859375 0.0359375 0.034375
0 0.8234375 0.8734375 0.059375 0.053125
0 0.81953125 0.94453125 0.1109375 0.0984375
0 0.84375 0.83203125 0.0296875 0.0265625
0 0.8171875 0.79296875 0.034375 0.03125
0 0.6546875 0.771875 0.0390625 0.0359375
0 0.5578125 0.7640625 0.090625 0.084375
0 0.41796875 0.78984375 0.03125 0.0296875
0 0.3796875 0.80625 0.0296875 0.0265625
0 0.28984375 0.82109375 0.075 0.0671875
0 0.359375 0.85 0.0703125 0.065625
0 0.7453125 0.72578125 0.0890625 0.0796875
0 0.8125 0.69140625 0.053125 0.0484375
0 0.9125 0.92578125 0.0515625 0.0453125
0 0.94140625 0.86796875 0.096875 0.0875
0 0.9046875 0.6234375 0.0484375 0.04375
0 0.203125 0.46015625 0.075 0.0671875
0 0.1625 0.42578125 0.0578125 0.053125
0 0.2140625 0.37890625 0.0578125 0.053125
0 0.2671875 0.75234375 0.1203125 0.1109375
0 0.0015625 0.0015625 0.003125 0.003125
0 0.2046875 0.27421875 0.2515625 0.23125
0 0.3765625 0.30625 0.0984375 0.0921875
0 0.30625 0.415625 0.1296875 0.1203125
0 0.3578125 0.1515625 0.0671875 0.0625
0 0.3859375 0.55078125 0.0703125 0.0625