0 0.22578125 0.0296875 0.03125 0.03125
0 0.0953125 0.16796875 0.034375 0.034375
0 0.0328125 0.0890625 0.0265625 0.0265625
0 0.57578125 0.23671875 0.040625 0.040625
0 0.53984375 0.271875 0.059375 0.0578125
0 0.5046875 0.2859375 0.0265625 0.0265625
0 0.58046875 0.41015625 0.040625 0.0390625
0 0.56484375 0.615625 0.028125 0.0265625
0 0.47265625 0.4484375 0.0875 0.084375
0 0.3265625 0.45078125 0.0390625 0.0390625
0 0.1734375 0.4890625 0.040625 0.040625
0 0.3484375 0.2671875 0.0484375 0.0484375
0 0.3125 0.27734375 0.025 0.025
0 0.27265625 0.0734375 0.0234375 0.025
0 0.4859375 0.046875 0.0296875 0.0296875
0 0.3921875 0.52421875 0.040625 0.0390625
0 0.19921875 0.61171875 0.15 0.146875
0 0.46171875 0.259375 0.0296875 0.0296875
0 0.0484375 0.59609375 0.0390625 0.0390625
0 0.03515625 0.61875 0.040625 0.0390625
0 0.03359375 0.65234375 0.0578125 0.05625
0 0.01953125 0.69140625 0.0390625 0.0625
0 0.1296875 0.71484375 0.0359375 0.0359375
0 0.1265625 0.775 0.0265625 0.0265625
0 0.11796875 0.80078125 0.03125 0.03125
0 0.50859375 0.6265625 0.0359375 0.0359375
0 0.5359375 0.5953125 0.0265625 0.0265625
0 0.178125 0.33984375 0.0328125 0.034375
0 0.053125 0.86796875 0.04375 0.040625
0 0.10078125 0.92578125 0.0390625 0.0359375
0 0.21171875 0.96484375 0.0359375 0.034375
0 0.27421875 0.8390625 0.0359375 0.0359375
0 0.5765625 0.93984375 0.0390625 0.0359375
0 0.3546875 0.9875 0.03125 0.025
0 0.4078125 0.80390625 0.0390625 0.0390625
0 0.23046875 0.17890625 0.4609375 0.3578125
0 0.50390625 0.2390625 0.04375 0.04375
0 0.24140625 0.53515625 0.0296875 0.0296875
0 0.2234375 0.48046875 0.0453125 0.0453125
0 0.4234375 0.009375 0.03125 0.01875
0 0.0640625 0.9234375 0.0359375 0.0359375
0 0.41484375 0.915625 0.0546875 0.053125
0 0.60234375 0.49296875 0.0515625 0.0515625