0 0.38671875 0.26328125 0.7734375 0.5265625
0 0.05078125 0.43515625 0.0515625 0.0484375
0 0.0203125 0.3640625 0.040625 0.053125
0 0.02421875 0.5765625 0.0484375 0.0796875
0 0.1 0.66484375 0.0484375 0.0453125
0 0.734375 0.3109375 0.034375 0.03125
0 0.865625 0.33515625 0.03125 0.03125
0 0.6390625 0.3921875 0.028125 0.0265625
0 0.775 0.7515625 0.0890625 0.084375
0 0.66328125 0.54453125 0.0265625 0.025
0 0.60546875 0.6515625 0.0359375 0.034375
0 0.59765625 0.7296875 0.0484375 0.04375
0 0.4828125 0.91796875 0.053125 0.0515625
0 0.3890625 0.8234375 0.034375 0.03125
0 0.25625 0.859375 0.040625 0.0390625
0 0.25625 0.08984375 0.03125 0.03125
0 0.7359375 0.81640625 0.0390625 0.0359375
0 0.69375 0.85546875 0.0390625 0.0359375
0 0.475 0.66328125 0.0359375 0.034375
0 0.07421875 0.60703125 0.0390625 0.0359375
0 0.0203125 0.515625 0.040625 0.0453125
0 0.015625 0.78984375 0.0265625 0.025
0 0.1875 0.9125 0.0390625 0.0359375
0 0.22265625 0.9 0.0296875 0.0296875