0 0.63203125 0.46640625 0.375 0.35625
0 0.9265625 0.9265625 0.075 0.0703125
0 0.93515625 0.85546875 0.0359375 0.0359375
0 0.915625 0.8171875 0.0484375 0.0453125
0 0.87734375 0.77734375 0.0671875 0.065625
0 0.8109375 0.90625 0.053125 0.0515625
0 0.728125 0.9078125 0.040625 0.0390625
0 0.72265625 0.96484375 0.0703125 0.065625
0 0.765625 0.959375 0.0359375 0.034375
0 0.6828125 0.9828125 0.028125 0.0296875
0 0.51953125 0.97734375 0.0484375 0.0453125
0 0.79296875 0.86796875 0.04375 0.040625
0 0.51796875 0.75 0.040625 0.0390625
0 0.39296875 0.91484375 0.0265625 0.025
0 0.36875 0.86328125 0.03125 0.0296875
0 0.52734375 0.88203125 0.0296875 0.0265625
0 0.40859375 0.8796875 0.2546875 0.240625
0 0.3109375 0.77421875 0.0296875 0.028125
0 0.2515625 0.7515625 0.040625 0.0390625
0 0.09609375 0.75 0.0375 0.0359375
0 0.15859375 0.90234375 0.071875 0.0703125
0 0.11875 0.9390625 0.040625 0.0390625
0 0.16328125 0.95546875 0.0296875 0.0265625
0 0.03515625 0.95546875 0.0578125 0.05625
0 0.05390625 0.86875 0.0625 0.0578125
0 0.17421875 0.8484375 0.0296875 0.0265625
0 0.1109375 0.82578125 0.0296875 0.0296875
0 0.1390625 0.865625 0.0390625 0.0359375
0 0.0875 0.90390625 0.0296875 0.0296875
0 0.084375 0.0828125 0.16875 0.165625
0 0.1703125 0.2328125 0.075 0.0703125
0 0.1 0.2796875 0.0765625 0.071875
0 0.02890625 0.490625 0.0578125 0.065625
0 0.15390625 0.35546875 0.09375 0.0890625
0 0.2390625 0.415625 0.0671875 0.0625
0 0.0921875 0.68984375 0.04375 0.040625
0 0.04921875 0.68046875 0.05625 0.053125
0 0.2046875 0.55390625 0.0703125 0.0671875
0 0.3140625 0.58046875 0.0484375 0.0453125
0 0.1984375 0.60703125 0.03125 0.028125
0 0.20078125 0.63671875 0.034375 0.03125
0 0.46015625 0.61171875 0.0625 0.059375
0 0.41796875 0.553125 0.0515625 0.0484375
0 0.40625 0.47109375 0.04375 0.040625
0 0.421875 0.50234375 0.040625 0.0390625
0 0.41328125 0.43515625 0.03125 0.0296875
0 0.4 0.39296875 0.071875 0.0671875
0 0.35546875 0.31875 0.1109375 0.10625
0 0.3453125 0.37109375 0.0359375 0.034375
0 0.3265625 0.6390625 0.04375 0.040625
0 0.01328125 0.58671875 0.0265625 0.0390625
0 0.2171875 0.67578125 0.0265625 0.0265625
0 0.1421875 0.4828125 0.0328125 0.03125
0 0.16015625 0.5328125 0.0359375 0.034375
0 0.35546875 0.5421875 0.0265625 0.0234375
0 0.40625 0.60703125 0.0296875 0.0265625
0 0.33203125 0.609375 0.0265625 0.0265625
0 0.36171875 0.63125 0.0328125 0.03125
0 0.1390625 0.6453125 0.0359375 0.034375
0 0.15859375 0.78359375 0.0265625 0.0265625
0 0.615625 0.4703125 0.0703125 0.065625
0 0.65234375 0.28125 0.0765625 0.075
0 0.63203125 0.06640625 0.2265625 0.1328125
0 0.7703125 0.02265625 0.0546875 0.0453125
0 0.60546875 0.12265625 0.275 0.2453125
0 0.4375 0.02890625 0.0453125 0.04375
0 0.3703125 0.0171875 0.0484375 0.034375
0 0.3546875 0.0515625 0.065625 0.0625
0 0.3859375 0.125 0.071875 0.0671875
0 0.4265625 0.08984375 0.0359375 0.034375
0 0.46640625 0.03984375 0.1140625 0.0796875
0 0.4265625 0.13203125 0.0265625 0.025
0 0.421875 0.18125 0.084375 0.0796875
0 0.328125 0.1921875 0.0359375 0.0328125
0 0.3890625 0.2515625 0.03125 0.0296875
0 0.29296875 0.21171875 0.165625 0.15625
0 0.2234375 0.1453125 0.053125 0.0515625
0 0.19140625 0.1046875 0.0453125 0.04375
0 0.19453125 0.071875 0.0265625 0.025
0 0.3078125 0.02890625 0.0390625 0.0359375
0 0.30546875 0.078125 0.0296875 0.0265625
0 0.5109375 0.240625 0.0359375 0.034375
0 0.56875 0.2328125 0.0359375 0.0359375
0 0.5375 0.2859375 0.05625 0.0515625
0 0.01171875 0.3046875 0.0234375 0.028125
0 0.64375 0.01171875 0.0375 0.0234375
0 0.8421875 0.21640625 0.0265625 0.0265625
0 0.95078125 0.2953125 0.0984375 0.09375
0 0.7765625 0.321875 0.0265625 0.0234375
0 0.77734375 0.296875 0.0296875 0.0265625
0 0.82421875 0.31875 0.05625 0.053125
0 0.83203125 0.2671875 0.0390625 0.0359375
0 0.728125 0.2171875 0.0515625 0.0453125
0 0.78515625 0.134375 0.034375 0.03125
0 0.80078125 0.115625 0.0359375 0.034375
0 0.80546875 0.196875 0.0359375 0.034375
0 0.85 0.134375 0.0671875 0.0625
0 0.9640625 0.44921875 0.0625 0.0609375
0 0.8125 0.58984375 0.040625 0.0390625
0 0.94140625 0.1265625 0.0578125 0.05625
0 0.9078125 0.2046875 0.0390625 0.0359375
0 0.9390625 0.0453125 0.1 0.090625
0 0.87265625 0.03984375 0.0453125 0.04375