0 0.4421875 0.17890625 0.378125 0.2953125
0 0.00234375 0.00234375 0.0015625 0.0015625
0 0.71875 0.81953125 0.3890625 0.3015625
0 0.11875 0.03359375 0.1078125 0.0671875
0 0.34765625 0.80859375 0.0484375 0.0359375
0 0.1703125 0.83046875 0.0359375 0.0265625
0 0.3765625 0.98984375 0.034375 0.0203125
0 0.54453125 0.94609375 0.03125 0.025
0 0.46015625 0.69375 0.0484375 0.0359375
0 0.43359375 0.35234375 0.034375 0.0265625
0 0.14453125 0.32421875 0.1296875 0.1015625
0 0.18046875 0.28828125 0.1453125 0.1140625
0 0.29453125 0.45703125 0.1140625 0.0875
0 0.8296875 0.1453125 0.03125 0.025
0 0.89296875 0.321875 0.03125 0.0234375
0 0.7078125 0.3078125 0.040625 0.03125
0 0.90390625 0.5328125 0.03125 0.025
0 0.86640625 0.68984375 0.1296875 0.1015625
0 0.296875 0.015625 0.0359375 0.0296875