0 0.00078125 0.00234375 0.0015625 0.0015625
0 0.85546875 0.7546875 0.2046875 0.1640625
0 0.296875 0.421875 0.228125 0.1828125
0 0.85234375 0.0171875 0.0609375 0.034375
0 0.7796875 0.078125 0.0390625 0.03125
0 0.65390625 0.06640625 0.2046875 0.1328125
0 0.884375 0.15859375 0.0515625 0.040625
0 0.82421875 0.14921875 0.0453125 0.0375
0 0.9234375 0.13125 0.0453125 0.0359375
0 0.7484375 0.36171875 0.05625 0.0453125
0 0.86171875 0.36640625 0.0359375 0.0296875
0 0.8484375 0.4015625 0.04375 0.0359375
0 0.74375 0.41015625 0.05625 0.04375
0 0.31640625 0.37890625 0.0390625 0.03125
0 0.94453125 0.4203125 0.0484375 0.0390625
0 0.88828125 0.47109375 0.0359375 0.0296875
0 0.83046875 0.53125 0.0359375 0.0296875
0 0.86171875 0.5453125 0.034375 0.0265625
0 0.80390625 0.5484375 0.0390625 0.03125
0 0.7203125 0.46171875 0.0390625 0.03125
0 0.63203125 0.5453125 0.0359375 0.028125
0 0.32578125 0.5203125 0.040625 0.03125
0 0.89296875 0.60703125 0.040625 0.034375
0 0.77265625 0.5984375 0.0390625 0.03125
0 0.65859375 0.6921875 0.053125 0.04375
0 0.7359375 0.834375 0.0359375 0.0296875
0 0.28515625 0.50234375 0.03125 0.025
0 0.16328125 0.87109375 0.0671875 0.053125
0 0.43125 0.271875 0.0359375 0.0296875
0 0.26953125 0.6 0.0453125 0.0359375
0 0.1390625 0.728125 0.0359375 0.028125