0 0.4796875 0.2125 0.8375 0.425
0 0.93984375 0.796875 0.096875 0.071875
0 0.9078125 0.87890625 0.040625 0.03125
0 0.5578125 0.90234375 0.0453125 0.0359375
0 0.52734375 0.9015625 0.0453125 0.0359375
0 0.415625 0.80390625 0.0625 0.0484375
0 0.1625 0.87109375 0.2 0.1546875
0 0.15 0.18125 0.2828125 0.2171875
0 0.24140625 0.31640625 0.1015625 0.0765625
0 0.0203125 0.5765625 0.040625 0.0578125
0 0.646875 0.70703125 0.0765625 0.0578125
0 0.53828125 0.7203125 0.0671875 0.053125
0 0.53984375 0.66015625 0.0453125 0.034375
0 0.40859375 0.5796875 0.0453125 0.0359375
0 0.90390625 0.56875 0.0390625 0.028125
0 0.82421875 0.5796875 0.096875 0.075
0 0.7234375 0.6296875 0.034375 0.0234375
0 0.74375 0.6546875 0.04375 0.034375
0 0.60546875 0.7515625 0.075 0.0578125
0 0.446875 0.6984375 0.0390625 0.028125
0 0.03828125 0.4890625 0.05625 0.04375
0 0.06484375 0.5296875 0.040625 0.03125
0 0.47265625 0.30546875 0.0484375 0.0359375
0 0.4421875 0.609375 0.2 0.1546875
0 0.56953125 0.509375 0.3078125 0.2359375
0 0.84609375 0.4328125 0.2125 0.1609375
0 0.42890625 0.13671875 0.034375 0.0265625
0 0.3796875 0.12734375 0.0390625 0.0296875
0 0.240625 0.12109375 0.04375 0.03125
0 0.96953125 0.14140625 0.0609375 0.0453125
0 0.8859375 0.2484375 0.0359375 0.0296875