0 0.37265625 0.6296875 0.6296875 0.4625
0 0.8765625 0.83671875 0.0578125 0.040625
0 0.92890625 0.58984375 0.05625 0.040625
0 0.890625 0.6984375 0.04375 0.03125
0 0.834375 0.73046875 0.040625 0.0296875
0 0.7609375 0.7703125 0.0515625 0.0359375
0 0.72734375 0.7203125 0.040625 0.03125
0 0.40390625 0.96640625 0.1015625 0.0671875
0 0.1 0.8859375 0.0453125 0.034375
0 0.1078125 0.85078125 0.0453125 0.034375
0 0.15390625 0.73046875 0.0703125 0.0515625
0 0.11640625 0.68984375 0.053125 0.0390625
0 0.16015625 0.615625 0.0796875 0.0578125
0 0.671875 0.603125 0.0875 0.065625
0 0.67890625 0.853125 0.040625 0.03125
0 0.58984375 0.75625 0.0359375 0.0265625
0 0.803125 0.946875 0.0390625 0.0296875
0 0.790625 0.66484375 0.034375 0.0234375
0 0.70703125 0.64296875 0.0359375 0.0265625
0 0.8765625 0.4703125 0.0671875 0.0515625
0 0.21640625 0.90234375 0.0484375 0.0359375
0 0.0359375 0.58203125 0.053125 0.0390625
0 0.353125 0.05859375 0.0484375 0.034375
0 0.396875 0.28828125 0.040625 0.03125
0 0.1265625 0.2046875 0.0453125 0.034375
0 0.078125 0.259375 0.04375 0.03125
0 0.025 0.24296875 0.05 0.0515625
0 0.1546875 0.19140625 0.309375 0.2765625
0 0.2015625 0.3421875 0.115625 0.084375
0 0.73828125 0.4953125 0.1875 0.1375
0 0.90390625 0.359375 0.125 0.0921875
0 0.87890625 0.22578125 0.1078125 0.0796875
0 0.74296875 0.34765625 0.134375 0.0984375
0 0.62265625 0.17890625 0.1328125 0.096875
0 0.69921875 0.86640625 0.28125 0.2078125
0 0.25390625 0.50859375 0.034375 0.0234375
0 0.103125 0.32109375 0.0625 0.0453125
0 0.06953125 0.3734375 0.065625 0.0453125
0 0.89453125 0.28125 0.0875 0.0625