0 0.08203125 0.96640625 0.0875 0.0671875
0 0.1671875 0.9734375 0.0703125 0.053125
0 0.15 0.2703125 0.0328125 0.0265625
0 0.11171875 0.234375 0.2234375 0.2046875
0 0.26953125 0.375 0.040625 0.034375
0 0.38671875 0.4390625 0.053125 0.040625
0 0.515625 0.4390625 0.053125 0.04375
0 0.4265625 0.37734375 0.0859375 0.0703125
0 0.31875 0.47109375 0.1109375 0.0890625
0 0.03359375 0.40625 0.03125 0.025
0 0.31953125 0.5875 0.034375 0.0265625
0 0.24375 0.85 0.0484375 0.0390625
0 0.31875 0.9125 0.0390625 0.03125
0 0.22734375 0.91796875 0.0359375 0.0296875
0 0.63671875 0.73671875 0.04375 0.0359375
0 0.540625 0.76953125 0.1078125 0.0875
0 0.9359375 0.95546875 0.0703125 0.0578125
0 0.95546875 0.9828125 0.0390625 0.03125
0 0.68515625 0.859375 0.034375 0.0265625
0 0.546875 0.8609375 0.03125 0.0265625
0 0.63203125 0.64921875 0.0671875 0.0546875
0 0.6296875 0.60234375 0.0546875 0.04375
0 0.625 0.6 0.15 0.1203125
0 0.6390625 0.5140625 0.034375 0.0265625
0 0.609375 0.73046875 0.146875 0.11875
0 0.40234375 0.6921875 0.05625 0.0453125
0 0.46015625 0.7609375 0.0453125 0.0390625
0 0.1671875 0.7234375 0.0328125 0.028125
0 0.4234375 0.32109375 0.0984375 0.0796875
0 0.5578125 0.3609375 0.115625 0.09375
0 0.765625 0.36171875 0.03125 0.0234375
0 0.9234375 0.33984375 0.084375 0.0671875
0 0.796875 0.5765625 0.2765625 0.2234375
0 0.9515625 0.62109375 0.0359375 0.0296875
0 0.9578125 0.57578125 0.084375 0.0703125
0 0.0953125 0.91796875 0.03125 0.0265625
0 0.1 0.82109375 0.0359375 0.0296875
0 0.90234375 0.80390625 0.0453125 0.0359375
0 0.75625 0.7859375 0.2 0.1640625
0 0.94609375 0.2453125 0.084375 0.0671875
0 0.21640625 0.13359375 0.0359375 0.0296875
0 0.07578125 0.0375 0.0390625 0.03125