0 0.9703125 0.803125 0.0484375 0.0390625
0 0.59609375 0.859375 0.0890625 0.071875
0 0.72734375 0.78984375 0.034375 0.0265625
0 0.775 0.740625 0.03125 0.0265625
0 0.9328125 0.71640625 0.0578125 0.0453125
0 0.85 0.78359375 0.0578125 0.0453125
0 0.8140625 0.77265625 0.040625 0.03125
0 0.50859375 0.6765625 0.0359375 0.028125
0 0.36640625 0.79453125 0.0453125 0.0359375
0 0.48203125 0.8703125 0.0765625 0.0625
0 0.396875 0.86171875 0.0390625 0.03125
0 0.2359375 0.87265625 0.05625 0.04375
0 0.13671875 0.87734375 0.0515625 0.040625
0 0.1109375 0.69453125 0.0359375 0.028125
0 0.08203125 0.6234375 0.034375 0.028125
0 0.33984375 0.7921875 0.4109375 0.3296875
0 0.3703125 0.61328125 0.084375 0.0671875
0 0.27890625 0.0609375 0.1609375 0.121875
0 0.134375 0.32421875 0.04375 0.034375
0 0.4625 0.08515625 0.0390625 0.0296875
0 0.60703125 0.27734375 0.0359375 0.0296875
0 0.4109375 0.3609375 0.034375 0.0265625
0 0.0484375 0.1453125 0.040625 0.03125
0 0.86796875 0.03125 0.034375 0.0265625
0 0.828125 0.04296875 0.0453125 0.0359375
0 0.8421875 0.09375 0.040625 0.034375
0 0.7359375 0.1921875 0.0359375 0.0296875
0 0.74765625 0.209375 0.03125 0.025
0 0.68359375 0.4578125 0.071875 0.0578125
0 0.93359375 0.35078125 0.05625 0.04375
0 0.9359375 0.4421875 0.0765625 0.0609375
0 0.5921875 0.5171875 0.090625 0.071875
0 0.5109375 0.50390625 0.03125 0.025
0 0.83515625 0.24765625 0.0578125 0.0453125
0 0.8765625 0.521875 0.0484375 0.0390625
0 0.88671875 0.475 0.065625 0.053125
0 0.740625 0.53515625 0.059375 0.0484375
0 0.66484375 0.5734375 0.0859375 0.0703125
0 0.00234375 0.00234375 0.0015625 0.0015625