0 0.0421875 0.88671875 0.0296875 0.0296875
0 0.08515625 0.9265625 0.053125 0.053125
0 0.50390625 0.9796875 0.0296875 0.0296875
0 0.3609375 0.82421875 0.0671875 0.0671875
0 0.0640625 0.821875 0.0984375 0.0984375
0 0.04453125 0.76171875 0.0296875 0.0296875
0 0.17890625 0.678125 0.09375 0.09375
0 0.1625 0.75234375 0.071875 0.071875
0 0.1578125 0.8140625 0.03125 0.03125
0 0.225 0.60546875 0.03125 0.03125
0 0.10234375 0.5265625 0.04375 0.04375
0 0.0875 0.49296875 0.0515625 0.0515625
0 0.0578125 0.66328125 0.0484375 0.0484375
0 0.01953125 0.60703125 0.0265625 0.0265625
0 0.06640625 0.49609375 0.1328125 0.196875
0 0.22265625 0.4203125 0.065625 0.065625
0 0.7296875 0.78359375 0.0546875 0.05625
0 0.71875 0.82578125 0.053125 0.0515625
0 0.71875 0.8640625 0.196875 0.196875
0 0.51171875 0.7359375 0.259375 0.2578125
0 0.328125 0.70703125 0.1015625 0.1015625
0 0.38359375 0.4390625 0.0390625 0.0390625
0 0.3953125 0.48828125 0.0890625 0.0875
0 0.71875 0.490625 0.0828125 0.0828125
0 0.65859375 0.4234375 0.0359375 0.034375
0 0.8484375 0.40859375 0.034375 0.03125
0 0.55625 0.4546875 0.034375 0.034375
0 0.92421875 0.978125 0.0390625 0.0390625
0 0.88359375 0.70703125 0.03125 0.03125
0 0.828125 0.75234375 0.0296875 0.028125
0 0.80078125 0.76953125 0.0265625 0.0265625
0 0.75703125 0.725 0.0265625 0.025
0 0.6859375 0.71484375 0.053125 0.053125
0 0.66015625 0.75859375 0.0296875 0.028125
0 0.65234375 0.7234375 0.0265625 0.0234375
0 0.82421875 0.1390625 0.0265625 0.0265625
0 0.678125 0.1078125 0.028125 0.028125
0 0.61640625 0.2453125 0.0453125 0.0453125
0 0.24609375 0.5640625 0.0296875 0.028125
0 0.22109375 0.32109375 0.0296875 0.0296875
0 0.3109375 0.3765625 0.03125 0.03125
0 0.228125 0.0515625 0.0265625 0.0265625
0 0.08515625 0.06875 0.0390625 0.0375
0 0.59765625 0.17421875 0.034375 0.0328125
0 0.1859375 0.1140625 0.103125 0.103125
0 0.05078125 0.10078125 0.096875 0.096875