0 0.696875 0.74140625 0.525 0.4953125
0 0.93984375 0.02890625 0.0625 0.0578125
0 0.1546875 0.06640625 0.0265625 0.025
0 0.26796875 0.2171875 0.0484375 0.0453125
0 0.33046875 0.33515625 0.040625 0.0390625
0 0.40625 0.34375 0.040625 0.0390625
0 0.56640625 0.36875 0.0796875 0.0765625
0 0.54296875 0.40625 0.0265625 0.025
0 0.5671875 0.328125 0.0359375 0.034375
0 0.58984375 0.50703125 0.04375 0.040625
0 0.3140625 0.43359375 0.18125 0.1703125
0 0.0796875 0.44921875 0.0484375 0.0453125
0 0.15859375 0.2296875 0.0625 0.0578125
0 0.0296875 0.01953125 0.03125 0.0296875
0 0.2203125 0.4953125 0.0390625 0.0359375
0 0.1109375 0.5640625 0.0390625 0.0359375
0 0.5328125 0.16015625 0.0390625 0.0359375
0 0.5484375 0.2484375 0.03125 0.0296875
0 0.64296875 0.2671875 0.0359375 0.0359375
0 0.61796875 0.2515625 0.0390625 0.0359375
0 0.63125 0.38125 0.03125 0.03125
0 0.49140625 0.4484375 0.0484375 0.0453125
0 0.87734375 0.2609375 0.03125 0.0296875
0 0.84140625 0.18359375 0.0359375 0.034375
0 0.890625 0.2171875 0.0359375 0.034375
0 0.9109375 0.1140625 0.0296875 0.0265625
0 0.98046875 0.165625 0.0265625 0.025
0 0.953125 0.21640625 0.0265625 0.025
0 0.8703125 0.1515625 0.0296875 0.0265625
0 0.5765625 0.14296875 0.0515625 0.0484375
0 0.8078125 0.52265625 0.0453125 0.04375
0 0.85703125 0.36640625 0.053125 0.0515625
0 0.97265625 0.77890625 0.0265625 0.0265625
0 0.85 0.71015625 0.0359375 0.034375
0 0.8109375 0.640625 0.0453125 0.04375
0 0.9890625 0.759375 0.021875 0.025
0 0.4734375 0.9578125 0.053125 0.0515625
0 0.9734375 0.9015625 0.034375 0.034375
0 0.475 0.81015625 0.1390625 0.1296875
0 0.375 0.94140625 0.10625 0.0984375
0 0.2203125 0.9125 0.034375 0.03125
0 0.1859375 0.93125 0.0265625 0.025
0 0.20078125 0.9515625 0.03125 0.0296875
0 0.0640625 0.928125 0.0453125 0.04375
0 0.27265625 0.7015625 0.075 0.0703125
0 0.2296875 0.9578125 0.0265625 0.0265625
0 0.2609375 0.97734375 0.0265625 0.025
0 0.021875 0.84765625 0.04375 0.053125