0 0.0015625 0.0015625 0.003125 0.003125
0 0.02265625 0.8421875 0.0453125 0.040625
0 0.07421875 0.859375 0.0296875 0.025
0 0.0640625 0.646875 0.128125 0.1078125
0 0.209375 0.6921875 0.0453125 0.0359375
0 0.2453125 0.69609375 0.065625 0.053125
0 0.17421875 0.78828125 0.0296875 0.0234375
0 0.3765625 0.5609375 0.0703125 0.0578125
0 0.43359375 0.4265625 0.0359375 0.0296875
0 0.1828125 0.5953125 0.075 0.0625
0 0.57109375 0.66796875 0.0453125 0.0390625
0 0.02265625 0.0109375 0.0390625 0.021875
0 0.13828125 0.3265625 0.178125 0.146875
0 0.4046875 0.15625 0.034375 0.0265625
0 0.50234375 0.0265625 0.071875 0.053125
0 0.35078125 0.05859375 0.0703125 0.0578125
0 0.2203125 0.08203125 0.065625 0.053125
0 0.6671875 0.2953125 0.03125 0.0265625
0 0.7171875 0.36640625 0.028125 0.0234375
0 0.859375 0.35703125 0.0359375 0.0296875
0 0.8265625 0.94609375 0.1421875 0.1078125
0 0.7390625 0.8484375 0.03125 0.0265625
0 0.61171875 0.9515625 0.034375 0.0265625
0 0.2984375 0.5765625 0.0640625 0.053125
0 0.3734375 0.01796875 0.0578125 0.0359375