0 0.74140625 0.50859375 0.028125 0.0296875
0 0.65625 0.67890625 0.0296875 0.028125
0 0.6078125 0.88125 0.05625 0.05625
0 0.5640625 0.90625 0.04375 0.04375
0 0.50859375 0.59140625 0.04375 0.04375
0 0.48671875 0.5265625 0.0265625 0.0265625
0 0.45703125 0.54921875 0.03125 0.03125
0 0.0109375 0.13203125 0.021875 0.0265625
0 0.09375 0.10234375 0.040625 0.040625
0 0.421875 0.040625 0.034375 0.03125
0 0.63125 0.00859375 0.028125 0.0171875
0 0.57578125 0.00703125 0.025 0.0140625
0 0.76953125 0.15625 0.025 0.025
0 0.88125 0.66015625 0.0625 0.0625
0 0.740625 0.96875 0.0359375 0.0359375
0 0.81875 0.73046875 0.1703125 0.1703125
0 0.81484375 0.30390625 0.025 0.0234375