0 0.21875 0.5734375 0.2859375 0.2796875
0 0.22109375 0.984375 0.040625 0.03125
0 0.2765625 0.77265625 0.0890625 0.0859375
0 0.0984375 0.68984375 0.1765625 0.1703125
0 0.30625 0.68046875 0.0359375 0.0359375
0 0.37890625 0.6609375 0.0484375 0.0453125
0 0.353125 0.67578125 0.0515625 0.0515625
0 0.4828125 0.9578125 0.0828125 0.0796875
0 0.5453125 0.959375 0.0453125 0.0453125
0 0.34375 0.93359375 0.0296875 0.0296875
0 0.4046875 0.76171875 0.1609375 0.15625
0 0.4046875 0.853125 0.134375 0.1328125
0 0.82109375 0.89453125 0.0265625 0.025
0 0.8546875 0.75625 0.0625 0.059375
0 0.80859375 0.73046875 0.0703125 0.0671875
0 0.69609375 0.678125 0.028125 0.028125
0 0.70078125 0.69453125 0.10625 0.1015625
0 0.625 0.734375 0.0921875 0.0875
0 0.5140625 0.7953125 0.0671875 0.065625
0 0.553125 0.8234375 0.0484375 0.0453125
0 0.59765625 0.81640625 0.053125 0.0515625
0 0.78984375 0.80625 0.0390625 0.0390625
0 0.75859375 0.94453125 0.1015625 0.0984375
0 0.8421875 0.9546875 0.0921875 0.0890625
0 0.9125 0.928125 0.0515625 0.0484375
0 0.95546875 0.91953125 0.040625 0.0390625
0 0.97578125 0.9078125 0.03125 0.0296875
0 0.98046875 0.8265625 0.0390625 0.0390625
0 0.89765625 0.8140625 0.0296875 0.028125
0 0.9109375 0.8171875 0.0515625 0.0484375
0 0.95546875 0.87734375 0.0359375 0.0359375
0 0.5265625 0.85 0.0265625 0.0265625
0 0.50859375 0.6265625 0.040625 0.0390625
0 0.5734375 0.5046875 0.0703125 0.0671875
0 0.5875 0.55390625 0.0453125 0.0453125
0 0.65234375 0.5359375 0.0703125 0.0671875
0 0.640625 0.58046875 0.071875 0.0703125
0 0.6390625 0.6359375 0.0671875 0.0671875
0 0.61171875 0.6671875 0.0484375 0.0484375
0 0.55546875 0.7140625 0.0390625 0.0390625
0 0.56953125 0.63359375 0.053125 0.053125
0 0.59609375 0.4578125 0.034375 0.03125
0 0.79296875 0.5296875 0.0796875 0.0765625
0 0.771875 0.62890625 0.0265625 0.0265625
0 0.8609375 0.60078125 0.0265625 0.0234375
0 0.946875 0.61796875 0.04375 0.040625
0 0.90625 0.61875 0.034375 0.034375
0 0.95546875 0.73671875 0.0828125 0.0796875
0 0.89765625 0.6671875 0.075 0.071875
0 0.88203125 0.71484375 0.034375 0.03125
0 0.8453125 0.69453125 0.04375 0.040625
0 0.771875 0.646875 0.1546875 0.15
0 0.58984375 0.42578125 0.0671875 0.065625
0 0.4703125 0.50859375 0.1140625 0.1109375
0 0.38203125 0.4671875 0.0765625 0.075
0 0.45703125 0.3453125 0.0359375 0.0359375
0 0.46640625 0.40859375 0.0671875 0.065625
0 0.4265625 0.4359375 0.0359375 0.0359375
0 0.61328125 0.32109375 0.065625 0.0625
0 0.6625 0.3453125 0.0390625 0.0359375
0 0.65 0.37265625 0.0515625 0.0515625
0 0.50859375 0.3421875 0.065625 0.0625
0 0.46015625 0.303125 0.0578125 0.0546875
0 0.6453125 0.47109375 0.0546875 0.05625
0 0.64921875 0.42578125 0.04375 0.040625
0 0.55078125 0.540625 0.3609375 0.3484375
0 0.49765625 0.1625 0.04375 0.04375
0 0.8015625 0.3796875 0.04375 0.04375
0 0.77734375 0.4859375 0.0703125 0.0671875
0 0.87265625 0.34765625 0.0390625 0.0390625
0 0.8921875 0.3109375 0.034375 0.0328125
0 0.8265625 0.33515625 0.040625 0.040625
0 0.975 0.50703125 0.0296875 0.0296875
0 0.9546875 0.2390625 0.075 0.071875
0 0.703125 0.7671875 0.0453125 0.04375
0 0.75234375 0.740625 0.034375 0.03125
0 0.8484375 0.046875 0.03125 0.03125
0 0.82578125 0.07109375 0.053125 0.053125
0 0.525 0.021875 0.040625 0.0390625
0 0.359375 0.2390625 0.71875 0.478125