0 0.00234375 0.0015625 0.003125 0.003125
0 0.475 0.978125 0.0296875 0.0296875
0 0.27421875 0.22265625 0.040625 0.0390625
0 0.3375 0.37109375 0.0453125 0.04375
0 0.30390625 0.31875 0.0703125 0.0703125
0 0.31640625 0.34375 0.0609375 0.0609375
0 0.3609375 0.3125 0.0359375 0.034375
0 0.15 0.75703125 0.0265625 0.0265625
0 0.03359375 0.3796875 0.053125 0.0515625
0 0.5984375 0.3796875 0.034375 0.034375
0 0.9328125 0.7171875 0.034375 0.034375
0 0.44921875 0.4703125 0.128125 0.125
0 0.46484375 0.40625 0.034375 0.034375
0 0.0203125 0.02421875 0.034375 0.03125
0 0.140625 0.665625 0.0265625 0.0265625
0 0.49765625 0.52890625 0.0625 0.0609375