0 0.87890625 0.6984375 0.0359375 0.0359375
0 0.8703125 0.76953125 0.0265625 0.0265625
0 0.8953125 0.74609375 0.034375 0.03125
0 0.8796875 0.61171875 0.0296875 0.028125
0 0.8140625 0.634375 0.03125 0.03125
0 0.78984375 0.6703125 0.034375 0.034375
0 0.76171875 0.90390625 0.0609375 0.0578125
0 0.70078125 0.9640625 0.0265625 0.0265625
0 0.83671875 0.9640625 0.025 0.025
0 0.79296875 0.9796875 0.0453125 0.040625
0 0.75703125 0.98671875 0.0265625 0.025
0 0.5140625 0.84375 0.10625 0.103125
0 0.44609375 0.7953125 0.03125 0.03125
0 0.4328125 0.86796875 0.0703125 0.0703125
0 0.38828125 0.91484375 0.04375 0.04375
0 0.26328125 0.9421875 0.03125 0.03125
0 0.68125 0.82421875 0.0359375 0.0359375
0 0.6546875 0.85703125 0.034375 0.034375
0 0.72109375 0.81640625 0.028125 0.0296875
0 0.03515625 0.75234375 0.034375 0.03125
0 0.15625 0.69921875 0.0453125 0.04375
0 0.00859375 0.61640625 0.0171875 0.0234375
0 0.05078125 0.6578125 0.1015625 0.1640625
0 0.10546875 0.5671875 0.03125 0.03125
0 0.271875 0.6109375 0.05625 0.053125
0 0.47734375 0.66484375 0.04375 0.04375
0 0.5375 0.7453125 0.05625 0.0546875
0 0.53125 0.6921875 0.0484375 0.0484375
0 0.10546875 0.8859375 0.0453125 0.0453125
0 0.053125 0.4109375 0.03125 0.0296875
0 0.0484375 0.4546875 0.0515625 0.0515625
0 0.0203125 0.415625 0.040625 0.0484375
0 0.03125 0.37265625 0.0265625 0.0234375
0 0.01328125 0.4515625 0.0265625 0.04375
0 0.09140625 0.4734375 0.03125 0.03125
0 0.41484375 0.475 0.1203125 0.11875
0 0.44609375 0.53125 0.034375 0.03125
0 0.46640625 0.603125 0.0609375 0.0578125
0 0.04296875 0.06875 0.025 0.025
0 0.040625 0.25859375 0.0390625 0.0390625
0 0.26171875 0.28828125 0.0265625 0.0234375
0 0.2875 0.47578125 0.0515625 0.0515625
0 0.25234375 0.3296875 0.209375 0.2046875
0 0.915625 0.109375 0.03125 0.03125
0 0.63359375 0.696875 0.034375 0.03125
0 0.6734375 0.7515625 0.034375 0.03125
0 0.38828125 0.56875 0.0640625 0.065625
0 0.359375 0.3859375 0.03125 0.0296875
0 0.41796875 0.9875 0.0265625 0.025