0 0.45078125 0.771875 0.4578125 0.3640625
0 0.9578125 0.946875 0.03125 0.025
0 0.85234375 0.71640625 0.1515625 0.1203125
0 0.90234375 0.83515625 0.1140625 0.090625
0 0.94453125 0.7671875 0.084375 0.0671875
0 0.7390625 0.74375 0.2 0.159375
0 0.67421875 0.9109375 0.0890625 0.071875
0 0.13125 0.88125 0.1078125 0.0875
0 0.946875 0.53828125 0.0359375 0.028125
0 0.8484375 0.5140625 0.0453125 0.0359375
0 0.66015625 0.49296875 0.04375 0.034375
0 0.96484375 0.584375 0.034375 0.0265625
0 0.9796875 0.61171875 0.040625 0.0390625
0 0.94921875 0.6984375 0.040625 0.03125
0 0.91953125 0.65625 0.034375 0.0265625
0 0.15859375 0.765625 0.15 0.11875
0 0.0734375 0.09375 0.146875 0.1875
0 0.09765625 0.3921875 0.1953125 0.2328125
0 0.16328125 0.41796875 0.0328125 0.0265625
0 0.2609375 0.49375 0.034375 0.0265625
0 0.084375 0.525 0.0875 0.0671875
0 0.23828125 0.51328125 0.04375 0.034375
0 0.19375 0.52890625 0.075 0.0609375
0 0.34140625 0.4046875 0.0359375 0.0296875
0 0.33515625 0.34609375 0.15 0.11875
0 0.8765625 0.084375 0.1140625 0.0890625
0 0.8421875 0.259375 0.03125 0.025
0 0.50390625 0.14296875 0.034375 0.0265625
0 0.43359375 0.21875 0.1859375 0.146875
0 0.62890625 0.18125 0.0828125 0.065625