0 0.00234375 0.00234375 0.0046875 0.0046875
0 0.25625 0.96875 0.040625 0.0359375
0 0.53125 0.81640625 0.1140625 0.0984375
0 0.48828125 0.8734375 0.071875 0.0625
0 0.3328125 0.9390625 0.13125 0.115625
0 0.1140625 0.90859375 0.0984375 0.0875
0 0.07578125 0.7984375 0.1515625 0.2078125
0 0.2125 0.71640625 0.0484375 0.04375
0 0.30546875 0.7546875 0.0390625 0.034375
0 0.33984375 0.7796875 0.053125 0.0453125
0 0.0875 0.36171875 0.09375 0.0828125
0 0.71484375 0.7328125 0.03125 0.0265625
0 0.5515625 0.725 0.0671875 0.059375
0 0.11796875 0.5578125 0.0921875 0.0796875
0 0.18125 0.2546875 0.159375 0.1375
0 0.56875 0.02265625 0.034375 0.0296875