0 0.0421875 0.33046875 0.0390625 0.0390625
0 0.040625 0.3859375 0.034375 0.034375
0 0.15625 0.27890625 0.0609375 0.0578125
0 0.1296875 0.24765625 0.0296875 0.0296875
0 0.08046875 0.0515625 0.03125 0.03125
0 0.0421875 0.03359375 0.0765625 0.0671875
0 0.1359375 0.078125 0.034375 0.03125
0 0.1765625 0.1921875 0.04375 0.040625
0 0.21015625 0.26171875 0.05625 0.053125
0 0.275 0.228125 0.04375 0.04375
0 0.35546875 0.19921875 0.053125 0.0515625
0 0.296875 0.37890625 0.0265625 0.0265625
0 0.353125 0.11796875 0.0328125 0.03125
0 0.303125 0.12734375 0.0359375 0.0359375
0 0.47265625 0.22265625 0.0296875 0.0265625
0 0.56484375 0.053125 0.03125 0.03125
0 0.6078125 0.04296875 0.075 0.071875
0 0.43046875 0.203125 0.0578125 0.05625
0 0.50234375 0.1734375 0.034375 0.0328125
0 0.91484375 0.83984375 0.071875 0.0671875
0 0.9046875 0.77421875 0.0578125 0.05625
0 0.821875 0.83046875 0.0828125 0.0796875
0 0.6890625 0.9046875 0.0578125 0.05625
0 0.62265625 0.8609375 0.04375 0.040625
0 0.59609375 0.8859375 0.034375 0.03125
0 0.97734375 0.96875 0.0453125 0.04375
0 0.9625 0.92578125 0.0359375 0.0359375
0 0.803125 0.9640625 0.0296875 0.0265625
0 0.8296875 0.3890625 0.0265625 0.0265625
0 0.00234375 0.00078125 0.0015625 0.0015625
0 0.55390625 0.5921875 0.0390625 0.0390625
0 0.50390625 0.63671875 0.04375 0.040625
0 0.50234375 0.72734375 0.0390625 0.0359375
0 0.584375 0.7703125 0.0765625 0.075
0 0.490625 0.5296875 0.0265625 0.0265625
0 0.43046875 0.45546875 0.0671875 0.065625
0 0.23828125 0.52890625 0.0296875 0.028125
0 0.11171875 0.4640625 0.0265625 0.025
0 0.62890625 0.30078125 0.0265625 0.0265625
0 0.646875 0.3921875 0.090625 0.0890625
0 0.46640625 0.30546875 0.103125 0.1015625
0 0.296875 0.3125 0.0484375 0.0484375
0 0.24609375 0.0453125 0.0359375 0.0359375
0 0.17578125 0.11640625 0.1609375 0.1546875
0 0.28828125 0.1765625 0.0890625 0.0875
0 0.365625 0.23671875 0.0390625 0.0390625
0 0.1625 0.3421875 0.03125 0.0296875
0 0.3234375 0.228125 0.0484375 0.0484375
0 0.6734375 0.2203125 0.040625 0.0390625
0 0.821875 0.1515625 0.0265625 0.025
0 0.95703125 0.1546875 0.0296875 0.0265625
0 0.87890625 0.21640625 0.0265625 0.0265625
0 0.671875 0.05390625 0.0359375 0.034375
0 0.9890625 0.38671875 0.021875 0.025
0 0.57421875 0.69609375 0.025 0.0234375
0 0.896875 0.9578125 0.0765625 0.075
0 0.5359375 0.2984375 0.034375 0.03125
0 0.384375 0.58515625 0.2171875 0.209375
0 0.4703125 0.7296875 0.040625 0.0390625
0 0.4046875 0.62890625 0.0265625 0.0265625
0 0.1453125 0.8921875 0.0265625 0.025