0 0.17578125 0.75703125 0.3515625 0.353125
0 0.3125 0.67421875 0.221875 0.184375
0 0.8109375 0.35703125 0.30625 0.2546875
0 0.5953125 0.375 0.571875 0.4765625
0 0.84375 0.8125 0.0359375 0.0296875
0 0.81015625 0.81640625 0.059375 0.0515625
0 0.8421875 0.90390625 0.03125 0.0265625
0 0.77890625 0.9625 0.096875 0.075
0 0.71640625 0.9109375 0.071875 0.0609375
0 0.6453125 0.80625 0.0703125 0.0578125
0 0.515625 0.81640625 0.10625 0.0890625
0 0.61875 0.984375 0.0390625 0.03125
0 0.428125 0.9109375 0.05625 0.0453125
0 0.45078125 0.86328125 0.05625 0.0484375
0 0.42890625 0.8296875 0.0515625 0.04375
0 0.38125 0.93515625 0.0296875 0.025
0 0.89296875 0.775 0.0453125 0.0390625
0 0.9015625 0.82109375 0.0765625 0.065625
0 0.775 0.75390625 0.053125 0.0453125
0 0.82578125 0.7484375 0.040625 0.0359375
0 0.8421875 0.634375 0.0625 0.053125
0 0.77421875 0.615625 0.03125 0.0265625
0 0.81953125 0.5328125 0.0765625 0.065625
0 0.37890625 0.74765625 0.040625 0.034375
0 0.4109375 0.5953125 0.04375 0.0359375
0 0.41484375 0.76328125 0.034375 0.0265625
0 0.08671875 0.9703125 0.0578125 0.0484375
0 0.353125 0.82109375 0.1453125 0.1203125
0 0.42421875 0.759375 0.0765625 0.065625
0 0.3078125 0.6578125 0.034375 0.0265625
0 0.17578125 0.62265625 0.0984375 0.084375
0 0.30390625 0.53359375 0.053125 0.04375
0 0.53125 0.67578125 0.034375 0.0296875
0 0.23046875 0.10546875 0.040625 0.034375
0 0.16484375 0.08515625 0.03125 0.0265625
0 0.2546875 0.0515625 0.0359375 0.03125
0 0.01171875 0.39140625 0.0234375 0.0234375
0 0.0171875 0.4859375 0.034375 0.0359375
0 0.14296875 0.5171875 0.03125 0.0265625
0 0.1 0.4328125 0.028125 0.025
0 0.20546875 0.3109375 0.0515625 0.040625
0 0.1109375 0.36875 0.05625 0.0453125
0 0.0921875 0.33671875 0.0375 0.03125
0 0.29453125 0.44453125 0.0359375 0.03125
0 0.49140625 0.44453125 0.0484375 0.0390625
0 0.65625 0.275 0.0296875 0.0234375
0 0.4515625 0.134375 0.1328125 0.1109375
0 0.38359375 0.18046875 0.071875 0.0609375
0 0.28828125 0.3140625 0.1625 0.1375
0 0.09375 0.24375 0.071875 0.0609375
0 0.39375 0.05859375 0.165625 0.1171875
0 0.33671875 0.140625 0.0359375 0.0296875
0 0.25859375 0.09140625 0.05625 0.0453125
0 0.19140625 0.07421875 0.2765625 0.1484375
0 0.71875 0.0875 0.0359375 0.03125
0 0.7671875 0.08984375 0.0359375 0.0296875
0 0.93125 0.09609375 0.0703125 0.0578125
0 0.834375 0.13671875 0.034375 0.0265625
0 0.9421875 0.25625 0.0390625 0.03125
0 0.8765625 0.19453125 0.03125 0.025
0 0.51171875 0.9234375 0.0484375 0.040625