0 0.25390625 0.24140625 0.1953125 0.146875
0 0.0671875 0.140625 0.03125 0.025
0 0.025 0.4859375 0.034375 0.025
0 0.228125 0.13828125 0.03125 0.025
0 0.334375 0.03984375 0.1734375 0.0796875
0 0.59375 0.05078125 0.040625 0.03125
0 0.615625 0.10546875 0.11875 0.0890625
0 0.73671875 0.10546875 0.1328125 0.0984375
0 0.58515625 0.27734375 0.0703125 0.053125
0 0.5515625 0.40859375 0.034375 0.0265625
0 0.50234375 0.5953125 0.04375 0.034375
0 0.92421875 0.6078125 0.0359375 0.0265625
0 0.96875 0.490625 0.0625 0.0484375
0 0.9578125 0.37109375 0.0828125 0.0625
0 0.96484375 0.209375 0.0359375 0.0265625
0 0.86875 0.90390625 0.11875 0.0875
0 0.68125 0.96875 0.0875 0.0625
0 0.19375 0.57578125 0.0328125 0.025