0 0.00234375 0.00234375 0.003125 0.0015625
0 0.19140625 0.96875 0.071875 0.05625
0 0.4390625 0.9890625 0.034375 0.021875
0 0.1703125 0.89453125 0.0984375 0.0765625
0 0.1265625 0.928125 0.0484375 0.0390625
0 0.1234375 0.8390625 0.1296875 0.1015625
0 0.0984375 0.76796875 0.1296875 0.0984375
0 0.21171875 0.68359375 0.0796875 0.0609375
0 0.0734375 0.59765625 0.0796875 0.0609375
0 0.03359375 0.4703125 0.0671875 0.0578125
0 0.05859375 0.5265625 0.0625 0.0484375
0 0.3296875 0.37109375 0.053125 0.040625
0 0.42421875 0.16015625 0.1390625 0.10625
0 0.71171875 0.25234375 0.1515625 0.115625
0 0.9046875 0.23046875 0.0625 0.0484375
0 0.95546875 0.4359375 0.0828125 0.0625
0 0.94375 0.2078125 0.0390625 0.0296875
0 0.63359375 0.38671875 0.1796875 0.1375
0 0.73203125 0.4390625 0.0390625 0.03125
0 0.47734375 0.54296875 0.053125 0.040625
0 0.85078125 0.6828125 0.04375 0.034375
0 0.9390625 0.71875 0.0453125 0.0359375
0 0.80859375 0.7796875 0.0765625 0.0578125
0 0.59375 0.803125 0.0671875 0.0515625
0 0.55546875 0.50625 0.0453125 0.034375
0 0.93046875 0.546875 0.065625 0.0515625
0 0.93515625 0.303125 0.0359375 0.0265625
0 0.8921875 0.0921875 0.084375 0.0625