0 0.43515625 0.9875 0.0328125 0.025
0 0.8765625 0.8375 0.0359375 0.0296875
0 0.76796875 0.82421875 0.05625 0.0453125
0 0.66953125 0.85 0.059375 0.0515625
0 0.51796875 0.97109375 0.0671875 0.0578125
0 0.40234375 0.94921875 0.0703125 0.0609375
0 0.63828125 0.9125 0.040625 0.0359375
0 0.8453125 0.63125 0.0453125 0.0390625
0 0.68984375 0.74375 0.034375 0.028125
0 0.5890625 0.7171875 0.0546875 0.0484375
0 0.55078125 0.66953125 0.103125 0.0875
0 0.49609375 0.72578125 0.0609375 0.0515625
0 0.53984375 0.740625 0.0484375 0.040625
0 0.26953125 0.86171875 0.0453125 0.0390625
0 0.3734375 0.65234375 0.2796875 0.2359375
0 0.50859375 0.78515625 0.0859375 0.071875
0 0.0640625 0.62890625 0.128125 0.16875
0 0.1421875 0.546875 0.0328125 0.0265625
0 0.1609375 0.5890625 0.03125 0.0265625
0 0.13828125 0.69921875 0.09375 0.0796875
0 0.32578125 0.5328125 0.0390625 0.034375
0 0.35546875 0.4984375 0.04375 0.0359375
0 0.2203125 0.484375 0.0453125 0.0390625
0 0.1875 0.45078125 0.034375 0.0265625
0 0.209375 0.553125 0.03125 0.0265625
0 0.2640625 0.0328125 0.040625 0.034375
0 0.196875 0.0453125 0.0703125 0.0578125
0 0.1609375 0.0625 0.0625 0.053125
0 0.1734375 0.209375 0.0328125 0.0296875
0 0.1421875 0.2640625 0.0390625 0.03125
0 0.11328125 0.2859375 0.03125 0.0265625
0 0.13125 0.4640625 0.0765625 0.065625
0 0.3609375 0.24296875 0.0953125 0.0796875
0 0.2703125 0.259375 0.0515625 0.04375
0 0.25859375 0.2828125 0.0390625 0.03125
0 0.33046875 0.36328125 0.04375 0.0359375
0 0.34609375 0.3953125 0.0328125 0.0296875
0 0.43046875 0.375 0.034375 0.0265625
0 0.5046875 0.53828125 0.0359375 0.028125
0 0.4703125 0.3796875 0.0609375 0.0515625
0 0.5171875 0.3953125 0.05625 0.0453125
0 0.34375 0.0671875 0.0359375 0.0296875
0 0.24375 0.084375 0.0359375 0.028125
0 0.22734375 0.10703125 0.03125 0.0265625
0 0.2703125 0.18046875 0.0390625 0.03125
0 0.53125 0.0484375 0.134375 0.096875
0 0.646875 0.05859375 0.040625 0.034375
0 0.446875 0.25390625 0.05625 0.0453125
0 0.571875 0.1828125 0.053125 0.04375
0 0.68359375 0.2234375 0.0703125 0.0578125
0 0.75703125 0.2390625 0.0984375 0.0828125
0 0.709375 0.328125 0.04375 0.0359375
0 0.6515625 0.34609375 0.0484375 0.0390625
0 0.64296875 0.4 0.040625 0.0328125
0 0.740625 0.45546875 0.040625 0.034375
0 0.82421875 0.51171875 0.0609375 0.0515625
0 0.9546875 0.36875 0.0828125 0.0671875
0 0.8421875 0.33984375 0.103125 0.084375
0 0.81953125 0.28515625 0.059375 0.0515625
0 0.74296875 0.30390625 0.0453125 0.0390625
0 0.74296875 0.334375 0.03125 0.0265625
0 0.5046875 0.328125 0.034375 0.0296875
0 0.9015625 0.203125 0.04375 0.0359375
0 0.9578125 0.209375 0.053125 0.04375
0 0.77890625 0.053125 0.115625 0.096875
0 0.4328125 0.1859375 0.11875 0.0984375
0 0.5421875 0.30078125 0.1078125 0.0921875
0 0.31484375 0.30625 0.084375 0.0703125
0 0.38125 0.428125 0.0390625 0.03125
0 0.51328125 0.4421875 0.040625 0.034375
0 0.946875 0.1703125 0.0609375 0.0515625
0 0.9515625 0.26171875 0.065625 0.053125
0 0.7015625 0.178125 0.0625 0.053125
0 0.490625 0.915625 0.1203125 0.1015625