0 0.05546875 0.1078125 0.040625 0.0359375
0 0.15859375 0.2875 0.0703125 0.0625
0 0.06953125 0.43359375 0.0296875 0.0265625
0 0.02265625 0.4734375 0.034375 0.0296875
0 0.021875 0.5609375 0.0328125 0.028125
0 0.09609375 0.6625 0.0359375 0.03125
0 0.31015625 0.084375 0.0921875 0.0828125
0 0.19609375 0.0734375 0.0375 0.034375
0 0.13125 0.01796875 0.0265625 0.025
0 0.21015625 0.209375 0.05625 0.0484375
0 0.27265625 0.18046875 0.053125 0.0484375
0 0.38671875 0.196875 0.04375 0.0390625
0 0.40234375 0.2703125 0.0390625 0.034375
0 0.4015625 0.23046875 0.0515625 0.0453125
0 0.67890625 0.6421875 0.0453125 0.040625
0 0.55625 0.22578125 0.1015625 0.0890625
0 0.96796875 0.01171875 0.0296875 0.0234375
0 0.8140625 0.55625 0.034375 0.028125
0 0.303125 0.8296875 0.03125 0.0296875
0 0.3140625 0.85234375 0.040625 0.034375
0 0.41484375 0.975 0.04375 0.0359375
0 0.1078125 0.7640625 0.0375 0.034375
0 0.06953125 0.8265625 0.0390625 0.034375