0 0.83671875 0.05625 0.1515625 0.1125
0 0.62734375 0.02265625 0.0359375 0.0296875
0 0.61875 0.10078125 0.0703125 0.0546875
0 0.64921875 0.078125 0.0859375 0.0703125
0 0.66484375 0.26328125 0.075 0.0609375
0 0.7203125 0.2515625 0.0515625 0.040625
0 0.828125 0.303125 0.03125 0.0265625
0 0.0765625 0.0734375 0.053125 0.04375
0 0.11875 0.071875 0.0359375 0.028125
0 0.15234375 0.05859375 0.0390625 0.03125
0 0.165625 0.08515625 0.04375 0.0359375
0 0.1921875 0.04453125 0.0375 0.03125
0 0.16015625 0.13359375 0.053125 0.040625
0 0.24375 0.2296875 0.04375 0.0359375
0 0.06484375 0.25625 0.0359375 0.0296875
0 0.50703125 0.08984375 0.0359375 0.0296875
0 0.071875 0.9625 0.103125 0.075
0 0.2859375 0.96640625 0.0390625 0.0296875
0 0.06015625 0.64453125 0.1203125 0.1734375
0 0.22734375 0.41328125 0.04375 0.034375
0 0.06953125 0.4421875 0.034375 0.0265625
0 0.2453125 0.61328125 0.053125 0.04375
0 0.30546875 0.6203125 0.04375 0.034375
0 0.2203125 0.6875 0.0703125 0.05625
0 0.34140625 0.94609375 0.0390625 0.0296875
0 0.43046875 0.9265625 0.115625 0.0921875
0 0.66328125 0.97109375 0.059375 0.0484375
0 0.7515625 0.86640625 0.0515625 0.040625
0 0.76953125 0.9421875 0.034375 0.0265625
0 0.5765625 0.77734375 0.03125 0.025
0 0.48203125 0.7484375 0.0484375 0.0359375
0 0.3546875 0.7328125 0.03125 0.025
0 0.1765625 0.834375 0.0328125 0.0265625
0 0.45078125 0.4953125 0.0359375 0.0296875
0 0.4671875 0.5109375 0.034375 0.0265625
0 0.521875 0.6828125 0.04375 0.034375
0 0.21015625 0.765625 0.05625 0.04375
0 0.56640625 0.475 0.0453125 0.0359375
0 0.61796875 0.56875 0.0828125 0.065625
0 0.70546875 0.56953125 0.04375 0.034375
0 0.94375 0.78359375 0.0671875 0.053125
0 0.9125 0.7359375 0.04375 0.034375
0 0.21640625 0.80625 0.065625 0.0515625
0 0.63203125 0.4078125 0.0703125 0.0546875
0 0.91484375 0.44921875 0.0671875 0.053125
0 0.7546875 0.6203125 0.1515625 0.1203125
0 0.92578125 0.8921875 0.0359375 0.0296875