0 0.02265625 0.7359375 0.0453125 0.04375
0 0.03515625 0.8125 0.0296875 0.0265625
0 0.92578125 0.9625 0.03125 0.0296875
0 0.77421875 0.0109375 0.0265625 0.021875
0 0.290625 0.084375 0.03125 0.028125
0 0.359375 0.22578125 0.0296875 0.0265625
0 0.6546875 0.1578125 0.0265625 0.025
0 0.2203125 0.05546875 0.0265625 0.025
0 0.421875 0.665625 0.0296875 0.0265625
0 0.3734375 0.35078125 0.040625 0.0359375
0 0.27734375 0.3328125 0.04375 0.040625
0 0.040625 0.1859375 0.034375 0.03125
0 0.071875 0.271875 0.028125 0.0265625
0 0.02421875 0.29921875 0.034375 0.03125
0 0.1109375 0.32109375 0.0265625 0.0265625
0 0.04453125 0.34375 0.0296875 0.0265625
0 0.7140625 0.7671875 0.165625 0.153125
0 0.8765625 0.06484375 0.0296875 0.0265625
0 0.74296875 0.6234375 0.028125 0.0265625
0 0.0109375 0.1359375 0.021875 0.0296875